source_table,analysis_row_kind,ray_gap_regime,usable_for_ray_gap_distribution,timestamp,experiment_record_id,experiment_family,dataset,projection_mode,point_id,distance_group,distance_order,base_condition_id,angle_group,angle_order,shot2_angle_deg,shot3_angle_m3_m1_deg,shot3_angle_m3_m2_deg,testpoint_x,testpoint_y,testpoint_z,testpoint_marker_distance_mean_mm,noise_type,noise_sigma_px,repeat_index,success_flag,is_clean_baseline,tre_mm_raw,re_px_raw,ray_gap_mm_raw,marker_sort_rms,calibration_reproj_rms,markers_sorted,perspective_calibration_ready
experiment_results.csv,baseline_reference,snapped_zero_gap,0,2026-03-21T08:50:52+08:00,20260321_085052_694274,standard_reconstruction,CTChest,perspective,tp_-13.70_90.66_-182.12,Near,1,CTChest__perspective__tp_-13.70_90.66_-182.12__shot2_16.17__shot3m3m1_0.40__shot3m3m2_15.89,Low,1,16.17,0.4,15.89,-13.69535542,90.66418457,-182.1198578,48.61208144,baseline,0.0,1,1,1,0.16,0.08,0.0,0.0547960796666666,0.052030442,1,1
experiment_results.csv,baseline_reference,snapped_zero_gap,0,2026-03-21T08:52:34+08:00,20260321_085234_430076,standard_reconstruction,CTChest,perspective,tp_-13.70_90.66_-182.12,Near,1,CTChest__perspective__tp_-13.70_90.66_-182.12__shot2_16.17__shot3m3m1_0.40__shot3m3m2_15.89,Low,1,16.17,0.4,15.89,-13.69535542,90.66418457,-182.1198578,48.61208144,baseline,0.0,2,1,1,0.05,0.11,0.0,0.0627142596666666,0.0619220863333333,1,1
experiment_results.csv,baseline_reference,snapped_zero_gap,0,2026-03-21T08:53:29+08:00,20260321_085329_983434,standard_reconstruction,CTChest,perspective,tp_-13.70_90.66_-182.12,Near,1,CTChest__perspective__tp_-13.70_90.66_-182.12__shot2_16.17__shot3m3m1_0.40__shot3m3m2_15.89,Low,1,16.17,0.4,15.89,-13.69535542,90.66418457,-182.1198578,48.61208144,baseline,0.0,3,1,1,0.15,0.07,0.0,0.0556408829999999,0.0547831993333333,1,1
experiment_results.csv,baseline_reference,snapped_zero_gap,0,2026-03-21T08:54:08+08:00,20260321_085408_580195,standard_reconstruction,CTChest,perspective,tp_-13.70_90.66_-182.12,Near,1,CTChest__perspective__tp_-13.70_90.66_-182.12__shot2_16.17__shot3m3m1_0.40__shot3m3m2_15.89,Low,1,16.17,0.4,15.89,-13.69535542,90.66418457,-182.1198578,48.61208144,baseline,0.0,4,1,1,0.08,0.1,0.0,0.0680208466666666,0.0673837473333333,1,1
experiment_results.csv,baseline_reference,snapped_zero_gap,0,2026-03-21T08:54:47+08:00,20260321_085447_708168,standard_reconstruction,CTChest,perspective,tp_-13.70_90.66_-182.12,Near,1,CTChest__perspective__tp_-13.70_90.66_-182.12__shot2_16.17__shot3m3m1_0.40__shot3m3m2_15.89,Low,1,16.17,0.4,15.89,-13.69535542,90.66418457,-182.1198578,48.61208144,baseline,0.0,5,1,1,0.06,0.1,0.0,0.0628605836666666,0.0586485816666666,1,1
experiment_results.csv,baseline_reference,snapped_zero_gap,0,2026-03-21T08:13:59+08:00,20260321_081359_091600,standard_reconstruction,CTChest,perspective,tp_-13.70_90.66_-182.12,Near,1,CTChest__perspective__tp_-13.70_90.66_-182.12__shot2_46.99__shot3m3m1_43.10__shot3m3m2_67.87,Medium,2,46.99,43.1,67.87,-13.69535542,90.66418457,-182.1198578,50.92337923,baseline,0.0,1,1,1,0.05,0.08,0.0,0.068147897,0.0669599423333333,1,1
experiment_results.csv,baseline_reference,snapped_zero_gap,0,2026-03-21T08:17:38+08:00,20260321_081738_608592,standard_reconstruction,CTChest,perspective,tp_-13.70_90.66_-182.12,Near,1,CTChest__perspective__tp_-13.70_90.66_-182.12__shot2_46.99__shot3m3m1_43.10__shot3m3m2_67.87,Medium,2,46.99,43.1,67.87,-13.69535542,90.66418457,-182.1198578,50.92337923,baseline,0.0,2,1,1,0.05,0.06,0.0,0.0526605713333333,0.0492373326666666,1,1
experiment_results.csv,baseline_reference,snapped_zero_gap,0,2026-03-21T08:21:07+08:00,20260321_082107_060525,standard_reconstruction,CTChest,perspective,tp_-13.70_90.66_-182.12,Near,1,CTChest__perspective__tp_-13.70_90.66_-182.12__shot2_46.99__shot3m3m1_43.10__shot3m3m2_67.87,Medium,2,46.99,43.1,67.87,-13.69535542,90.66418457,-182.1198578,50.92337923,baseline,0.0,3,1,1,0.06,0.1,0.0,0.071067442,0.0676029423333333,1,1
experiment_results.csv,baseline_reference,snapped_zero_gap,0,2026-03-21T08:22:28+08:00,20260321_082228_939381,standard_reconstruction,CTChest,perspective,tp_-13.70_90.66_-182.12,Near,1,CTChest__perspective__tp_-13.70_90.66_-182.12__shot2_46.99__shot3m3m1_43.10__shot3m3m2_67.87,Medium,2,46.99,43.1,67.87,-13.69535542,90.66418457,-182.1198578,50.92337923,baseline,0.0,4,1,1,0.12,0.21,0.0,0.0619418523333333,0.06004575,1,1
experiment_results.csv,baseline_reference,snapped_zero_gap,0,2026-03-21T08:23:04+08:00,20260321_082304_463118,standard_reconstruction,CTChest,perspective,tp_-13.70_90.66_-182.12,Near,1,CTChest__perspective__tp_-13.70_90.66_-182.12__shot2_46.99__shot3m3m1_43.10__shot3m3m2_67.87,Medium,2,46.99,43.1,67.87,-13.69535542,90.66418457,-182.1198578,50.92337923,baseline,0.0,5,1,1,0.01,0.01,0.0,0.0695987343333333,0.067184353,1,1
experiment_results.csv,baseline_reference,snapped_zero_gap,0,2026-03-21T09:13:24+08:00,20260321_091324_546706,standard_reconstruction,CTChest,perspective,tp_-13.70_90.66_-182.12,Near,1,CTChest__perspective__tp_-13.70_90.66_-182.12__shot2_79.61__shot3m3m1_73.60__shot3m3m2_85.47,High,3,79.61,73.6,85.47,-13.69535542,90.66418457,-182.1198578,54.65451673,baseline,0.0,1,1,1,0.06,0.13,0.0,0.0737918863333333,0.071952873,1,1
experiment_results.csv,baseline_reference,snapped_zero_gap,0,2026-03-21T09:14:03+08:00,20260321_091403_330383,standard_reconstruction,CTChest,perspective,tp_-13.70_90.66_-182.12,Near,1,CTChest__perspective__tp_-13.70_90.66_-182.12__shot2_79.61__shot3m3m1_73.60__shot3m3m2_85.47,High,3,79.61,73.6,85.47,-13.69535542,90.66418457,-182.1198578,54.65451673,baseline,0.0,2,1,1,0.07,0.05,0.0,0.0505859293333333,0.04869294,1,1
experiment_results.csv,baseline_reference,snapped_zero_gap,0,2026-03-21T09:14:51+08:00,20260321_091451_181229,standard_reconstruction,CTChest,perspective,tp_-13.70_90.66_-182.12,Near,1,CTChest__perspective__tp_-13.70_90.66_-182.12__shot2_79.61__shot3m3m1_73.60__shot3m3m2_85.47,High,3,79.61,73.6,85.47,-13.69535542,90.66418457,-182.1198578,54.65451673,baseline,0.0,3,1,1,0.05,0.16,0.0,0.0674419423333333,0.0632505906666666,1,1
experiment_results.csv,baseline_reference,snapped_zero_gap,0,2026-03-21T09:15:33+08:00,20260321_091533_418400,standard_reconstruction,CTChest,perspective,tp_-13.70_90.66_-182.12,Near,1,CTChest__perspective__tp_-13.70_90.66_-182.12__shot2_79.61__shot3m3m1_73.60__shot3m3m2_85.47,High,3,79.61,73.6,85.47,-13.69535542,90.66418457,-182.1198578,54.65451673,baseline,0.0,4,1,1,0.05,0.11,0.0,0.071272028,0.0693087336666666,1,1
experiment_results.csv,baseline_reference,snapped_zero_gap,0,2026-03-21T09:16:13+08:00,20260321_091613_548635,standard_reconstruction,CTChest,perspective,tp_-13.70_90.66_-182.12,Near,1,CTChest__perspective__tp_-13.70_90.66_-182.12__shot2_79.61__shot3m3m1_73.60__shot3m3m2_85.47,High,3,79.61,73.6,85.47,-13.69535542,90.66418457,-182.1198578,54.65451673,baseline,0.0,5,1,1,0.02,0.0,0.0,0.05323526,0.0470603603333333,1,1
experiment_results.csv,baseline_reference,snapped_zero_gap,0,2026-03-21T10:20:56+08:00,20260321_102056_321219,standard_reconstruction,CTChest,perspective,tp_-141.15_-53.01_-92.41,Far,3,CTChest__perspective__tp_-141.15_-53.01_-92.41__shot2_16.17__shot3m3m1_0.40__shot3m3m2_15.89,Low,1,16.17,0.4,15.89,-141.1487427,-53.01185989,-92.40821838,254.4171139,baseline,0.0,1,1,1,0.4,0.36,0.0,0.0575244963333333,0.0562424353333333,1,1
experiment_results.csv,baseline_reference,snapped_zero_gap,0,2026-03-21T10:21:30+08:00,20260321_102130_705767,standard_reconstruction,CTChest,perspective,tp_-141.15_-53.01_-92.41,Far,3,CTChest__perspective__tp_-141.15_-53.01_-92.41__shot2_16.17__shot3m3m1_0.40__shot3m3m2_15.89,Low,1,16.17,0.4,15.89,-141.1487427,-53.01185989,-92.40821838,254.4171139,baseline,0.0,2,1,1,0.39,0.18,0.0,0.062428066,0.0605345013333333,1,1
experiment_results.csv,baseline_reference,snapped_zero_gap,0,2026-03-21T10:22:01+08:00,20260321_102201_893226,standard_reconstruction,CTChest,perspective,tp_-141.15_-53.01_-92.41,Far,3,CTChest__perspective__tp_-141.15_-53.01_-92.41__shot2_16.17__shot3m3m1_0.40__shot3m3m2_15.89,Low,1,16.17,0.4,15.89,-141.1487427,-53.01185989,-92.40821838,254.4171139,baseline,0.0,3,1,1,0.56,0.32,0.0,0.065669725,0.0633526073333333,1,1
experiment_results.csv,baseline_reference,snapped_zero_gap,0,2026-03-21T10:22:38+08:00,20260321_102238_719223,standard_reconstruction,CTChest,perspective,tp_-141.15_-53.01_-92.41,Far,3,CTChest__perspective__tp_-141.15_-53.01_-92.41__shot2_16.17__shot3m3m1_0.40__shot3m3m2_15.89,Low,1,16.17,0.4,15.89,-141.1487427,-53.01185989,-92.40821838,254.4171139,baseline,0.0,4,1,1,0.53,0.13,0.0,0.0583408356666666,0.0569021939999999,1,1
experiment_results.csv,baseline_reference,snapped_zero_gap,0,2026-03-21T10:25:24+08:00,20260321_102524_456282,standard_reconstruction,CTChest,perspective,tp_-141.15_-53.01_-92.41,Far,3,CTChest__perspective__tp_-141.15_-53.01_-92.41__shot2_16.17__shot3m3m1_0.40__shot3m3m2_15.89,Low,1,16.17,0.4,15.89,-141.1487427,-53.01185989,-92.40821838,254.4171139,baseline,0.0,5,1,1,0.89,0.14,0.0,0.0411373803333333,0.039637557,1,1
experiment_results.csv,baseline_reference,snapped_zero_gap,0,2026-03-21T10:26:03+08:00,20260321_102603_115528,standard_reconstruction,CTChest,perspective,tp_-141.15_-53.01_-92.41,Far,3,CTChest__perspective__tp_-141.15_-53.01_-92.41__shot2_16.17__shot3m3m1_0.40__shot3m3m2_15.89,Low,1,16.17,0.4,15.89,-141.1487427,-53.01185989,-92.40821838,254.4171139,baseline,0.0,6,1,1,0.14,0.37,0.0,0.056624937,0.0542395586666666,1,1
experiment_results.csv,baseline_reference,snapped_zero_gap,0,2026-03-21T10:26:51+08:00,20260321_102651_634285,standard_reconstruction,CTChest,perspective,tp_-141.15_-53.01_-92.41,Far,3,CTChest__perspective__tp_-141.15_-53.01_-92.41__shot2_16.17__shot3m3m1_0.40__shot3m3m2_15.89,Low,1,16.17,0.4,15.89,-141.1487427,-53.01185989,-92.40821838,254.4171139,baseline,0.0,7,1,1,0.47,0.46,0.0,0.0585447596666666,0.0540493306666666,1,1
experiment_results.csv,baseline_reference,snapped_zero_gap,0,2026-03-21T10:34:27+08:00,20260321_103427_337422,standard_reconstruction,CTChest,perspective,tp_-141.15_-53.01_-92.41,Far,3,CTChest__perspective__tp_-141.15_-53.01_-92.41__shot2_46.99__shot3m3m1_43.10__shot3m3m2_67.87,Medium,2,46.99,43.1,67.87,-141.149,-53.012,-92.40821838,257.4580015,baseline,0.0,1,1,1,0.24,0.26,0.0,0.0652820276666666,0.0635765226666666,1,1
experiment_results.csv,baseline_reference,snapped_zero_gap,0,2026-03-21T10:35:16+08:00,20260321_103516_275030,standard_reconstruction,CTChest,perspective,tp_-141.15_-53.01_-92.41,Far,3,CTChest__perspective__tp_-141.15_-53.01_-92.41__shot2_46.99__shot3m3m1_43.10__shot3m3m2_67.87,Medium,2,46.99,43.1,67.87,-141.149,-53.012,-92.40821838,257.4580015,baseline,0.0,2,1,1,0.25,0.24,0.0,0.0584912686666666,0.0545293363333333,1,1
experiment_results.csv,baseline_reference,snapped_zero_gap,0,2026-03-21T10:35:55+08:00,20260321_103555_454200,standard_reconstruction,CTChest,perspective,tp_-141.15_-53.01_-92.41,Far,3,CTChest__perspective__tp_-141.15_-53.01_-92.41__shot2_46.99__shot3m3m1_43.10__shot3m3m2_67.87,Medium,2,46.99,43.1,67.87,-141.149,-53.012,-92.40821838,257.4580015,baseline,0.0,3,1,1,0.16,0.08,0.0,0.0647742946666666,0.0628914216666666,1,1
experiment_results.csv,baseline_reference,snapped_zero_gap,0,2026-03-21T10:36:46+08:00,20260321_103646_449904,standard_reconstruction,CTChest,perspective,tp_-141.15_-53.01_-92.41,Far,3,CTChest__perspective__tp_-141.15_-53.01_-92.41__shot2_46.99__shot3m3m1_43.10__shot3m3m2_67.87,Medium,2,46.99,43.1,67.87,-141.149,-53.012,-92.40821838,257.4580015,baseline,0.0,4,1,1,0.35,0.06,0.0,0.065271682,0.0623742506666666,1,1
experiment_results.csv,baseline_reference,snapped_zero_gap,0,2026-03-21T10:37:26+08:00,20260321_103726_218534,standard_reconstruction,CTChest,perspective,tp_-141.15_-53.01_-92.41,Far,3,CTChest__perspective__tp_-141.15_-53.01_-92.41__shot2_46.99__shot3m3m1_43.10__shot3m3m2_67.87,Medium,2,46.99,43.1,67.87,-141.149,-53.012,-92.40821838,257.4580015,baseline,0.0,5,1,1,0.29,0.12,0.0,0.0597951503333333,0.0571932953333333,1,1
experiment_results.csv,baseline_reference,snapped_zero_gap,0,2026-03-21T10:38:07+08:00,20260321_103807_943441,standard_reconstruction,CTChest,perspective,tp_-141.15_-53.01_-92.41,Far,3,CTChest__perspective__tp_-141.15_-53.01_-92.41__shot2_46.99__shot3m3m1_43.10__shot3m3m2_67.87,Medium,2,46.99,43.1,67.87,-141.149,-53.012,-92.40821838,257.4580015,baseline,0.0,6,1,1,0.35,0.64,0.0,0.0644281496666666,0.0616883923333333,1,1
experiment_results.csv,baseline_reference,snapped_zero_gap,0,2026-03-21T10:45:52+08:00,20260321_104552_031686,standard_reconstruction,CTChest,perspective,tp_-141.15_-53.01_-92.41,Far,3,CTChest__perspective__tp_-141.15_-53.01_-92.41__shot2_79.61__shot3m3m1_73.60__shot3m3m2_85.47,High,3,79.61,73.6,85.47,-141.149,-53.012,-92.40821838,261.1160849,baseline,0.0,1,1,1,0.25,0.28,0.0,0.0650068856666666,0.0592400123333333,1,1
experiment_results.csv,baseline_reference,snapped_zero_gap,0,2026-03-21T10:46:37+08:00,20260321_104637_073485,standard_reconstruction,CTChest,perspective,tp_-141.15_-53.01_-92.41,Far,3,CTChest__perspective__tp_-141.15_-53.01_-92.41__shot2_79.61__shot3m3m1_73.60__shot3m3m2_85.47,High,3,79.61,73.6,85.47,-141.149,-53.012,-92.40821838,261.1160849,baseline,0.0,2,1,1,0.09,0.16,0.0,0.0700524833333333,0.0657232523333333,1,1
experiment_results.csv,baseline_reference,snapped_zero_gap,0,2026-03-21T10:47:20+08:00,20260321_104720_103533,standard_reconstruction,CTChest,perspective,tp_-141.15_-53.01_-92.41,Far,3,CTChest__perspective__tp_-141.15_-53.01_-92.41__shot2_79.61__shot3m3m1_73.60__shot3m3m2_85.47,High,3,79.61,73.6,85.47,-141.149,-53.012,-92.40821838,261.1160849,baseline,0.0,3,1,1,0.12,0.15,0.0,0.054551152,0.0528714833333333,1,1
experiment_results.csv,baseline_reference,snapped_zero_gap,0,2026-03-21T10:48:42+08:00,20260321_104842_902164,standard_reconstruction,CTChest,perspective,tp_-141.15_-53.01_-92.41,Far,3,CTChest__perspective__tp_-141.15_-53.01_-92.41__shot2_79.61__shot3m3m1_73.60__shot3m3m2_85.47,High,3,79.61,73.6,85.47,-141.149,-53.012,-92.40821838,261.1160849,baseline,0.0,4,1,1,0.31,0.35,0.0,0.061681714,0.059911388,1,1
experiment_results.csv,baseline_reference,snapped_zero_gap,0,2026-03-21T10:49:29+08:00,20260321_104929_273746,standard_reconstruction,CTChest,perspective,tp_-141.15_-53.01_-92.41,Far,3,CTChest__perspective__tp_-141.15_-53.01_-92.41__shot2_79.61__shot3m3m1_73.60__shot3m3m2_85.47,High,3,79.61,73.6,85.47,-141.149,-53.012,-92.40821838,261.1160849,baseline,0.0,5,1,1,0.39,0.79,0.0,0.0612866713333333,0.05842633,1,1
experiment_results.csv,baseline_reference,snapped_zero_gap,0,2026-03-21T10:50:12+08:00,20260321_105012_539574,standard_reconstruction,CTChest,perspective,tp_-141.15_-53.01_-92.41,Far,3,CTChest__perspective__tp_-141.15_-53.01_-92.41__shot2_79.61__shot3m3m1_73.60__shot3m3m2_85.47,High,3,79.61,73.6,85.47,-141.149,-53.012,-92.40821838,261.1160849,baseline,0.0,6,1,1,0.12,0.16,0.0,0.0574258653333333,0.0548630433333333,1,1
experiment_results.csv,baseline_reference,snapped_zero_gap,0,2026-03-21T10:50:47+08:00,20260321_105047_363582,standard_reconstruction,CTChest,perspective,tp_-141.15_-53.01_-92.41,Far,3,CTChest__perspective__tp_-141.15_-53.01_-92.41__shot2_79.61__shot3m3m1_73.60__shot3m3m2_85.47,High,3,79.61,73.6,85.47,-141.149,-53.012,-92.40821838,261.1160849,baseline,0.0,7,1,1,0.07,0.36,0.0,0.0676368456666666,0.0613532506666666,1,1
experiment_results.csv,baseline_reference,snapped_zero_gap,0,2026-03-21T10:51:22+08:00,20260321_105122_282924,standard_reconstruction,CTChest,perspective,tp_-141.15_-53.01_-92.41,Far,3,CTChest__perspective__tp_-141.15_-53.01_-92.41__shot2_79.61__shot3m3m1_73.60__shot3m3m2_85.47,High,3,79.61,73.6,85.47,-141.149,-53.012,-92.40821838,261.1160849,baseline,0.0,8,1,1,0.17,0.33,0.0,0.0647901643333333,0.0617985163333333,1,1
experiment_results.csv,baseline_reference,snapped_zero_gap,0,2026-03-22T09:59:00+08:00,20260322_095900_918821,standard_reconstruction,CTChest,perspective,tp_-85.52_58.91_-96.65,Mid,2,CTChest__perspective__tp_-85.52_58.91_-96.65__shot2_16.17__shot3m3m1_0.40__shot3m3m2_15.89,Low,1,16.17,0.4,15.89,-85.522,58.911,-96.64764404,149.6153261,baseline,0.0,1,1,1,0.12,0.04,0.0,0.0554956973333333,0.0538273,1,1
experiment_results.csv,baseline_reference,snapped_zero_gap,0,2026-03-22T09:59:30+08:00,20260322_095930_136996,standard_reconstruction,CTChest,perspective,tp_-85.52_58.91_-96.65,Mid,2,CTChest__perspective__tp_-85.52_58.91_-96.65__shot2_16.17__shot3m3m1_0.40__shot3m3m2_15.89,Low,1,16.17,0.4,15.89,-85.522,58.911,-96.64764404,149.6153261,baseline,0.0,2,1,1,0.41,0.07,0.0,0.0500416546666666,0.0480720003333333,1,1
experiment_results.csv,baseline_reference,snapped_zero_gap,0,2026-03-22T10:00:05+08:00,20260322_100005_298986,standard_reconstruction,CTChest,perspective,tp_-85.52_58.91_-96.65,Mid,2,CTChest__perspective__tp_-85.52_58.91_-96.65__shot2_16.17__shot3m3m1_0.40__shot3m3m2_15.89,Low,1,16.17,0.4,15.89,-85.522,58.911,-96.64764404,149.6153261,baseline,0.0,3,1,1,0.33,0.07,0.0,0.0591508433333333,0.0569593636666666,1,1
experiment_results.csv,baseline_reference,snapped_zero_gap,0,2026-03-22T10:00:30+08:00,20260322_100030_208012,standard_reconstruction,CTChest,perspective,tp_-85.52_58.91_-96.65,Mid,2,CTChest__perspective__tp_-85.52_58.91_-96.65__shot2_16.17__shot3m3m1_0.40__shot3m3m2_15.89,Low,1,16.17,0.4,15.89,-85.522,58.911,-96.64764404,149.6153261,baseline,0.0,4,1,1,0.22,0.26,0.0,0.05848355,0.05605436,1,1
experiment_results.csv,baseline_reference,snapped_zero_gap,0,2026-03-22T10:01:00+08:00,20260322_100100_301475,standard_reconstruction,CTChest,perspective,tp_-85.52_58.91_-96.65,Mid,2,CTChest__perspective__tp_-85.52_58.91_-96.65__shot2_16.17__shot3m3m1_0.40__shot3m3m2_15.89,Low,1,16.17,0.4,15.89,-85.522,58.911,-96.64764404,149.6153261,baseline,0.0,5,1,1,0.12,0.08,0.0,0.0522464766666666,0.0510373346666666,1,1
experiment_results.csv,baseline_reference,snapped_zero_gap,0,2026-03-22T10:01:45+08:00,20260322_100145_655574,standard_reconstruction,CTChest,perspective,tp_-85.52_58.91_-96.65,Mid,2,CTChest__perspective__tp_-85.52_58.91_-96.65__shot2_16.17__shot3m3m1_0.40__shot3m3m2_15.89,Low,1,16.17,0.4,15.89,-85.522,58.911,-96.64764404,149.6153261,baseline,0.0,6,1,1,0.2,0.06,0.0,0.0655750536666666,0.0597702753333333,1,1
experiment_results.csv,baseline_reference,snapped_zero_gap,0,2026-03-22T09:40:18+08:00,20260322_094018_841920,standard_reconstruction,CTChest,perspective,tp_-85.52_58.91_-96.65,Mid,2,CTChest__perspective__tp_-85.52_58.91_-96.65__shot2_46.99__shot3m3m1_43.10__shot3m3m2_67.87,Medium,2,46.99,43.1,67.87,-85.522,58.911,-96.64764404,153.1431742,baseline,0.0,1,1,1,0.09,0.01,0.0,0.0695305059999999,0.0688609843333333,1,1
experiment_results.csv,baseline_reference,snapped_zero_gap,0,2026-03-22T09:40:56+08:00,20260322_094056_769752,standard_reconstruction,CTChest,perspective,tp_-85.52_58.91_-96.65,Mid,2,CTChest__perspective__tp_-85.52_58.91_-96.65__shot2_46.99__shot3m3m1_43.10__shot3m3m2_67.87,Medium,2,46.99,43.1,67.87,-85.522,58.911,-96.64764404,153.1431742,baseline,0.0,2,1,1,0.15,0.13,0.0,0.0835347216666666,0.07973348,1,1
experiment_results.csv,baseline_reference,snapped_zero_gap,0,2026-03-22T09:41:41+08:00,20260322_094141_088752,standard_reconstruction,CTChest,perspective,tp_-85.52_58.91_-96.65,Mid,2,CTChest__perspective__tp_-85.52_58.91_-96.65__shot2_46.99__shot3m3m1_43.10__shot3m3m2_67.87,Medium,2,46.99,43.1,67.87,-85.522,58.911,-96.64764404,153.1431742,baseline,0.0,3,1,1,0.15,0.22,0.0,0.069548664,0.0669830056666666,1,1
experiment_results.csv,baseline_reference,snapped_zero_gap,0,2026-03-22T09:42:17+08:00,20260322_094217_073572,standard_reconstruction,CTChest,perspective,tp_-85.52_58.91_-96.65,Mid,2,CTChest__perspective__tp_-85.52_58.91_-96.65__shot2_46.99__shot3m3m1_43.10__shot3m3m2_67.87,Medium,2,46.99,43.1,67.87,-85.522,58.911,-96.64764404,153.1431742,baseline,0.0,4,1,1,0.18,0.19,0.0,0.080430907,0.0744985023333333,1,1
experiment_results.csv,baseline_reference,snapped_zero_gap,0,2026-03-22T09:42:51+08:00,20260322_094251_155210,standard_reconstruction,CTChest,perspective,tp_-85.52_58.91_-96.65,Mid,2,CTChest__perspective__tp_-85.52_58.91_-96.65__shot2_46.99__shot3m3m1_43.10__shot3m3m2_67.87,Medium,2,46.99,43.1,67.87,-85.522,58.911,-96.64764404,153.1431742,baseline,0.0,5,1,1,0.05,0.08,0.0,0.0632395759999999,0.0616396743333333,1,1
experiment_results.csv,baseline_reference,snapped_zero_gap,0,2026-03-22T09:43:25+08:00,20260322_094325_726152,standard_reconstruction,CTChest,perspective,tp_-85.52_58.91_-96.65,Mid,2,CTChest__perspective__tp_-85.52_58.91_-96.65__shot2_46.99__shot3m3m1_43.10__shot3m3m2_67.87,Medium,2,46.99,43.1,67.87,-85.522,58.911,-96.64764404,153.1431742,baseline,0.0,6,1,1,0.21,0.52,0.0,0.0583621803333333,0.0562607793333333,1,1
experiment_results.csv,baseline_reference,snapped_zero_gap,0,2026-03-22T09:32:42+08:00,20260322_093242_462224,standard_reconstruction,CTChest,perspective,tp_-85.52_58.91_-96.65,Mid,2,CTChest__perspective__tp_-85.52_58.91_-96.65__shot2_79.61__shot3m3m1_73.60__shot3m3m2_85.47,High,3,79.61,73.6,85.47,-85.5215683,58.91109085,-96.64764404,156.5237093,baseline,0.0,1,1,1,0.17,0.12,0.0,0.0561404063333333,0.0533846286666666,1,1
experiment_results.csv,baseline_reference,snapped_zero_gap,0,2026-03-22T09:33:26+08:00,20260322_093326_741877,standard_reconstruction,CTChest,perspective,tp_-85.52_58.91_-96.65,Mid,2,CTChest__perspective__tp_-85.52_58.91_-96.65__shot2_79.61__shot3m3m1_73.60__shot3m3m2_85.47,High,3,79.61,73.6,85.47,-85.5215683,58.91109085,-96.64764404,156.5237093,baseline,0.0,2,1,1,0.08,0.1,0.0,0.0572228083333333,0.054951609,1,1
experiment_results.csv,baseline_reference,snapped_zero_gap,0,2026-03-22T09:34:49+08:00,20260322_093449_422455,standard_reconstruction,CTChest,perspective,tp_-85.52_58.91_-96.65,Mid,2,CTChest__perspective__tp_-85.52_58.91_-96.65__shot2_79.61__shot3m3m1_73.60__shot3m3m2_85.47,High,3,79.61,73.6,85.47,-85.522,58.911,-96.64764404,156.5239826,baseline,0.0,3,1,1,0.11,0.01,0.0,0.0748820036666666,0.074570424,1,1
experiment_results.csv,baseline_reference,snapped_zero_gap,0,2026-03-22T09:35:30+08:00,20260322_093530_676248,standard_reconstruction,CTChest,perspective,tp_-85.52_58.91_-96.65,Mid,2,CTChest__perspective__tp_-85.52_58.91_-96.65__shot2_79.61__shot3m3m1_73.60__shot3m3m2_85.47,High,3,79.61,73.6,85.47,-85.522,58.911,-96.64764404,156.5239826,baseline,0.0,4,1,1,0.11,0.0,0.0,0.0796387563333333,0.0743180003333333,1,1
experiment_results.csv,baseline_reference,snapped_zero_gap,0,2026-03-22T09:36:01+08:00,20260322_093601_812903,standard_reconstruction,CTChest,perspective,tp_-85.52_58.91_-96.65,Mid,2,CTChest__perspective__tp_-85.52_58.91_-96.65__shot2_79.61__shot3m3m1_73.60__shot3m3m2_85.47,High,3,79.61,73.6,85.47,-85.522,58.911,-96.64764404,156.5239826,baseline,0.0,5,1,1,0.13,0.08,0.0,0.0719215086666666,0.0701643363333333,1,1
experiment_results.csv,baseline_reference,snapped_zero_gap,0,2026-03-22T09:36:55+08:00,20260322_093655_392696,standard_reconstruction,CTChest,perspective,tp_-85.52_58.91_-96.65,Mid,2,CTChest__perspective__tp_-85.52_58.91_-96.65__shot2_79.61__shot3m3m1_73.60__shot3m3m2_85.47,High,3,79.61,73.6,85.47,-85.522,58.911,-96.64764404,156.5239826,baseline,0.0,6,1,1,0.15,0.39,0.0,0.0666040216666666,0.0645668466666666,1,1
experiment_results1.csv,perturbation_run,perturbation_gap,1,2026-04-21T19:49:23+08:00,20260421_194923_745155,controlled_perturbation_study,CTChest,perspective,tp_-13.70_90.66_-182.12,Near,1,CTChest__perspective__tp_-13.70_90.66_-182.12__shot2_46.99__shot3m3m1_43.10__shot3m3m2_67.87,Medium,2,46.99,43.1,67.87,-13.69535542,90.66418457,-182.1198578,50.92337922386323,marker-only,0.5,1,1,0,0.2139937167743589,0.7202101388656538,0.0907525700354271,0.0558772087100376,0.4986928160760508,1,1
experiment_results1.csv,perturbation_run,perturbation_gap,1,2026-04-21T19:49:24+08:00,20260421_194924_030741,controlled_perturbation_study,CTChest,perspective,tp_-13.70_90.66_-182.12,Near,1,CTChest__perspective__tp_-13.70_90.66_-182.12__shot2_46.99__shot3m3m1_43.10__shot3m3m2_67.87,Medium,2,46.99,43.1,67.87,-13.69535542,90.66418457,-182.1198578,50.92337922386323,marker-only,0.5,2,1,0,0.3489023673482833,0.3428318871431423,0.4477338873113393,0.0558772087100376,0.633707994913522,1,1
experiment_results1.csv,perturbation_run,perturbation_gap,1,2026-04-21T19:49:24+08:00,20260421_194924_307920,controlled_perturbation_study,CTChest,perspective,tp_-13.70_90.66_-182.12,Near,1,CTChest__perspective__tp_-13.70_90.66_-182.12__shot2_46.99__shot3m3m1_43.10__shot3m3m2_67.87,Medium,2,46.99,43.1,67.87,-13.69535542,90.66418457,-182.1198578,50.92337922386323,marker-only,0.5,3,1,0,0.4157920634654521,0.6540965880689994,0.3110271507702501,0.0558772087100376,0.5513373028773755,1,1
experiment_results1.csv,perturbation_run,perturbation_gap,1,2026-04-21T19:49:24+08:00,20260421_194924_595049,controlled_perturbation_study,CTChest,perspective,tp_-13.70_90.66_-182.12,Near,1,CTChest__perspective__tp_-13.70_90.66_-182.12__shot2_46.99__shot3m3m1_43.10__shot3m3m2_67.87,Medium,2,46.99,43.1,67.87,-13.69535542,90.66418457,-182.1198578,50.92337922386323,marker-only,0.5,4,1,0,0.2571848187252867,0.7871360972552023,0.3779887459522946,0.0558772087100376,0.6039865712437763,1,1
experiment_results1.csv,perturbation_run,perturbation_gap,1,2026-04-21T19:49:24+08:00,20260421_194924_878156,controlled_perturbation_study,CTChest,perspective,tp_-13.70_90.66_-182.12,Near,1,CTChest__perspective__tp_-13.70_90.66_-182.12__shot2_46.99__shot3m3m1_43.10__shot3m3m2_67.87,Medium,2,46.99,43.1,67.87,-13.69535542,90.66418457,-182.1198578,50.92337922386323,marker-only,0.5,5,1,0,0.250138434180111,0.2740228154171145,0.0776214418827868,0.0558772087100376,0.6262180132329944,1,1
experiment_results1.csv,perturbation_run,perturbation_gap,1,2026-04-21T19:49:25+08:00,20260421_194925_153616,controlled_perturbation_study,CTChest,perspective,tp_-13.70_90.66_-182.12,Near,1,CTChest__perspective__tp_-13.70_90.66_-182.12__shot2_46.99__shot3m3m1_43.10__shot3m3m2_67.87,Medium,2,46.99,43.1,67.87,-13.69535542,90.66418457,-182.1198578,50.92337922386323,marker-only,0.5,6,1,0,0.2691886799769834,0.5726111231930674,0.0176317161125707,0.0558772087100376,0.53284516136492,1,1
experiment_results1.csv,perturbation_run,perturbation_gap,1,2026-04-21T19:49:25+08:00,20260421_194925_428966,controlled_perturbation_study,CTChest,perspective,tp_-13.70_90.66_-182.12,Near,1,CTChest__perspective__tp_-13.70_90.66_-182.12__shot2_46.99__shot3m3m1_43.10__shot3m3m2_67.87,Medium,2,46.99,43.1,67.87,-13.69535542,90.66418457,-182.1198578,50.92337922386323,marker-only,0.5,7,1,0,0.8033327419971766,1.4497241513192447,0.262429888953164,0.0558772087100376,0.5397754878765114,1,1
experiment_results1.csv,perturbation_run,perturbation_gap,1,2026-04-21T19:49:25+08:00,20260421_194925_708872,controlled_perturbation_study,CTChest,perspective,tp_-13.70_90.66_-182.12,Near,1,CTChest__perspective__tp_-13.70_90.66_-182.12__shot2_46.99__shot3m3m1_43.10__shot3m3m2_67.87,Medium,2,46.99,43.1,67.87,-13.69535542,90.66418457,-182.1198578,50.92337922386323,marker-only,0.5,8,1,0,0.5473734845348976,0.8020169549159152,0.5153232988572659,0.0558772087100376,0.6259096527814901,1,1
experiment_results1.csv,perturbation_run,perturbation_gap,1,2026-04-21T19:49:25+08:00,20260421_194925_986535,controlled_perturbation_study,CTChest,perspective,tp_-13.70_90.66_-182.12,Near,1,CTChest__perspective__tp_-13.70_90.66_-182.12__shot2_46.99__shot3m3m1_43.10__shot3m3m2_67.87,Medium,2,46.99,43.1,67.87,-13.69535542,90.66418457,-182.1198578,50.92337922386323,marker-only,0.5,9,1,0,0.8997946630763161,2.4951686308835006,0.3281115611694502,0.0558772087100376,0.5201858493887387,1,1
experiment_results1.csv,perturbation_run,perturbation_gap,1,2026-04-21T19:49:26+08:00,20260421_194926_267435,controlled_perturbation_study,CTChest,perspective,tp_-13.70_90.66_-182.12,Near,1,CTChest__perspective__tp_-13.70_90.66_-182.12__shot2_46.99__shot3m3m1_43.10__shot3m3m2_67.87,Medium,2,46.99,43.1,67.87,-13.69535542,90.66418457,-182.1198578,50.92337922386323,marker-only,0.5,10,1,0,0.7677820746412327,0.5327251444661307,0.1356082151383041,0.0558772087100376,0.656838714370435,1,1
experiment_results1.csv,perturbation_run,perturbation_gap,1,2026-04-21T19:49:26+08:00,20260421_194926_558060,controlled_perturbation_study,CTChest,perspective,tp_-13.70_90.66_-182.12,Near,1,CTChest__perspective__tp_-13.70_90.66_-182.12__shot2_46.99__shot3m3m1_43.10__shot3m3m2_67.87,Medium,2,46.99,43.1,67.87,-13.69535542,90.66418457,-182.1198578,50.92337922386323,marker-only,0.5,11,1,0,0.2965272816403346,0.7964682696546938,0.1899309428145656,0.0558772087100376,0.5609920167295323,1,1
experiment_results1.csv,perturbation_run,perturbation_gap,1,2026-04-21T19:49:26+08:00,20260421_194926_842649,controlled_perturbation_study,CTChest,perspective,tp_-13.70_90.66_-182.12,Near,1,CTChest__perspective__tp_-13.70_90.66_-182.12__shot2_46.99__shot3m3m1_43.10__shot3m3m2_67.87,Medium,2,46.99,43.1,67.87,-13.69535542,90.66418457,-182.1198578,50.92337922386323,marker-only,0.5,12,1,0,0.1106395069566207,0.4335750124010905,0.1629711531604962,0.0558772087100376,0.5321417413991932,1,1
experiment_results1.csv,perturbation_run,perturbation_gap,1,2026-04-21T19:49:27+08:00,20260421_194927_141014,controlled_perturbation_study,CTChest,perspective,tp_-13.70_90.66_-182.12,Near,1,CTChest__perspective__tp_-13.70_90.66_-182.12__shot2_46.99__shot3m3m1_43.10__shot3m3m2_67.87,Medium,2,46.99,43.1,67.87,-13.69535542,90.66418457,-182.1198578,50.92337922386323,marker-only,0.5,13,1,0,0.1782072365879443,0.436578029475166,0.2473289021482455,0.0558772087100376,0.6346081145573227,1,1
experiment_results1.csv,perturbation_run,perturbation_gap,1,2026-04-21T19:49:27+08:00,20260421_194927_435603,controlled_perturbation_study,CTChest,perspective,tp_-13.70_90.66_-182.12,Near,1,CTChest__perspective__tp_-13.70_90.66_-182.12__shot2_46.99__shot3m3m1_43.10__shot3m3m2_67.87,Medium,2,46.99,43.1,67.87,-13.69535542,90.66418457,-182.1198578,50.92337922386323,marker-only,0.5,14,1,0,0.5645383311673967,0.846947862665678,0.3729260206511587,0.0558772087100376,0.5274411599346355,1,1
experiment_results1.csv,perturbation_run,perturbation_gap,1,2026-04-21T19:49:27+08:00,20260421_194927_729975,controlled_perturbation_study,CTChest,perspective,tp_-13.70_90.66_-182.12,Near,1,CTChest__perspective__tp_-13.70_90.66_-182.12__shot2_46.99__shot3m3m1_43.10__shot3m3m2_67.87,Medium,2,46.99,43.1,67.87,-13.69535542,90.66418457,-182.1198578,50.92337922386323,marker-only,0.5,15,1,0,0.7614249989524207,1.0968011374188562,0.4252510638221031,0.0558772087100376,0.52952093491036,1,1
experiment_results1.csv,perturbation_run,perturbation_gap,1,2026-04-21T19:49:28+08:00,20260421_194928_047672,controlled_perturbation_study,CTChest,perspective,tp_-13.70_90.66_-182.12,Near,1,CTChest__perspective__tp_-13.70_90.66_-182.12__shot2_46.99__shot3m3m1_43.10__shot3m3m2_67.87,Medium,2,46.99,43.1,67.87,-13.69535542,90.66418457,-182.1198578,50.92337922386323,marker-only,0.5,16,1,0,0.3445563389982267,0.7858898048097516,0.4018074155488941,0.0558772087100376,0.5172117075667962,1,1
experiment_results1.csv,perturbation_run,perturbation_gap,1,2026-04-21T19:49:28+08:00,20260421_194928_363910,controlled_perturbation_study,CTChest,perspective,tp_-13.70_90.66_-182.12,Near,1,CTChest__perspective__tp_-13.70_90.66_-182.12__shot2_46.99__shot3m3m1_43.10__shot3m3m2_67.87,Medium,2,46.99,43.1,67.87,-13.69535542,90.66418457,-182.1198578,50.92337922386323,marker-only,0.5,17,1,0,0.2377380517094496,0.4508665038237732,0.1688652816591283,0.0558772087100376,0.5139640092564948,1,1
experiment_results1.csv,perturbation_run,perturbation_gap,1,2026-04-21T19:49:28+08:00,20260421_194928_696757,controlled_perturbation_study,CTChest,perspective,tp_-13.70_90.66_-182.12,Near,1,CTChest__perspective__tp_-13.70_90.66_-182.12__shot2_46.99__shot3m3m1_43.10__shot3m3m2_67.87,Medium,2,46.99,43.1,67.87,-13.69535542,90.66418457,-182.1198578,50.92337922386323,marker-only,0.5,18,1,0,0.4309385455497324,0.7146017736303912,0.016090385422866,0.0558772087100376,0.5491082414263149,1,1
experiment_results1.csv,perturbation_run,perturbation_gap,1,2026-04-21T19:49:29+08:00,20260421_194929_032560,controlled_perturbation_study,CTChest,perspective,tp_-13.70_90.66_-182.12,Near,1,CTChest__perspective__tp_-13.70_90.66_-182.12__shot2_46.99__shot3m3m1_43.10__shot3m3m2_67.87,Medium,2,46.99,43.1,67.87,-13.69535542,90.66418457,-182.1198578,50.92337922386323,marker-only,0.5,19,1,0,0.795903973491483,1.1378220784730415,0.2144339994478746,0.0558772087100376,0.62827681661723,1,1
experiment_results1.csv,perturbation_run,perturbation_gap,1,2026-04-21T19:49:29+08:00,20260421_194929_384655,controlled_perturbation_study,CTChest,perspective,tp_-13.70_90.66_-182.12,Near,1,CTChest__perspective__tp_-13.70_90.66_-182.12__shot2_46.99__shot3m3m1_43.10__shot3m3m2_67.87,Medium,2,46.99,43.1,67.87,-13.69535542,90.66418457,-182.1198578,50.92337922386323,marker-only,0.5,20,1,0,0.2879015962864445,0.8090210030598542,0.0978077085163567,0.0558772087100376,0.583393536698992,1,1
experiment_results1.csv,perturbation_run,perturbation_gap,1,2026-04-21T19:49:29+08:00,20260421_194929_741006,controlled_perturbation_study,CTChest,perspective,tp_-13.70_90.66_-182.12,Near,1,CTChest__perspective__tp_-13.70_90.66_-182.12__shot2_46.99__shot3m3m1_43.10__shot3m3m2_67.87,Medium,2,46.99,43.1,67.87,-13.69535542,90.66418457,-182.1198578,50.92337922386323,marker-only,0.5,21,1,0,0.3891171399273803,0.3402950932191372,0.2953177733121782,0.0558772087100376,0.4986220923356492,1,1
experiment_results1.csv,perturbation_run,perturbation_gap,1,2026-04-21T19:49:30+08:00,20260421_194930_113398,controlled_perturbation_study,CTChest,perspective,tp_-13.70_90.66_-182.12,Near,1,CTChest__perspective__tp_-13.70_90.66_-182.12__shot2_46.99__shot3m3m1_43.10__shot3m3m2_67.87,Medium,2,46.99,43.1,67.87,-13.69535542,90.66418457,-182.1198578,50.92337922386323,marker-only,0.5,22,1,0,0.6390249663014405,0.7315629652021974,0.0852065078152086,0.0558772087100376,0.5172367701410122,1,1
experiment_results1.csv,perturbation_run,perturbation_gap,1,2026-04-21T19:49:30+08:00,20260421_194930_483670,controlled_perturbation_study,CTChest,perspective,tp_-13.70_90.66_-182.12,Near,1,CTChest__perspective__tp_-13.70_90.66_-182.12__shot2_46.99__shot3m3m1_43.10__shot3m3m2_67.87,Medium,2,46.99,43.1,67.87,-13.69535542,90.66418457,-182.1198578,50.92337922386323,marker-only,0.5,23,1,0,0.2596994707803439,0.266804813361376,0.0285770220934409,0.0558772087100376,0.6391935375556779,1,1
experiment_results1.csv,perturbation_run,perturbation_gap,1,2026-04-21T19:49:30+08:00,20260421_194930_864041,controlled_perturbation_study,CTChest,perspective,tp_-13.70_90.66_-182.12,Near,1,CTChest__perspective__tp_-13.70_90.66_-182.12__shot2_46.99__shot3m3m1_43.10__shot3m3m2_67.87,Medium,2,46.99,43.1,67.87,-13.69535542,90.66418457,-182.1198578,50.92337922386323,marker-only,0.5,24,1,0,0.3504939705668476,1.1279536486469892,0.5840154004645329,0.0558772087100376,0.5701624883551305,1,1
experiment_results1.csv,perturbation_run,perturbation_gap,1,2026-04-21T19:49:31+08:00,20260421_194931_258452,controlled_perturbation_study,CTChest,perspective,tp_-13.70_90.66_-182.12,Near,1,CTChest__perspective__tp_-13.70_90.66_-182.12__shot2_46.99__shot3m3m1_43.10__shot3m3m2_67.87,Medium,2,46.99,43.1,67.87,-13.69535542,90.66418457,-182.1198578,50.92337922386323,marker-only,0.5,25,1,0,1.2314266084259284,1.3530247622821103,0.3355388260848474,0.0558772087100376,0.5333006955701373,1,1
experiment_results1.csv,perturbation_run,perturbation_gap,1,2026-04-21T19:49:31+08:00,20260421_194931_668344,controlled_perturbation_study,CTChest,perspective,tp_-13.70_90.66_-182.12,Near,1,CTChest__perspective__tp_-13.70_90.66_-182.12__shot2_46.99__shot3m3m1_43.10__shot3m3m2_67.87,Medium,2,46.99,43.1,67.87,-13.69535542,90.66418457,-182.1198578,50.92337922386323,marker-only,0.5,26,1,0,0.114357120652705,0.238495727634067,0.7622520272766062,0.0558772087100376,0.5155423506887895,1,1
experiment_results1.csv,perturbation_run,perturbation_gap,1,2026-04-21T19:49:32+08:00,20260421_194932_086797,controlled_perturbation_study,CTChest,perspective,tp_-13.70_90.66_-182.12,Near,1,CTChest__perspective__tp_-13.70_90.66_-182.12__shot2_46.99__shot3m3m1_43.10__shot3m3m2_67.87,Medium,2,46.99,43.1,67.87,-13.69535542,90.66418457,-182.1198578,50.92337922386323,marker-only,0.5,27,1,0,0.1967125056289874,0.9992556068265088,0.2201612161103626,0.0558772087100376,0.5580919543669566,1,1
experiment_results1.csv,perturbation_run,perturbation_gap,1,2026-04-21T19:49:32+08:00,20260421_194932_518395,controlled_perturbation_study,CTChest,perspective,tp_-13.70_90.66_-182.12,Near,1,CTChest__perspective__tp_-13.70_90.66_-182.12__shot2_46.99__shot3m3m1_43.10__shot3m3m2_67.87,Medium,2,46.99,43.1,67.87,-13.69535542,90.66418457,-182.1198578,50.92337922386323,marker-only,0.5,28,1,0,0.5184628234481176,0.8496512235686469,0.213292079860138,0.0558772087100376,0.7008912716937705,1,1
experiment_results1.csv,perturbation_run,perturbation_gap,1,2026-04-21T19:49:32+08:00,20260421_194932_950388,controlled_perturbation_study,CTChest,perspective,tp_-13.70_90.66_-182.12,Near,1,CTChest__perspective__tp_-13.70_90.66_-182.12__shot2_46.99__shot3m3m1_43.10__shot3m3m2_67.87,Medium,2,46.99,43.1,67.87,-13.69535542,90.66418457,-182.1198578,50.92337922386323,marker-only,0.5,29,1,0,0.4461617781612766,0.3596810782429091,0.3576899580270687,0.0558772087100376,0.6049305931624123,1,1
experiment_results1.csv,perturbation_run,perturbation_gap,1,2026-04-21T19:49:33+08:00,20260421_194933_291314,controlled_perturbation_study,CTChest,perspective,tp_-13.70_90.66_-182.12,Near,1,CTChest__perspective__tp_-13.70_90.66_-182.12__shot2_46.99__shot3m3m1_43.10__shot3m3m2_67.87,Medium,2,46.99,43.1,67.87,-13.69535542,90.66418457,-182.1198578,50.92337922386323,marker-only,0.5,30,1,0,0.4790696621144489,1.893462850976252,0.7867764220076998,0.0558772087100376,0.5295366585002584,1,1
experiment_results1.csv,perturbation_run,perturbation_gap,1,2026-04-21T19:49:33+08:00,20260421_194933_572573,controlled_perturbation_study,CTChest,perspective,tp_-13.70_90.66_-182.12,Near,1,CTChest__perspective__tp_-13.70_90.66_-182.12__shot2_46.99__shot3m3m1_43.10__shot3m3m2_67.87,Medium,2,46.99,43.1,67.87,-13.69535542,90.66418457,-182.1198578,50.92337922386323,marker-only,0.5,31,1,0,0.5368936572631902,0.9000684910360366,0.5834520729297247,0.0558772087100376,0.5299526905332625,1,1
experiment_results1.csv,perturbation_run,perturbation_gap,1,2026-04-21T19:49:33+08:00,20260421_194933_861354,controlled_perturbation_study,CTChest,perspective,tp_-13.70_90.66_-182.12,Near,1,CTChest__perspective__tp_-13.70_90.66_-182.12__shot2_46.99__shot3m3m1_43.10__shot3m3m2_67.87,Medium,2,46.99,43.1,67.87,-13.69535542,90.66418457,-182.1198578,50.92337922386323,marker-only,0.5,32,1,0,0.141317480259443,0.1333124864690611,0.1991074802643676,0.0558772087100376,0.6528819005226053,1,1
experiment_results1.csv,perturbation_run,perturbation_gap,1,2026-04-21T19:49:34+08:00,20260421_194934_142816,controlled_perturbation_study,CTChest,perspective,tp_-13.70_90.66_-182.12,Near,1,CTChest__perspective__tp_-13.70_90.66_-182.12__shot2_46.99__shot3m3m1_43.10__shot3m3m2_67.87,Medium,2,46.99,43.1,67.87,-13.69535542,90.66418457,-182.1198578,50.92337922386323,marker-only,0.5,33,1,0,0.2643453587373378,0.2812147002349164,0.0332395855547232,0.0558772087100376,0.5980393966354396,1,1
experiment_results1.csv,perturbation_run,perturbation_gap,1,2026-04-21T19:49:34+08:00,20260421_194934_426158,controlled_perturbation_study,CTChest,perspective,tp_-13.70_90.66_-182.12,Near,1,CTChest__perspective__tp_-13.70_90.66_-182.12__shot2_46.99__shot3m3m1_43.10__shot3m3m2_67.87,Medium,2,46.99,43.1,67.87,-13.69535542,90.66418457,-182.1198578,50.92337922386323,marker-only,0.5,34,1,0,0.2099359679518632,0.6839243246320579,0.5053588356239823,0.0558772087100376,0.709969843121998,1,1
experiment_results1.csv,perturbation_run,perturbation_gap,1,2026-04-21T19:49:34+08:00,20260421_194934_703760,controlled_perturbation_study,CTChest,perspective,tp_-13.70_90.66_-182.12,Near,1,CTChest__perspective__tp_-13.70_90.66_-182.12__shot2_46.99__shot3m3m1_43.10__shot3m3m2_67.87,Medium,2,46.99,43.1,67.87,-13.69535542,90.66418457,-182.1198578,50.92337922386323,marker-only,0.5,35,1,0,0.3296862720519632,0.398688042631163,0.4890981624732312,0.0558772087100376,0.5083571677464972,1,1
experiment_results1.csv,perturbation_run,perturbation_gap,1,2026-04-21T19:49:34+08:00,20260421_194934_992536,controlled_perturbation_study,CTChest,perspective,tp_-13.70_90.66_-182.12,Near,1,CTChest__perspective__tp_-13.70_90.66_-182.12__shot2_46.99__shot3m3m1_43.10__shot3m3m2_67.87,Medium,2,46.99,43.1,67.87,-13.69535542,90.66418457,-182.1198578,50.92337922386323,marker-only,0.5,36,1,0,0.5245012530786838,0.6077109153412159,0.3225789132338138,0.0558772087100376,0.5676362555152306,1,1
experiment_results1.csv,perturbation_run,perturbation_gap,1,2026-04-21T19:49:35+08:00,20260421_194935_282174,controlled_perturbation_study,CTChest,perspective,tp_-13.70_90.66_-182.12,Near,1,CTChest__perspective__tp_-13.70_90.66_-182.12__shot2_46.99__shot3m3m1_43.10__shot3m3m2_67.87,Medium,2,46.99,43.1,67.87,-13.69535542,90.66418457,-182.1198578,50.92337922386323,marker-only,0.5,37,1,0,0.292598099292215,0.2541583764918376,0.1092401610515708,0.0558772087100376,0.682142779239994,1,1
experiment_results1.csv,perturbation_run,perturbation_gap,1,2026-04-21T19:49:35+08:00,20260421_194935_573316,controlled_perturbation_study,CTChest,perspective,tp_-13.70_90.66_-182.12,Near,1,CTChest__perspective__tp_-13.70_90.66_-182.12__shot2_46.99__shot3m3m1_43.10__shot3m3m2_67.87,Medium,2,46.99,43.1,67.87,-13.69535542,90.66418457,-182.1198578,50.92337922386323,marker-only,0.5,38,1,0,1.3197307831748797,3.0850517935899857,0.5088104066177269,0.0558772087100376,0.5444904141384384,1,1
experiment_results1.csv,perturbation_run,perturbation_gap,1,2026-04-21T19:49:35+08:00,20260421_194935_862637,controlled_perturbation_study,CTChest,perspective,tp_-13.70_90.66_-182.12,Near,1,CTChest__perspective__tp_-13.70_90.66_-182.12__shot2_46.99__shot3m3m1_43.10__shot3m3m2_67.87,Medium,2,46.99,43.1,67.87,-13.69535542,90.66418457,-182.1198578,50.92337922386323,marker-only,0.5,39,1,0,0.3934196814256436,0.9181506269657368,0.325955456763188,0.0558772087100376,0.5858487510986069,1,1
experiment_results1.csv,perturbation_run,perturbation_gap,1,2026-04-21T19:49:36+08:00,20260421_194936_161823,controlled_perturbation_study,CTChest,perspective,tp_-13.70_90.66_-182.12,Near,1,CTChest__perspective__tp_-13.70_90.66_-182.12__shot2_46.99__shot3m3m1_43.10__shot3m3m2_67.87,Medium,2,46.99,43.1,67.87,-13.69535542,90.66418457,-182.1198578,50.92337922386323,marker-only,0.5,40,1,0,0.360400488901745,0.1327123393906044,0.4006261278572181,0.0558772087100376,0.5865895805081492,1,1
experiment_results1.csv,perturbation_run,perturbation_gap,1,2026-04-21T19:49:36+08:00,20260421_194936_456561,controlled_perturbation_study,CTChest,perspective,tp_-13.70_90.66_-182.12,Near,1,CTChest__perspective__tp_-13.70_90.66_-182.12__shot2_46.99__shot3m3m1_43.10__shot3m3m2_67.87,Medium,2,46.99,43.1,67.87,-13.69535542,90.66418457,-182.1198578,50.92337922386323,marker-only,0.5,41,1,0,0.4477188569540077,0.3188598360402482,0.1845874007465656,0.0558772087100376,0.6673065930548202,1,1
experiment_results1.csv,perturbation_run,perturbation_gap,1,2026-04-21T19:49:36+08:00,20260421_194936_759446,controlled_perturbation_study,CTChest,perspective,tp_-13.70_90.66_-182.12,Near,1,CTChest__perspective__tp_-13.70_90.66_-182.12__shot2_46.99__shot3m3m1_43.10__shot3m3m2_67.87,Medium,2,46.99,43.1,67.87,-13.69535542,90.66418457,-182.1198578,50.92337922386323,marker-only,0.5,42,1,0,0.3226486139044004,0.0650396287854332,0.2936152205928253,0.0558772087100376,0.6172055022552848,1,1
experiment_results1.csv,perturbation_run,perturbation_gap,1,2026-04-21T19:49:37+08:00,20260421_194937_065387,controlled_perturbation_study,CTChest,perspective,tp_-13.70_90.66_-182.12,Near,1,CTChest__perspective__tp_-13.70_90.66_-182.12__shot2_46.99__shot3m3m1_43.10__shot3m3m2_67.87,Medium,2,46.99,43.1,67.87,-13.69535542,90.66418457,-182.1198578,50.92337922386323,marker-only,0.5,43,1,0,0.5200234025472387,1.277114387130917,0.0745659369730233,0.0558772087100376,0.5951979310888496,1,1
experiment_results1.csv,perturbation_run,perturbation_gap,1,2026-04-21T19:49:37+08:00,20260421_194937_385046,controlled_perturbation_study,CTChest,perspective,tp_-13.70_90.66_-182.12,Near,1,CTChest__perspective__tp_-13.70_90.66_-182.12__shot2_46.99__shot3m3m1_43.10__shot3m3m2_67.87,Medium,2,46.99,43.1,67.87,-13.69535542,90.66418457,-182.1198578,50.92337922386323,marker-only,0.5,44,1,0,0.2769968121541098,0.7301720079068916,0.0439026251770412,0.0558772087100376,0.5334464265310227,1,1
experiment_results1.csv,perturbation_run,perturbation_gap,1,2026-04-21T19:49:37+08:00,20260421_194937_708233,controlled_perturbation_study,CTChest,perspective,tp_-13.70_90.66_-182.12,Near,1,CTChest__perspective__tp_-13.70_90.66_-182.12__shot2_46.99__shot3m3m1_43.10__shot3m3m2_67.87,Medium,2,46.99,43.1,67.87,-13.69535542,90.66418457,-182.1198578,50.92337922386323,marker-only,0.5,45,1,0,0.4226266558551672,1.8623400311599,0.4545554134910492,0.0558772087100376,0.5684641440958359,1,1
experiment_results1.csv,perturbation_run,perturbation_gap,1,2026-04-21T19:49:38+08:00,20260421_194938_043485,controlled_perturbation_study,CTChest,perspective,tp_-13.70_90.66_-182.12,Near,1,CTChest__perspective__tp_-13.70_90.66_-182.12__shot2_46.99__shot3m3m1_43.10__shot3m3m2_67.87,Medium,2,46.99,43.1,67.87,-13.69535542,90.66418457,-182.1198578,50.92337922386323,marker-only,0.5,46,1,0,0.2916580090540916,0.3693775020386404,0.1095436566804089,0.0558772087100376,0.4624977909341339,1,1
experiment_results1.csv,perturbation_run,perturbation_gap,1,2026-04-21T19:49:38+08:00,20260421_194938_382270,controlled_perturbation_study,CTChest,perspective,tp_-13.70_90.66_-182.12,Near,1,CTChest__perspective__tp_-13.70_90.66_-182.12__shot2_46.99__shot3m3m1_43.10__shot3m3m2_67.87,Medium,2,46.99,43.1,67.87,-13.69535542,90.66418457,-182.1198578,50.92337922386323,marker-only,0.5,47,1,0,1.187785224615297,2.7676001399396744,0.1710440675738709,0.0558772087100376,0.5792122630726823,1,1
experiment_results1.csv,perturbation_run,perturbation_gap,1,2026-04-21T19:49:38+08:00,20260421_194938_727485,controlled_perturbation_study,CTChest,perspective,tp_-13.70_90.66_-182.12,Near,1,CTChest__perspective__tp_-13.70_90.66_-182.12__shot2_46.99__shot3m3m1_43.10__shot3m3m2_67.87,Medium,2,46.99,43.1,67.87,-13.69535542,90.66418457,-182.1198578,50.92337922386323,marker-only,0.5,48,1,0,0.4844835768932841,0.5159154770205839,0.1238347833079051,0.0558772087100376,0.5590923576211928,1,1
experiment_results1.csv,perturbation_run,perturbation_gap,1,2026-04-21T19:49:39+08:00,20260421_194939_083188,controlled_perturbation_study,CTChest,perspective,tp_-13.70_90.66_-182.12,Near,1,CTChest__perspective__tp_-13.70_90.66_-182.12__shot2_46.99__shot3m3m1_43.10__shot3m3m2_67.87,Medium,2,46.99,43.1,67.87,-13.69535542,90.66418457,-182.1198578,50.92337922386323,marker-only,0.5,49,1,0,0.5220061515210463,0.3217590340114755,5.829335452093972e-05,0.0558772087100376,0.721487345778436,1,1
experiment_results1.csv,perturbation_run,perturbation_gap,1,2026-04-21T19:49:39+08:00,20260421_194939_449625,controlled_perturbation_study,CTChest,perspective,tp_-13.70_90.66_-182.12,Near,1,CTChest__perspective__tp_-13.70_90.66_-182.12__shot2_46.99__shot3m3m1_43.10__shot3m3m2_67.87,Medium,2,46.99,43.1,67.87,-13.69535542,90.66418457,-182.1198578,50.92337922386323,marker-only,0.5,50,1,0,0.5742779747947863,0.9445038882204996,0.5042483534947009,0.0558772087100376,0.5637376206776363,1,1
experiment_results1.csv,perturbation_run,perturbation_gap,1,2026-04-21T19:49:50+08:00,20260421_194950_505264,controlled_perturbation_study,CTChest,perspective,tp_-13.70_90.66_-182.12,Near,1,CTChest__perspective__tp_-13.70_90.66_-182.12__shot2_46.99__shot3m3m1_43.10__shot3m3m2_67.87,Medium,2,46.99,43.1,67.87,-13.69535542,90.66418457,-182.1198578,50.92337922386323,marker-only,1.0,1,1,0,0.4926987109567354,1.3467380451414324,0.1541832438758034,0.0558772087100376,1.133373812104299,1,1
experiment_results1.csv,perturbation_run,perturbation_gap,1,2026-04-21T19:49:50+08:00,20260421_194950_783577,controlled_perturbation_study,CTChest,perspective,tp_-13.70_90.66_-182.12,Near,1,CTChest__perspective__tp_-13.70_90.66_-182.12__shot2_46.99__shot3m3m1_43.10__shot3m3m2_67.87,Medium,2,46.99,43.1,67.87,-13.69535542,90.66418457,-182.1198578,50.92337922386323,marker-only,1.0,2,1,0,0.2787844764821533,1.6248980379833486,0.2698626931132096,0.0558772087100376,1.13839827428869,1,1
experiment_results1.csv,perturbation_run,perturbation_gap,1,2026-04-21T19:49:51+08:00,20260421_194951_059255,controlled_perturbation_study,CTChest,perspective,tp_-13.70_90.66_-182.12,Near,1,CTChest__perspective__tp_-13.70_90.66_-182.12__shot2_46.99__shot3m3m1_43.10__shot3m3m2_67.87,Medium,2,46.99,43.1,67.87,-13.69535542,90.66418457,-182.1198578,50.92337922386323,marker-only,1.0,3,1,0,0.169623567787025,0.2842229693845484,1.414956488407236,0.0558772087100376,1.1727105335644414,1,1
experiment_results1.csv,perturbation_run,perturbation_gap,1,2026-04-21T19:49:51+08:00,20260421_194951_345100,controlled_perturbation_study,CTChest,perspective,tp_-13.70_90.66_-182.12,Near,1,CTChest__perspective__tp_-13.70_90.66_-182.12__shot2_46.99__shot3m3m1_43.10__shot3m3m2_67.87,Medium,2,46.99,43.1,67.87,-13.69535542,90.66418457,-182.1198578,50.92337922386323,marker-only,1.0,4,1,0,0.7980289019912239,1.4830457063158449,0.0733414787449326,0.0558772087100376,1.0046825244856554,1,1
experiment_results1.csv,perturbation_run,perturbation_gap,1,2026-04-21T19:49:51+08:00,20260421_194951_629931,controlled_perturbation_study,CTChest,perspective,tp_-13.70_90.66_-182.12,Near,1,CTChest__perspective__tp_-13.70_90.66_-182.12__shot2_46.99__shot3m3m1_43.10__shot3m3m2_67.87,Medium,2,46.99,43.1,67.87,-13.69535542,90.66418457,-182.1198578,50.92337922386323,marker-only,1.0,5,1,0,0.4252331226280278,1.0692973546234852,0.619264792753502,0.0558772087100376,1.222965206388085,1,1
experiment_results1.csv,perturbation_run,perturbation_gap,1,2026-04-21T19:49:51+08:00,20260421_194951_915061,controlled_perturbation_study,CTChest,perspective,tp_-13.70_90.66_-182.12,Near,1,CTChest__perspective__tp_-13.70_90.66_-182.12__shot2_46.99__shot3m3m1_43.10__shot3m3m2_67.87,Medium,2,46.99,43.1,67.87,-13.69535542,90.66418457,-182.1198578,50.92337922386323,marker-only,1.0,6,1,0,2.2924760642462725,4.182382316948611,1.0553690580689756,0.0558772087100376,1.192528595636026,1,1
experiment_results1.csv,perturbation_run,perturbation_gap,1,2026-04-21T19:49:52+08:00,20260421_194952_191099,controlled_perturbation_study,CTChest,perspective,tp_-13.70_90.66_-182.12,Near,1,CTChest__perspective__tp_-13.70_90.66_-182.12__shot2_46.99__shot3m3m1_43.10__shot3m3m2_67.87,Medium,2,46.99,43.1,67.87,-13.69535542,90.66418457,-182.1198578,50.92337922386323,marker-only,1.0,7,1,0,0.7527098159418945,1.829877692241491,0.8968574484749195,0.0558772087100376,1.1221832199345474,1,1
experiment_results1.csv,perturbation_run,perturbation_gap,1,2026-04-21T19:49:52+08:00,20260421_194952_474061,controlled_perturbation_study,CTChest,perspective,tp_-13.70_90.66_-182.12,Near,1,CTChest__perspective__tp_-13.70_90.66_-182.12__shot2_46.99__shot3m3m1_43.10__shot3m3m2_67.87,Medium,2,46.99,43.1,67.87,-13.69535542,90.66418457,-182.1198578,50.92337922386323,marker-only,1.0,8,1,0,0.8119448431457649,1.7408563392987555,0.0657928122168164,0.0558772087100376,1.0486057427367257,1,1
experiment_results1.csv,perturbation_run,perturbation_gap,1,2026-04-21T19:49:52+08:00,20260421_194952_757263,controlled_perturbation_study,CTChest,perspective,tp_-13.70_90.66_-182.12,Near,1,CTChest__perspective__tp_-13.70_90.66_-182.12__shot2_46.99__shot3m3m1_43.10__shot3m3m2_67.87,Medium,2,46.99,43.1,67.87,-13.69535542,90.66418457,-182.1198578,50.92337922386323,marker-only,1.0,9,1,0,0.7374346479790698,1.432138784318286,1.044563189974207,0.0558772087100376,1.4968320725359143,1,1
experiment_results1.csv,perturbation_run,perturbation_gap,1,2026-04-21T19:49:53+08:00,20260421_194953_041545,controlled_perturbation_study,CTChest,perspective,tp_-13.70_90.66_-182.12,Near,1,CTChest__perspective__tp_-13.70_90.66_-182.12__shot2_46.99__shot3m3m1_43.10__shot3m3m2_67.87,Medium,2,46.99,43.1,67.87,-13.69535542,90.66418457,-182.1198578,50.92337922386323,marker-only,1.0,10,1,0,0.3536460116982539,2.238923680269004,0.3345678929138982,0.0558772087100376,1.3413628825209811,1,1
experiment_results1.csv,perturbation_run,perturbation_gap,1,2026-04-21T19:49:53+08:00,20260421_194953_333068,controlled_perturbation_study,CTChest,perspective,tp_-13.70_90.66_-182.12,Near,1,CTChest__perspective__tp_-13.70_90.66_-182.12__shot2_46.99__shot3m3m1_43.10__shot3m3m2_67.87,Medium,2,46.99,43.1,67.87,-13.69535542,90.66418457,-182.1198578,50.92337922386323,marker-only,1.0,11,1,0,1.0772576765825488,2.379246319496051,0.3329656784929701,0.0558772087100376,1.179169895678518,1,1
experiment_results1.csv,perturbation_run,perturbation_gap,1,2026-04-21T19:49:53+08:00,20260421_194953_626120,controlled_perturbation_study,CTChest,perspective,tp_-13.70_90.66_-182.12,Near,1,CTChest__perspective__tp_-13.70_90.66_-182.12__shot2_46.99__shot3m3m1_43.10__shot3m3m2_67.87,Medium,2,46.99,43.1,67.87,-13.69535542,90.66418457,-182.1198578,50.92337922386323,marker-only,1.0,12,1,0,0.7416836929400596,2.963656562659257,0.0465175982342034,0.0558772087100376,1.202429106926277,1,1
experiment_results1.csv,perturbation_run,perturbation_gap,1,2026-04-21T19:49:53+08:00,20260421_194953_919895,controlled_perturbation_study,CTChest,perspective,tp_-13.70_90.66_-182.12,Near,1,CTChest__perspective__tp_-13.70_90.66_-182.12__shot2_46.99__shot3m3m1_43.10__shot3m3m2_67.87,Medium,2,46.99,43.1,67.87,-13.69535542,90.66418457,-182.1198578,50.92337922386323,marker-only,1.0,13,1,0,0.4575478061276927,2.1875579253010144,0.184261502252987,0.0558772087100376,1.1002876283309977,1,1
experiment_results1.csv,perturbation_run,perturbation_gap,1,2026-04-21T19:49:54+08:00,20260421_194954_230676,controlled_perturbation_study,CTChest,perspective,tp_-13.70_90.66_-182.12,Near,1,CTChest__perspective__tp_-13.70_90.66_-182.12__shot2_46.99__shot3m3m1_43.10__shot3m3m2_67.87,Medium,2,46.99,43.1,67.87,-13.69535542,90.66418457,-182.1198578,50.92337922386323,marker-only,1.0,14,1,0,0.3357430639687721,1.4279287414312676,0.3335826089302632,0.0558772087100376,1.1215732680035773,1,1
experiment_results1.csv,perturbation_run,perturbation_gap,1,2026-04-21T19:49:54+08:00,20260421_194954_541289,controlled_perturbation_study,CTChest,perspective,tp_-13.70_90.66_-182.12,Near,1,CTChest__perspective__tp_-13.70_90.66_-182.12__shot2_46.99__shot3m3m1_43.10__shot3m3m2_67.87,Medium,2,46.99,43.1,67.87,-13.69535542,90.66418457,-182.1198578,50.92337922386323,marker-only,1.0,15,1,0,0.8375366052257299,1.4841894185489295,0.5063607179511355,0.0558772087100376,1.1528881796531476,1,1
experiment_results1.csv,perturbation_run,perturbation_gap,1,2026-04-21T19:49:54+08:00,20260421_194954_861816,controlled_perturbation_study,CTChest,perspective,tp_-13.70_90.66_-182.12,Near,1,CTChest__perspective__tp_-13.70_90.66_-182.12__shot2_46.99__shot3m3m1_43.10__shot3m3m2_67.87,Medium,2,46.99,43.1,67.87,-13.69535542,90.66418457,-182.1198578,50.92337922386323,marker-only,1.0,16,1,0,1.0478936067346216,0.5627453102796485,0.3812456489559194,0.0558772087100376,1.040437119173517,1,1
experiment_results1.csv,perturbation_run,perturbation_gap,1,2026-04-21T19:49:55+08:00,20260421_194955_188520,controlled_perturbation_study,CTChest,perspective,tp_-13.70_90.66_-182.12,Near,1,CTChest__perspective__tp_-13.70_90.66_-182.12__shot2_46.99__shot3m3m1_43.10__shot3m3m2_67.87,Medium,2,46.99,43.1,67.87,-13.69535542,90.66418457,-182.1198578,50.92337922386323,marker-only,1.0,17,1,0,1.030052603249265,2.730612819435557,1.3249368749984898,0.0558772087100376,1.070157692717436,1,1
experiment_results1.csv,perturbation_run,perturbation_gap,1,2026-04-21T19:49:55+08:00,20260421_194955_530390,controlled_perturbation_study,CTChest,perspective,tp_-13.70_90.66_-182.12,Near,1,CTChest__perspective__tp_-13.70_90.66_-182.12__shot2_46.99__shot3m3m1_43.10__shot3m3m2_67.87,Medium,2,46.99,43.1,67.87,-13.69535542,90.66418457,-182.1198578,50.92337922386323,marker-only,1.0,18,1,0,0.6041425244180196,0.9274099131459652,0.8057351435115419,0.0558772087100376,1.249583453712378,1,1
experiment_results1.csv,perturbation_run,perturbation_gap,1,2026-04-21T19:49:55+08:00,20260421_194955_874383,controlled_perturbation_study,CTChest,perspective,tp_-13.70_90.66_-182.12,Near,1,CTChest__perspective__tp_-13.70_90.66_-182.12__shot2_46.99__shot3m3m1_43.10__shot3m3m2_67.87,Medium,2,46.99,43.1,67.87,-13.69535542,90.66418457,-182.1198578,50.92337922386323,marker-only,1.0,19,1,0,0.9069544090092762,3.697827841377153,0.6210454806262778,0.0558772087100376,1.078473586205471,1,1
experiment_results1.csv,perturbation_run,perturbation_gap,1,2026-04-21T19:49:56+08:00,20260421_194956_229718,controlled_perturbation_study,CTChest,perspective,tp_-13.70_90.66_-182.12,Near,1,CTChest__perspective__tp_-13.70_90.66_-182.12__shot2_46.99__shot3m3m1_43.10__shot3m3m2_67.87,Medium,2,46.99,43.1,67.87,-13.69535542,90.66418457,-182.1198578,50.92337922386323,marker-only,1.0,20,1,0,0.4876209168060436,0.7236495706545284,0.5363279306220683,0.0558772087100376,1.2952237923935657,1,1
experiment_results1.csv,perturbation_run,perturbation_gap,1,2026-04-21T19:49:56+08:00,20260421_194956_589835,controlled_perturbation_study,CTChest,perspective,tp_-13.70_90.66_-182.12,Near,1,CTChest__perspective__tp_-13.70_90.66_-182.12__shot2_46.99__shot3m3m1_43.10__shot3m3m2_67.87,Medium,2,46.99,43.1,67.87,-13.69535542,90.66418457,-182.1198578,50.92337922386323,marker-only,1.0,21,1,0,0.719282077385817,1.5160551732216467,0.6871123815794964,0.0558772087100376,1.0487299895476632,1,1
experiment_results1.csv,perturbation_run,perturbation_gap,1,2026-04-21T19:49:56+08:00,20260421_194956_959673,controlled_perturbation_study,CTChest,perspective,tp_-13.70_90.66_-182.12,Near,1,CTChest__perspective__tp_-13.70_90.66_-182.12__shot2_46.99__shot3m3m1_43.10__shot3m3m2_67.87,Medium,2,46.99,43.1,67.87,-13.69535542,90.66418457,-182.1198578,50.92337922386323,marker-only,1.0,22,1,0,0.9134046370362042,1.32819208344448,0.3895856737852339,0.0558772087100376,1.323853922215294,1,1
experiment_results1.csv,perturbation_run,perturbation_gap,1,2026-04-21T19:49:57+08:00,20260421_194957_337686,controlled_perturbation_study,CTChest,perspective,tp_-13.70_90.66_-182.12,Near,1,CTChest__perspective__tp_-13.70_90.66_-182.12__shot2_46.99__shot3m3m1_43.10__shot3m3m2_67.87,Medium,2,46.99,43.1,67.87,-13.69535542,90.66418457,-182.1198578,50.92337922386323,marker-only,1.0,23,1,0,0.7425708963391621,0.8658289959826843,0.4595889766219794,0.0558772087100376,1.1689283910145911,1,1
experiment_results1.csv,perturbation_run,perturbation_gap,1,2026-04-21T19:49:57+08:00,20260421_194957_725264,controlled_perturbation_study,CTChest,perspective,tp_-13.70_90.66_-182.12,Near,1,CTChest__perspective__tp_-13.70_90.66_-182.12__shot2_46.99__shot3m3m1_43.10__shot3m3m2_67.87,Medium,2,46.99,43.1,67.87,-13.69535542,90.66418457,-182.1198578,50.92337922386323,marker-only,1.0,24,1,0,1.0097397621061668,2.888853302502045,0.8713962377733149,0.0558772087100376,0.9958372027845446,1,1
experiment_results1.csv,perturbation_run,perturbation_gap,1,2026-04-21T19:49:58+08:00,20260421_194958_125337,controlled_perturbation_study,CTChest,perspective,tp_-13.70_90.66_-182.12,Near,1,CTChest__perspective__tp_-13.70_90.66_-182.12__shot2_46.99__shot3m3m1_43.10__shot3m3m2_67.87,Medium,2,46.99,43.1,67.87,-13.69535542,90.66418457,-182.1198578,50.92337922386323,marker-only,1.0,25,1,0,0.4609067683518509,2.0582323015638555,0.082255943989875,0.0558772087100376,1.2817131277501663,1,1
experiment_results1.csv,perturbation_run,perturbation_gap,1,2026-04-21T19:49:58+08:00,20260421_194958_550255,controlled_perturbation_study,CTChest,perspective,tp_-13.70_90.66_-182.12,Near,1,CTChest__perspective__tp_-13.70_90.66_-182.12__shot2_46.99__shot3m3m1_43.10__shot3m3m2_67.87,Medium,2,46.99,43.1,67.87,-13.69535542,90.66418457,-182.1198578,50.92337922386323,marker-only,1.0,26,1,0,0.4945866635167502,1.8662731598338465,0.627452375531391,0.0558772087100376,1.0588804466095578,1,1
experiment_results1.csv,perturbation_run,perturbation_gap,1,2026-04-21T19:49:58+08:00,20260421_194958_966051,controlled_perturbation_study,CTChest,perspective,tp_-13.70_90.66_-182.12,Near,1,CTChest__perspective__tp_-13.70_90.66_-182.12__shot2_46.99__shot3m3m1_43.10__shot3m3m2_67.87,Medium,2,46.99,43.1,67.87,-13.69535542,90.66418457,-182.1198578,50.92337922386323,marker-only,1.0,27,1,0,1.6828998547002754,1.3731565068007852,0.001950678852408,0.0558772087100376,1.4258723533527071,1,1
experiment_results1.csv,perturbation_run,perturbation_gap,1,2026-04-21T19:49:59+08:00,20260421_194959_383322,controlled_perturbation_study,CTChest,perspective,tp_-13.70_90.66_-182.12,Near,1,CTChest__perspective__tp_-13.70_90.66_-182.12__shot2_46.99__shot3m3m1_43.10__shot3m3m2_67.87,Medium,2,46.99,43.1,67.87,-13.69535542,90.66418457,-182.1198578,50.92337922386323,marker-only,1.0,28,1,0,0.2514907295806284,1.1382093518943326,0.2735882293221349,0.0558772087100376,1.1179945831191638,1,1
experiment_results1.csv,perturbation_run,perturbation_gap,1,2026-04-21T19:49:59+08:00,20260421_194959_809252,controlled_perturbation_study,CTChest,perspective,tp_-13.70_90.66_-182.12,Near,1,CTChest__perspective__tp_-13.70_90.66_-182.12__shot2_46.99__shot3m3m1_43.10__shot3m3m2_67.87,Medium,2,46.99,43.1,67.87,-13.69535542,90.66418457,-182.1198578,50.92337922386323,marker-only,1.0,29,1,0,0.8663855288766102,0.5412340397197277,0.3870394764887999,0.0558772087100376,1.0955486335768332,1,1
experiment_results1.csv,perturbation_run,perturbation_gap,1,2026-04-21T19:50:00+08:00,20260421_195000_238193,controlled_perturbation_study,CTChest,perspective,tp_-13.70_90.66_-182.12,Near,1,CTChest__perspective__tp_-13.70_90.66_-182.12__shot2_46.99__shot3m3m1_43.10__shot3m3m2_67.87,Medium,2,46.99,43.1,67.87,-13.69535542,90.66418457,-182.1198578,50.92337922386323,marker-only,1.0,30,1,0,1.580919218002978,3.122476804376728,0.2992838049549035,0.0558772087100376,1.134770740992354,1,1
experiment_results1.csv,perturbation_run,perturbation_gap,1,2026-04-21T19:50:00+08:00,20260421_195000_656304,controlled_perturbation_study,CTChest,perspective,tp_-13.70_90.66_-182.12,Near,1,CTChest__perspective__tp_-13.70_90.66_-182.12__shot2_46.99__shot3m3m1_43.10__shot3m3m2_67.87,Medium,2,46.99,43.1,67.87,-13.69535542,90.66418457,-182.1198578,50.92337922386323,marker-only,1.0,31,1,0,1.0252474290335385,2.9829360799815072,1.412784393772038,0.0558772087100376,1.1792739514618815,1,1
experiment_results1.csv,perturbation_run,perturbation_gap,1,2026-04-21T19:50:00+08:00,20260421_195000_980013,controlled_perturbation_study,CTChest,perspective,tp_-13.70_90.66_-182.12,Near,1,CTChest__perspective__tp_-13.70_90.66_-182.12__shot2_46.99__shot3m3m1_43.10__shot3m3m2_67.87,Medium,2,46.99,43.1,67.87,-13.69535542,90.66418457,-182.1198578,50.92337922386323,marker-only,1.0,32,1,0,0.4520761628154829,0.7303810656332043,0.638630217295777,0.0558772087100376,1.2249305008901106,1,1
experiment_results1.csv,perturbation_run,perturbation_gap,1,2026-04-21T19:50:01+08:00,20260421_195001_266865,controlled_perturbation_study,CTChest,perspective,tp_-13.70_90.66_-182.12,Near,1,CTChest__perspective__tp_-13.70_90.66_-182.12__shot2_46.99__shot3m3m1_43.10__shot3m3m2_67.87,Medium,2,46.99,43.1,67.87,-13.69535542,90.66418457,-182.1198578,50.92337922386323,marker-only,1.0,33,1,0,0.5059701204002128,1.6764555288060456,0.1942621856624756,0.0558772087100376,1.156339155447586,1,1
experiment_results1.csv,perturbation_run,perturbation_gap,1,2026-04-21T19:50:01+08:00,20260421_195001_547133,controlled_perturbation_study,CTChest,perspective,tp_-13.70_90.66_-182.12,Near,1,CTChest__perspective__tp_-13.70_90.66_-182.12__shot2_46.99__shot3m3m1_43.10__shot3m3m2_67.87,Medium,2,46.99,43.1,67.87,-13.69535542,90.66418457,-182.1198578,50.92337922386323,marker-only,1.0,34,1,0,2.3879985656754976,2.899766907631389,0.130139162197338,0.0558772087100376,1.0990500516184436,1,1
experiment_results1.csv,perturbation_run,perturbation_gap,1,2026-04-21T19:50:01+08:00,20260421_195001_825361,controlled_perturbation_study,CTChest,perspective,tp_-13.70_90.66_-182.12,Near,1,CTChest__perspective__tp_-13.70_90.66_-182.12__shot2_46.99__shot3m3m1_43.10__shot3m3m2_67.87,Medium,2,46.99,43.1,67.87,-13.69535542,90.66418457,-182.1198578,50.92337922386323,marker-only,1.0,35,1,0,1.2736932104847023,3.437603875160016,1.0979824207323217,0.0558772087100376,0.988790173695974,1,1
experiment_results1.csv,perturbation_run,perturbation_gap,1,2026-04-21T19:50:02+08:00,20260421_195002_106718,controlled_perturbation_study,CTChest,perspective,tp_-13.70_90.66_-182.12,Near,1,CTChest__perspective__tp_-13.70_90.66_-182.12__shot2_46.99__shot3m3m1_43.10__shot3m3m2_67.87,Medium,2,46.99,43.1,67.87,-13.69535542,90.66418457,-182.1198578,50.92337922386323,marker-only,1.0,36,1,0,0.1770000475560473,0.4374638989319375,0.3894519380876094,0.0558772087100376,0.9420245734979434,1,1
experiment_results1.csv,perturbation_run,perturbation_gap,1,2026-04-21T19:50:02+08:00,20260421_195002_394073,controlled_perturbation_study,CTChest,perspective,tp_-13.70_90.66_-182.12,Near,1,CTChest__perspective__tp_-13.70_90.66_-182.12__shot2_46.99__shot3m3m1_43.10__shot3m3m2_67.87,Medium,2,46.99,43.1,67.87,-13.69535542,90.66418457,-182.1198578,50.92337922386323,marker-only,1.0,37,1,0,2.2131901883837584,1.8788424738327456,0.1539089926305441,0.0558772087100376,1.2604299363099034,1,1
experiment_results1.csv,perturbation_run,perturbation_gap,1,2026-04-21T19:50:02+08:00,20260421_195002_678238,controlled_perturbation_study,CTChest,perspective,tp_-13.70_90.66_-182.12,Near,1,CTChest__perspective__tp_-13.70_90.66_-182.12__shot2_46.99__shot3m3m1_43.10__shot3m3m2_67.87,Medium,2,46.99,43.1,67.87,-13.69535542,90.66418457,-182.1198578,50.92337922386323,marker-only,1.0,38,1,0,1.1413559336042212,1.900491807904048,0.3171927083026044,0.0558772087100376,0.9727310331507956,1,1
experiment_results1.csv,perturbation_run,perturbation_gap,1,2026-04-21T19:50:02+08:00,20260421_195002_960362,controlled_perturbation_study,CTChest,perspective,tp_-13.70_90.66_-182.12,Near,1,CTChest__perspective__tp_-13.70_90.66_-182.12__shot2_46.99__shot3m3m1_43.10__shot3m3m2_67.87,Medium,2,46.99,43.1,67.87,-13.69535542,90.66418457,-182.1198578,50.92337922386323,marker-only,1.0,39,1,0,0.6245897870599298,0.9397719733598054,0.2549232186788389,0.0558772087100376,1.2764658557441686,1,1
experiment_results1.csv,perturbation_run,perturbation_gap,1,2026-04-21T19:50:03+08:00,20260421_195003_257275,controlled_perturbation_study,CTChest,perspective,tp_-13.70_90.66_-182.12,Near,1,CTChest__perspective__tp_-13.70_90.66_-182.12__shot2_46.99__shot3m3m1_43.10__shot3m3m2_67.87,Medium,2,46.99,43.1,67.87,-13.69535542,90.66418457,-182.1198578,50.92337922386323,marker-only,1.0,40,1,0,0.9130180026707184,1.4416148069087404,0.0168880420854749,0.0558772087100376,1.1902175328318665,1,1
experiment_results1.csv,perturbation_run,perturbation_gap,1,2026-04-21T19:50:03+08:00,20260421_195003_549592,controlled_perturbation_study,CTChest,perspective,tp_-13.70_90.66_-182.12,Near,1,CTChest__perspective__tp_-13.70_90.66_-182.12__shot2_46.99__shot3m3m1_43.10__shot3m3m2_67.87,Medium,2,46.99,43.1,67.87,-13.69535542,90.66418457,-182.1198578,50.92337922386323,marker-only,1.0,41,1,0,0.867921324379704,1.1630166255676633,0.918969285531292,0.0558772087100376,1.120551670915704,1,1
experiment_results1.csv,perturbation_run,perturbation_gap,1,2026-04-21T19:50:03+08:00,20260421_195003_833015,controlled_perturbation_study,CTChest,perspective,tp_-13.70_90.66_-182.12,Near,1,CTChest__perspective__tp_-13.70_90.66_-182.12__shot2_46.99__shot3m3m1_43.10__shot3m3m2_67.87,Medium,2,46.99,43.1,67.87,-13.69535542,90.66418457,-182.1198578,50.92337922386323,marker-only,1.0,42,1,0,0.8841795419910456,1.3677560954066954,0.5013450109035998,0.0558772087100376,1.0788033111166069,1,1
experiment_results1.csv,perturbation_run,perturbation_gap,1,2026-04-21T19:50:04+08:00,20260421_195004_109858,controlled_perturbation_study,CTChest,perspective,tp_-13.70_90.66_-182.12,Near,1,CTChest__perspective__tp_-13.70_90.66_-182.12__shot2_46.99__shot3m3m1_43.10__shot3m3m2_67.87,Medium,2,46.99,43.1,67.87,-13.69535542,90.66418457,-182.1198578,50.92337922386323,marker-only,1.0,43,1,0,0.9122696875669216,0.8735150210156571,0.467561324715659,0.0558772087100376,1.277158927627028,1,1
experiment_results1.csv,perturbation_run,perturbation_gap,1,2026-04-21T19:50:04+08:00,20260421_195004_406524,controlled_perturbation_study,CTChest,perspective,tp_-13.70_90.66_-182.12,Near,1,CTChest__perspective__tp_-13.70_90.66_-182.12__shot2_46.99__shot3m3m1_43.10__shot3m3m2_67.87,Medium,2,46.99,43.1,67.87,-13.69535542,90.66418457,-182.1198578,50.92337922386323,marker-only,1.0,44,1,0,1.0819229662889651,1.0370897422160332,2.0001144483963973,0.0558772087100376,1.0107691420454092,1,1
experiment_results1.csv,perturbation_run,perturbation_gap,1,2026-04-21T19:50:04+08:00,20260421_195004_687156,controlled_perturbation_study,CTChest,perspective,tp_-13.70_90.66_-182.12,Near,1,CTChest__perspective__tp_-13.70_90.66_-182.12__shot2_46.99__shot3m3m1_43.10__shot3m3m2_67.87,Medium,2,46.99,43.1,67.87,-13.69535542,90.66418457,-182.1198578,50.92337922386323,marker-only,1.0,45,1,0,0.5491387314110102,1.0009639847426668,0.7563199008105981,0.0558772087100376,1.3809585409591587,1,1
experiment_results1.csv,perturbation_run,perturbation_gap,1,2026-04-21T19:50:04+08:00,20260421_195004_975343,controlled_perturbation_study,CTChest,perspective,tp_-13.70_90.66_-182.12,Near,1,CTChest__perspective__tp_-13.70_90.66_-182.12__shot2_46.99__shot3m3m1_43.10__shot3m3m2_67.87,Medium,2,46.99,43.1,67.87,-13.69535542,90.66418457,-182.1198578,50.92337922386323,marker-only,1.0,46,1,0,3.039903138888341,4.734831754257079,0.3021840493616827,0.0558772087100376,1.0177928028514325,1,1
experiment_results1.csv,perturbation_run,perturbation_gap,1,2026-04-21T19:50:05+08:00,20260421_195005_265373,controlled_perturbation_study,CTChest,perspective,tp_-13.70_90.66_-182.12,Near,1,CTChest__perspective__tp_-13.70_90.66_-182.12__shot2_46.99__shot3m3m1_43.10__shot3m3m2_67.87,Medium,2,46.99,43.1,67.87,-13.69535542,90.66418457,-182.1198578,50.92337922386323,marker-only,1.0,47,1,0,1.2930582481045343,2.007750950683428,0.7137253524898194,0.0558772087100376,0.991814088898164,1,1
experiment_results1.csv,perturbation_run,perturbation_gap,1,2026-04-21T19:50:05+08:00,20260421_195005_555356,controlled_perturbation_study,CTChest,perspective,tp_-13.70_90.66_-182.12,Near,1,CTChest__perspective__tp_-13.70_90.66_-182.12__shot2_46.99__shot3m3m1_43.10__shot3m3m2_67.87,Medium,2,46.99,43.1,67.87,-13.69535542,90.66418457,-182.1198578,50.92337922386323,marker-only,1.0,48,1,0,1.7388226893687413,2.234771407627869,0.3182637101772309,0.0558772087100376,1.2266186490436108,1,1
experiment_results1.csv,perturbation_run,perturbation_gap,1,2026-04-21T19:50:05+08:00,20260421_195005_853408,controlled_perturbation_study,CTChest,perspective,tp_-13.70_90.66_-182.12,Near,1,CTChest__perspective__tp_-13.70_90.66_-182.12__shot2_46.99__shot3m3m1_43.10__shot3m3m2_67.87,Medium,2,46.99,43.1,67.87,-13.69535542,90.66418457,-182.1198578,50.92337922386323,marker-only,1.0,49,1,0,1.3570241125201143,2.7868065929587784,0.4424742926704833,0.0558772087100376,1.429772280742375,1,1
experiment_results1.csv,perturbation_run,perturbation_gap,1,2026-04-21T19:50:06+08:00,20260421_195006_157264,controlled_perturbation_study,CTChest,perspective,tp_-13.70_90.66_-182.12,Near,1,CTChest__perspective__tp_-13.70_90.66_-182.12__shot2_46.99__shot3m3m1_43.10__shot3m3m2_67.87,Medium,2,46.99,43.1,67.87,-13.69535542,90.66418457,-182.1198578,50.92337922386323,marker-only,1.0,50,1,0,1.0202684877685473,3.002054915363968,0.5216242651284434,0.0558772087100376,1.3732310007978086,1,1
experiment_results1.csv,perturbation_run,perturbation_gap,1,2026-04-21T19:50:13+08:00,20260421_195013_200396,controlled_perturbation_study,CTChest,perspective,tp_-13.70_90.66_-182.12,Near,1,CTChest__perspective__tp_-13.70_90.66_-182.12__shot2_46.99__shot3m3m1_43.10__shot3m3m2_67.87,Medium,2,46.99,43.1,67.87,-13.69535542,90.66418457,-182.1198578,50.92337922386323,marker-only,2.0,1,1,0,2.347061266898696,2.8274963852618904,0.0242137118956359,0.0558772087100376,2.569218306573473,1,1
experiment_results1.csv,perturbation_run,perturbation_gap,1,2026-04-21T19:50:13+08:00,20260421_195013_489475,controlled_perturbation_study,CTChest,perspective,tp_-13.70_90.66_-182.12,Near,1,CTChest__perspective__tp_-13.70_90.66_-182.12__shot2_46.99__shot3m3m1_43.10__shot3m3m2_67.87,Medium,2,46.99,43.1,67.87,-13.69535542,90.66418457,-182.1198578,50.92337922386323,marker-only,2.0,2,1,0,0.8393088093050518,3.9936282503895857,1.6366286264559269,0.0558772087100376,2.749551829275101,1,1
experiment_results1.csv,perturbation_run,perturbation_gap,1,2026-04-21T19:50:13+08:00,20260421_195013_776018,controlled_perturbation_study,CTChest,perspective,tp_-13.70_90.66_-182.12,Near,1,CTChest__perspective__tp_-13.70_90.66_-182.12__shot2_46.99__shot3m3m1_43.10__shot3m3m2_67.87,Medium,2,46.99,43.1,67.87,-13.69535542,90.66418457,-182.1198578,50.92337922386323,marker-only,2.0,3,1,0,2.569848559787347,2.8361266861474546,0.9969455573355652,0.0558772087100376,2.464932211990248,1,1
experiment_results1.csv,perturbation_run,perturbation_gap,1,2026-04-21T19:50:14+08:00,20260421_195014_068907,controlled_perturbation_study,CTChest,perspective,tp_-13.70_90.66_-182.12,Near,1,CTChest__perspective__tp_-13.70_90.66_-182.12__shot2_46.99__shot3m3m1_43.10__shot3m3m2_67.87,Medium,2,46.99,43.1,67.87,-13.69535542,90.66418457,-182.1198578,50.92337922386323,marker-only,2.0,4,1,0,2.088608770528769,4.016463176953419,0.5495519143937391,0.0558772087100376,2.363424629971309,1,1
experiment_results1.csv,perturbation_run,perturbation_gap,1,2026-04-21T19:50:14+08:00,20260421_195014_359363,controlled_perturbation_study,CTChest,perspective,tp_-13.70_90.66_-182.12,Near,1,CTChest__perspective__tp_-13.70_90.66_-182.12__shot2_46.99__shot3m3m1_43.10__shot3m3m2_67.87,Medium,2,46.99,43.1,67.87,-13.69535542,90.66418457,-182.1198578,50.92337922386323,marker-only,2.0,5,1,0,1.3062053222621148,4.607007966500236,0.5938328591986974,0.0558772087100376,2.183300447008485,1,1
experiment_results1.csv,perturbation_run,perturbation_gap,1,2026-04-21T19:50:14+08:00,20260421_195014_647028,controlled_perturbation_study,CTChest,perspective,tp_-13.70_90.66_-182.12,Near,1,CTChest__perspective__tp_-13.70_90.66_-182.12__shot2_46.99__shot3m3m1_43.10__shot3m3m2_67.87,Medium,2,46.99,43.1,67.87,-13.69535542,90.66418457,-182.1198578,50.92337922386323,marker-only,2.0,6,1,0,1.1168685337236253,3.1228983739799165,1.339898151925578,0.0558772087100376,1.6689446689457854,1,1
experiment_results1.csv,perturbation_run,perturbation_gap,1,2026-04-21T19:50:14+08:00,20260421_195014_939101,controlled_perturbation_study,CTChest,perspective,tp_-13.70_90.66_-182.12,Near,1,CTChest__perspective__tp_-13.70_90.66_-182.12__shot2_46.99__shot3m3m1_43.10__shot3m3m2_67.87,Medium,2,46.99,43.1,67.87,-13.69535542,90.66418457,-182.1198578,50.92337922386323,marker-only,2.0,7,1,0,1.241576477541008,1.7440936115049075,0.8890906285605595,0.0558772087100376,2.3453149194233323,1,1
experiment_results1.csv,perturbation_run,perturbation_gap,1,2026-04-21T19:50:15+08:00,20260421_195015_229784,controlled_perturbation_study,CTChest,perspective,tp_-13.70_90.66_-182.12,Near,1,CTChest__perspective__tp_-13.70_90.66_-182.12__shot2_46.99__shot3m3m1_43.10__shot3m3m2_67.87,Medium,2,46.99,43.1,67.87,-13.69535542,90.66418457,-182.1198578,50.92337922386323,marker-only,2.0,8,1,0,2.564912205307543,1.9934089627714016,2.289998337214817,0.0558772087100376,2.348317513915776,1,1
experiment_results1.csv,perturbation_run,perturbation_gap,1,2026-04-21T19:50:15+08:00,20260421_195015_521952,controlled_perturbation_study,CTChest,perspective,tp_-13.70_90.66_-182.12,Near,1,CTChest__perspective__tp_-13.70_90.66_-182.12__shot2_46.99__shot3m3m1_43.10__shot3m3m2_67.87,Medium,2,46.99,43.1,67.87,-13.69535542,90.66418457,-182.1198578,50.92337922386323,marker-only,2.0,9,1,0,1.166847905976179,5.61906601211852,0.079536966001551,0.0558772087100376,2.268064006471879,1,1
experiment_results1.csv,perturbation_run,perturbation_gap,1,2026-04-21T19:50:15+08:00,20260421_195015_813452,controlled_perturbation_study,CTChest,perspective,tp_-13.70_90.66_-182.12,Near,1,CTChest__perspective__tp_-13.70_90.66_-182.12__shot2_46.99__shot3m3m1_43.10__shot3m3m2_67.87,Medium,2,46.99,43.1,67.87,-13.69535542,90.66418457,-182.1198578,50.92337922386323,marker-only,2.0,10,1,0,2.794205101238296,2.8457906807110773,1.494618858562595,0.0558772087100376,2.373499842616176,1,1
experiment_results1.csv,perturbation_run,perturbation_gap,1,2026-04-21T19:50:16+08:00,20260421_195016_101162,controlled_perturbation_study,CTChest,perspective,tp_-13.70_90.66_-182.12,Near,1,CTChest__perspective__tp_-13.70_90.66_-182.12__shot2_46.99__shot3m3m1_43.10__shot3m3m2_67.87,Medium,2,46.99,43.1,67.87,-13.69535542,90.66418457,-182.1198578,50.92337922386323,marker-only,2.0,11,1,0,1.154993054652421,1.9087741294589524,1.191099724200559,0.0558772087100376,2.176644489225611,1,1
experiment_results1.csv,perturbation_run,perturbation_gap,1,2026-04-21T19:50:16+08:00,20260421_195016_403742,controlled_perturbation_study,CTChest,perspective,tp_-13.70_90.66_-182.12,Near,1,CTChest__perspective__tp_-13.70_90.66_-182.12__shot2_46.99__shot3m3m1_43.10__shot3m3m2_67.87,Medium,2,46.99,43.1,67.87,-13.69535542,90.66418457,-182.1198578,50.92337922386323,marker-only,2.0,12,1,0,1.6329451222043805,6.000231345025151,0.0339413994701687,0.0558772087100376,2.27984464233819,1,1
experiment_results1.csv,perturbation_run,perturbation_gap,1,2026-04-21T19:50:16+08:00,20260421_195016_708585,controlled_perturbation_study,CTChest,perspective,tp_-13.70_90.66_-182.12,Near,1,CTChest__perspective__tp_-13.70_90.66_-182.12__shot2_46.99__shot3m3m1_43.10__shot3m3m2_67.87,Medium,2,46.99,43.1,67.87,-13.69535542,90.66418457,-182.1198578,50.92337922386323,marker-only,2.0,13,1,0,0.7037867487575494,2.4209573343115385,1.7233758768001444,0.0558772087100376,2.675874886635925,1,1
experiment_results1.csv,perturbation_run,perturbation_gap,1,2026-04-21T19:50:17+08:00,20260421_195017_020338,controlled_perturbation_study,CTChest,perspective,tp_-13.70_90.66_-182.12,Near,1,CTChest__perspective__tp_-13.70_90.66_-182.12__shot2_46.99__shot3m3m1_43.10__shot3m3m2_67.87,Medium,2,46.99,43.1,67.87,-13.69535542,90.66418457,-182.1198578,50.92337922386323,marker-only,2.0,14,1,0,1.100229202086894,1.8257356962865108,0.5135677759951112,0.0558772087100376,2.589556639621416,1,1
experiment_results1.csv,perturbation_run,perturbation_gap,1,2026-04-21T19:50:17+08:00,20260421_195017_336302,controlled_perturbation_study,CTChest,perspective,tp_-13.70_90.66_-182.12,Near,1,CTChest__perspective__tp_-13.70_90.66_-182.12__shot2_46.99__shot3m3m1_43.10__shot3m3m2_67.87,Medium,2,46.99,43.1,67.87,-13.69535542,90.66418457,-182.1198578,50.92337922386323,marker-only,2.0,15,1,0,1.1198905936238652,2.071206469840788,1.935175938401096,0.0558772087100376,2.652690804044554,1,1
experiment_results1.csv,perturbation_run,perturbation_gap,1,2026-04-21T19:50:17+08:00,20260421_195017_661427,controlled_perturbation_study,CTChest,perspective,tp_-13.70_90.66_-182.12,Near,1,CTChest__perspective__tp_-13.70_90.66_-182.12__shot2_46.99__shot3m3m1_43.10__shot3m3m2_67.87,Medium,2,46.99,43.1,67.87,-13.69535542,90.66418457,-182.1198578,50.92337922386323,marker-only,2.0,16,1,0,1.894669356690399,3.445107252073846,0.1647684380765589,0.0558772087100376,2.5287416715631776,1,1
experiment_results1.csv,perturbation_run,perturbation_gap,1,2026-04-21T19:50:17+08:00,20260421_195017_987306,controlled_perturbation_study,CTChest,perspective,tp_-13.70_90.66_-182.12,Near,1,CTChest__perspective__tp_-13.70_90.66_-182.12__shot2_46.99__shot3m3m1_43.10__shot3m3m2_67.87,Medium,2,46.99,43.1,67.87,-13.69535542,90.66418457,-182.1198578,50.92337922386323,marker-only,2.0,17,1,0,1.1500891801531807,4.026582274635095,0.0552598395579932,0.0558772087100376,2.07138062240492,1,1
experiment_results1.csv,perturbation_run,perturbation_gap,1,2026-04-21T19:50:18+08:00,20260421_195018_323453,controlled_perturbation_study,CTChest,perspective,tp_-13.70_90.66_-182.12,Near,1,CTChest__perspective__tp_-13.70_90.66_-182.12__shot2_46.99__shot3m3m1_43.10__shot3m3m2_67.87,Medium,2,46.99,43.1,67.87,-13.69535542,90.66418457,-182.1198578,50.92337922386323,marker-only,2.0,18,1,0,5.902556437997913,10.58468406325218,2.288396302455946,0.0558772087100376,1.923866252673468,1,1
experiment_results1.csv,perturbation_run,perturbation_gap,1,2026-04-21T19:50:18+08:00,20260421_195018_663437,controlled_perturbation_study,CTChest,perspective,tp_-13.70_90.66_-182.12,Near,1,CTChest__perspective__tp_-13.70_90.66_-182.12__shot2_46.99__shot3m3m1_43.10__shot3m3m2_67.87,Medium,2,46.99,43.1,67.87,-13.69535542,90.66418457,-182.1198578,50.92337922386323,marker-only,2.0,19,1,0,1.3709805699467106,3.2426746884808546,2.464517568298613,0.0558772087100376,2.083174490996735,1,1
experiment_results1.csv,perturbation_run,perturbation_gap,1,2026-04-21T19:50:19+08:00,20260421_195019_013728,controlled_perturbation_study,CTChest,perspective,tp_-13.70_90.66_-182.12,Near,1,CTChest__perspective__tp_-13.70_90.66_-182.12__shot2_46.99__shot3m3m1_43.10__shot3m3m2_67.87,Medium,2,46.99,43.1,67.87,-13.69535542,90.66418457,-182.1198578,50.92337922386323,marker-only,2.0,20,1,0,0.7371299929706708,1.71861946018457,2.329997026039428,0.0558772087100376,2.7761796383523865,1,1
experiment_results1.csv,perturbation_run,perturbation_gap,1,2026-04-21T19:50:19+08:00,20260421_195019_379934,controlled_perturbation_study,CTChest,perspective,tp_-13.70_90.66_-182.12,Near,1,CTChest__perspective__tp_-13.70_90.66_-182.12__shot2_46.99__shot3m3m1_43.10__shot3m3m2_67.87,Medium,2,46.99,43.1,67.87,-13.69535542,90.66418457,-182.1198578,50.92337922386323,marker-only,2.0,21,1,0,0.3588893328037162,12.381833237384226,2.0933615135157004,0.0558772087100376,2.214039419732194,1,1
experiment_results1.csv,perturbation_run,perturbation_gap,1,2026-04-21T19:50:19+08:00,20260421_195019_753421,controlled_perturbation_study,CTChest,perspective,tp_-13.70_90.66_-182.12,Near,1,CTChest__perspective__tp_-13.70_90.66_-182.12__shot2_46.99__shot3m3m1_43.10__shot3m3m2_67.87,Medium,2,46.99,43.1,67.87,-13.69535542,90.66418457,-182.1198578,50.92337922386323,marker-only,2.0,22,1,0,0.8663097056470165,4.161446187093175,3.2968619416810268,0.0558772087100376,2.292836158301906,1,1
experiment_results1.csv,perturbation_run,perturbation_gap,1,2026-04-21T19:50:20+08:00,20260421_195020_137258,controlled_perturbation_study,CTChest,perspective,tp_-13.70_90.66_-182.12,Near,1,CTChest__perspective__tp_-13.70_90.66_-182.12__shot2_46.99__shot3m3m1_43.10__shot3m3m2_67.87,Medium,2,46.99,43.1,67.87,-13.69535542,90.66418457,-182.1198578,50.92337922386323,marker-only,2.0,23,1,0,1.1372231529084258,5.470327996920428,0.1990897981806151,0.0558772087100376,2.236124271442853,1,1
experiment_results1.csv,perturbation_run,perturbation_gap,1,2026-04-21T19:50:20+08:00,20260421_195020_549336,controlled_perturbation_study,CTChest,perspective,tp_-13.70_90.66_-182.12,Near,1,CTChest__perspective__tp_-13.70_90.66_-182.12__shot2_46.99__shot3m3m1_43.10__shot3m3m2_67.87,Medium,2,46.99,43.1,67.87,-13.69535542,90.66418457,-182.1198578,50.92337922386323,marker-only,2.0,24,1,0,1.27896337343448,3.720309932421773,0.0808013990114916,0.0558772087100376,2.0596205186039453,1,1
experiment_results1.csv,perturbation_run,perturbation_gap,1,2026-04-21T19:50:20+08:00,20260421_195020_963006,controlled_perturbation_study,CTChest,perspective,tp_-13.70_90.66_-182.12,Near,1,CTChest__perspective__tp_-13.70_90.66_-182.12__shot2_46.99__shot3m3m1_43.10__shot3m3m2_67.87,Medium,2,46.99,43.1,67.87,-13.69535542,90.66418457,-182.1198578,50.92337922386323,marker-only,2.0,25,1,0,2.125616473717252,1.0381109296534714,0.2819071341549529,0.0558772087100376,2.1251716549656234,1,1
experiment_results1.csv,perturbation_run,perturbation_gap,1,2026-04-21T19:50:21+08:00,20260421_195021_370590,controlled_perturbation_study,CTChest,perspective,tp_-13.70_90.66_-182.12,Near,1,CTChest__perspective__tp_-13.70_90.66_-182.12__shot2_46.99__shot3m3m1_43.10__shot3m3m2_67.87,Medium,2,46.99,43.1,67.87,-13.69535542,90.66418457,-182.1198578,50.92337922386323,marker-only,2.0,26,1,0,1.995419853403012,1.525789739401358,0.0845882832260951,0.0558772087100376,1.8992637318980383,1,1
experiment_results1.csv,perturbation_run,perturbation_gap,1,2026-04-21T19:50:21+08:00,20260421_195021_788432,controlled_perturbation_study,CTChest,perspective,tp_-13.70_90.66_-182.12,Near,1,CTChest__perspective__tp_-13.70_90.66_-182.12__shot2_46.99__shot3m3m1_43.10__shot3m3m2_67.87,Medium,2,46.99,43.1,67.87,-13.69535542,90.66418457,-182.1198578,50.92337922386323,marker-only,2.0,27,1,0,1.9793936398844896,5.524516548593353,2.522838647423893,0.0558772087100376,2.346916538583275,1,1
experiment_results1.csv,perturbation_run,perturbation_gap,1,2026-04-21T19:50:22+08:00,20260421_195022_199374,controlled_perturbation_study,CTChest,perspective,tp_-13.70_90.66_-182.12,Near,1,CTChest__perspective__tp_-13.70_90.66_-182.12__shot2_46.99__shot3m3m1_43.10__shot3m3m2_67.87,Medium,2,46.99,43.1,67.87,-13.69535542,90.66418457,-182.1198578,50.92337922386323,marker-only,2.0,28,1,0,10.136303086363036,12.693732805358287,1.2666249997305463,0.0558772087100376,2.8562389651364577,1,1
experiment_results1.csv,perturbation_run,perturbation_gap,1,2026-04-21T19:50:22+08:00,20260421_195022_621814,controlled_perturbation_study,CTChest,perspective,tp_-13.70_90.66_-182.12,Near,1,CTChest__perspective__tp_-13.70_90.66_-182.12__shot2_46.99__shot3m3m1_43.10__shot3m3m2_67.87,Medium,2,46.99,43.1,67.87,-13.69535542,90.66418457,-182.1198578,50.92337922386323,marker-only,2.0,29,1,0,3.652502098796999,4.517955611487824,3.1933506834200625,0.0558772087100376,2.185993012166177,1,1
experiment_results1.csv,perturbation_run,perturbation_gap,1,2026-04-21T19:50:23+08:00,20260421_195023_050550,controlled_perturbation_study,CTChest,perspective,tp_-13.70_90.66_-182.12,Near,1,CTChest__perspective__tp_-13.70_90.66_-182.12__shot2_46.99__shot3m3m1_43.10__shot3m3m2_67.87,Medium,2,46.99,43.1,67.87,-13.69535542,90.66418457,-182.1198578,50.92337922386323,marker-only,2.0,30,1,0,0.7587217172685218,15.157758388799078,0.8651776796323717,0.0558772087100376,2.212449685679925,1,1
experiment_results1.csv,perturbation_run,perturbation_gap,1,2026-04-21T19:50:23+08:00,20260421_195023_506019,controlled_perturbation_study,CTChest,perspective,tp_-13.70_90.66_-182.12,Near,1,CTChest__perspective__tp_-13.70_90.66_-182.12__shot2_46.99__shot3m3m1_43.10__shot3m3m2_67.87,Medium,2,46.99,43.1,67.87,-13.69535542,90.66418457,-182.1198578,50.92337922386323,marker-only,2.0,31,1,0,0.8056398667539335,0.3847203952682466,0.400071117847491,0.0558772087100376,2.512110821605296,1,1
experiment_results1.csv,perturbation_run,perturbation_gap,1,2026-04-21T19:50:23+08:00,20260421_195023_946154,controlled_perturbation_study,CTChest,perspective,tp_-13.70_90.66_-182.12,Near,1,CTChest__perspective__tp_-13.70_90.66_-182.12__shot2_46.99__shot3m3m1_43.10__shot3m3m2_67.87,Medium,2,46.99,43.1,67.87,-13.69535542,90.66418457,-182.1198578,50.92337922386323,marker-only,2.0,32,1,0,1.2948919324582109,2.784027064928248,1.1257743535301008,0.0558772087100376,2.255044945691614,1,1
experiment_results1.csv,perturbation_run,perturbation_gap,1,2026-04-21T19:50:24+08:00,20260421_195024_405378,controlled_perturbation_study,CTChest,perspective,tp_-13.70_90.66_-182.12,Near,1,CTChest__perspective__tp_-13.70_90.66_-182.12__shot2_46.99__shot3m3m1_43.10__shot3m3m2_67.87,Medium,2,46.99,43.1,67.87,-13.69535542,90.66418457,-182.1198578,50.92337922386323,marker-only,2.0,33,1,0,1.3811261929836711,2.3036026549920146,1.6589464077535578,0.0558772087100376,2.1302747061319285,1,1
experiment_results1.csv,perturbation_run,perturbation_gap,1,2026-04-21T19:50:24+08:00,20260421_195024_863243,controlled_perturbation_study,CTChest,perspective,tp_-13.70_90.66_-182.12,Near,1,CTChest__perspective__tp_-13.70_90.66_-182.12__shot2_46.99__shot3m3m1_43.10__shot3m3m2_67.87,Medium,2,46.99,43.1,67.87,-13.69535542,90.66418457,-182.1198578,50.92337922386323,marker-only,2.0,34,1,0,0.2280833452194434,2.8600134787453744,2.106631598627991,0.0558772087100376,2.2660524165666467,1,1
experiment_results1.csv,perturbation_run,perturbation_gap,1,2026-04-21T19:50:25+08:00,20260421_195025_330632,controlled_perturbation_study,CTChest,perspective,tp_-13.70_90.66_-182.12,Near,1,CTChest__perspective__tp_-13.70_90.66_-182.12__shot2_46.99__shot3m3m1_43.10__shot3m3m2_67.87,Medium,2,46.99,43.1,67.87,-13.69535542,90.66418457,-182.1198578,50.92337922386323,marker-only,2.0,35,1,0,0.7214373116191254,2.1469540967639795,1.2861332590571637,0.0558772087100376,2.2256497588346,1,1
experiment_results1.csv,perturbation_run,perturbation_gap,1,2026-04-21T19:50:25+08:00,20260421_195025_791011,controlled_perturbation_study,CTChest,perspective,tp_-13.70_90.66_-182.12,Near,1,CTChest__perspective__tp_-13.70_90.66_-182.12__shot2_46.99__shot3m3m1_43.10__shot3m3m2_67.87,Medium,2,46.99,43.1,67.87,-13.69535542,90.66418457,-182.1198578,50.92337922386323,marker-only,2.0,36,1,0,3.1463472802296115,2.18900764142855,0.5263939687825611,0.0558772087100376,2.306387298612397,1,1
experiment_results1.csv,perturbation_run,perturbation_gap,1,2026-04-21T19:50:26+08:00,20260421_195026_243074,controlled_perturbation_study,CTChest,perspective,tp_-13.70_90.66_-182.12,Near,1,CTChest__perspective__tp_-13.70_90.66_-182.12__shot2_46.99__shot3m3m1_43.10__shot3m3m2_67.87,Medium,2,46.99,43.1,67.87,-13.69535542,90.66418457,-182.1198578,50.92337922386323,marker-only,2.0,37,1,0,0.8438627615483953,5.066244431954694,2.041450294812025,0.0558772087100376,2.428363403498896,1,1
experiment_results1.csv,perturbation_run,perturbation_gap,1,2026-04-21T19:50:26+08:00,20260421_195026_701505,controlled_perturbation_study,CTChest,perspective,tp_-13.70_90.66_-182.12,Near,1,CTChest__perspective__tp_-13.70_90.66_-182.12__shot2_46.99__shot3m3m1_43.10__shot3m3m2_67.87,Medium,2,46.99,43.1,67.87,-13.69535542,90.66418457,-182.1198578,50.92337922386323,marker-only,2.0,38,1,0,2.2275706724542634,2.471839209765254,0.3500413379005935,0.0558772087100376,2.093317102136325,1,1
experiment_results1.csv,perturbation_run,perturbation_gap,1,2026-04-21T19:50:27+08:00,20260421_195027_168063,controlled_perturbation_study,CTChest,perspective,tp_-13.70_90.66_-182.12,Near,1,CTChest__perspective__tp_-13.70_90.66_-182.12__shot2_46.99__shot3m3m1_43.10__shot3m3m2_67.87,Medium,2,46.99,43.1,67.87,-13.69535542,90.66418457,-182.1198578,50.92337922386323,marker-only,2.0,39,1,0,1.6314247187124502,3.219897211101159,0.1337527513721096,0.0558772087100376,1.962834022986246,1,1
experiment_results1.csv,perturbation_run,perturbation_gap,1,2026-04-21T19:50:27+08:00,20260421_195027_619484,controlled_perturbation_study,CTChest,perspective,tp_-13.70_90.66_-182.12,Near,1,CTChest__perspective__tp_-13.70_90.66_-182.12__shot2_46.99__shot3m3m1_43.10__shot3m3m2_67.87,Medium,2,46.99,43.1,67.87,-13.69535542,90.66418457,-182.1198578,50.92337922386323,marker-only,2.0,40,1,0,0.3261893308495395,2.3415073545718106,1.1545419203691565,0.0558772087100376,2.1076791915058184,1,1
experiment_results1.csv,perturbation_run,perturbation_gap,1,2026-04-21T19:50:28+08:00,20260421_195028_076271,controlled_perturbation_study,CTChest,perspective,tp_-13.70_90.66_-182.12,Near,1,CTChest__perspective__tp_-13.70_90.66_-182.12__shot2_46.99__shot3m3m1_43.10__shot3m3m2_67.87,Medium,2,46.99,43.1,67.87,-13.69535542,90.66418457,-182.1198578,50.92337922386323,marker-only,2.0,41,1,0,1.4018516643682888,3.6859826463284775,0.9183982293575824,0.0558772087100376,2.6078988147282955,1,1
experiment_results1.csv,perturbation_run,perturbation_gap,1,2026-04-21T19:50:28+08:00,20260421_195028_531982,controlled_perturbation_study,CTChest,perspective,tp_-13.70_90.66_-182.12,Near,1,CTChest__perspective__tp_-13.70_90.66_-182.12__shot2_46.99__shot3m3m1_43.10__shot3m3m2_67.87,Medium,2,46.99,43.1,67.87,-13.69535542,90.66418457,-182.1198578,50.92337922386323,marker-only,2.0,42,1,0,1.6051109047006822,1.512376105995495,0.3075119795743072,0.0558772087100376,2.9438014550885065,1,1
experiment_results1.csv,perturbation_run,perturbation_gap,1,2026-04-21T19:50:28+08:00,20260421_195028_988881,controlled_perturbation_study,CTChest,perspective,tp_-13.70_90.66_-182.12,Near,1,CTChest__perspective__tp_-13.70_90.66_-182.12__shot2_46.99__shot3m3m1_43.10__shot3m3m2_67.87,Medium,2,46.99,43.1,67.87,-13.69535542,90.66418457,-182.1198578,50.92337922386323,marker-only,2.0,43,1,0,3.3440773545063327,4.6111899554218105,0.8888787999456031,0.0558772087100376,2.572567988234056,1,1
experiment_results1.csv,perturbation_run,perturbation_gap,1,2026-04-21T19:50:29+08:00,20260421_195029_444135,controlled_perturbation_study,CTChest,perspective,tp_-13.70_90.66_-182.12,Near,1,CTChest__perspective__tp_-13.70_90.66_-182.12__shot2_46.99__shot3m3m1_43.10__shot3m3m2_67.87,Medium,2,46.99,43.1,67.87,-13.69535542,90.66418457,-182.1198578,50.92337922386323,marker-only,2.0,44,1,0,0.7906710791824425,5.410087509237834,0.6686084417126034,0.0558772087100376,2.718557130736296,1,1
experiment_results1.csv,perturbation_run,perturbation_gap,1,2026-04-21T19:50:29+08:00,20260421_195029_904082,controlled_perturbation_study,CTChest,perspective,tp_-13.70_90.66_-182.12,Near,1,CTChest__perspective__tp_-13.70_90.66_-182.12__shot2_46.99__shot3m3m1_43.10__shot3m3m2_67.87,Medium,2,46.99,43.1,67.87,-13.69535542,90.66418457,-182.1198578,50.92337922386323,marker-only,2.0,45,1,0,1.2799527086722542,3.223109684898531,1.2600830888950192,0.0558772087100376,2.150557928691861,1,1
experiment_results1.csv,perturbation_run,perturbation_gap,1,2026-04-21T19:50:30+08:00,20260421_195030_358627,controlled_perturbation_study,CTChest,perspective,tp_-13.70_90.66_-182.12,Near,1,CTChest__perspective__tp_-13.70_90.66_-182.12__shot2_46.99__shot3m3m1_43.10__shot3m3m2_67.87,Medium,2,46.99,43.1,67.87,-13.69535542,90.66418457,-182.1198578,50.92337922386323,marker-only,2.0,46,1,0,4.236925954231016,13.46323723165376,0.7196510097733692,0.0558772087100376,2.08633046159307,1,1
experiment_results1.csv,perturbation_run,perturbation_gap,1,2026-04-21T19:50:30+08:00,20260421_195030_810362,controlled_perturbation_study,CTChest,perspective,tp_-13.70_90.66_-182.12,Near,1,CTChest__perspective__tp_-13.70_90.66_-182.12__shot2_46.99__shot3m3m1_43.10__shot3m3m2_67.87,Medium,2,46.99,43.1,67.87,-13.69535542,90.66418457,-182.1198578,50.92337922386323,marker-only,2.0,47,1,0,2.014635336694913,1.2963679080485058,1.225149835801314,0.0558772087100376,2.309394896158815,1,1
experiment_results1.csv,perturbation_run,perturbation_gap,1,2026-04-21T19:50:31+08:00,20260421_195031_261903,controlled_perturbation_study,CTChest,perspective,tp_-13.70_90.66_-182.12,Near,1,CTChest__perspective__tp_-13.70_90.66_-182.12__shot2_46.99__shot3m3m1_43.10__shot3m3m2_67.87,Medium,2,46.99,43.1,67.87,-13.69535542,90.66418457,-182.1198578,50.92337922386323,marker-only,2.0,48,1,0,1.1461072206420322,16.156135653309953,1.542734223954474,0.0558772087100376,2.710845189557514,1,1
experiment_results1.csv,perturbation_run,perturbation_gap,1,2026-04-21T19:50:31+08:00,20260421_195031_717446,controlled_perturbation_study,CTChest,perspective,tp_-13.70_90.66_-182.12,Near,1,CTChest__perspective__tp_-13.70_90.66_-182.12__shot2_46.99__shot3m3m1_43.10__shot3m3m2_67.87,Medium,2,46.99,43.1,67.87,-13.69535542,90.66418457,-182.1198578,50.92337922386323,marker-only,2.0,49,1,0,1.763738752220772,14.878479174505152,1.400583219557913,0.0558772087100376,2.593016769935728,1,1
experiment_results1.csv,perturbation_run,perturbation_gap,1,2026-04-21T19:50:32+08:00,20260421_195032_166776,controlled_perturbation_study,CTChest,perspective,tp_-13.70_90.66_-182.12,Near,1,CTChest__perspective__tp_-13.70_90.66_-182.12__shot2_46.99__shot3m3m1_43.10__shot3m3m2_67.87,Medium,2,46.99,43.1,67.87,-13.69535542,90.66418457,-182.1198578,50.92337922386323,marker-only,2.0,50,1,0,1.84674700694304,0.7332739157488991,1.4984293505960498,0.0558772087100376,1.9916760682308627,1,1
experiment_results1.csv,perturbation_run,perturbation_gap,1,2026-04-21T19:50:44+08:00,20260421_195044_104956,controlled_perturbation_study,CTChest,perspective,tp_-13.70_90.66_-182.12,Near,1,CTChest__perspective__tp_-13.70_90.66_-182.12__shot2_46.99__shot3m3m1_43.10__shot3m3m2_67.87,Medium,2,46.99,43.1,67.87,-13.69535542,90.66418457,-182.1198578,50.92337922386323,target-only,0.5,1,1,0,0.6155314410821345,1.1795698659082092,0.1989207061034082,0.0558772087100376,0.0539340927337255,1,1
experiment_results1.csv,perturbation_run,perturbation_gap,1,2026-04-21T19:50:44+08:00,20260421_195044_372360,controlled_perturbation_study,CTChest,perspective,tp_-13.70_90.66_-182.12,Near,1,CTChest__perspective__tp_-13.70_90.66_-182.12__shot2_46.99__shot3m3m1_43.10__shot3m3m2_67.87,Medium,2,46.99,43.1,67.87,-13.69535542,90.66418457,-182.1198578,50.92337922386323,target-only,0.5,2,1,0,0.4170016740866379,0.803287543722,0.2721817030036584,0.0558772087100376,0.0539340927337255,1,1
experiment_results1.csv,perturbation_run,perturbation_gap,1,2026-04-21T19:50:44+08:00,20260421_195044_627362,controlled_perturbation_study,CTChest,perspective,tp_-13.70_90.66_-182.12,Near,1,CTChest__perspective__tp_-13.70_90.66_-182.12__shot2_46.99__shot3m3m1_43.10__shot3m3m2_67.87,Medium,2,46.99,43.1,67.87,-13.69535542,90.66418457,-182.1198578,50.92337922386323,target-only,0.5,3,1,0,0.3800719040414185,0.2624237823842714,0.0327960639508113,0.0558772087100376,0.0539340927337255,1,1
experiment_results1.csv,perturbation_run,perturbation_gap,1,2026-04-21T19:50:44+08:00,20260421_195044_892005,controlled_perturbation_study,CTChest,perspective,tp_-13.70_90.66_-182.12,Near,1,CTChest__perspective__tp_-13.70_90.66_-182.12__shot2_46.99__shot3m3m1_43.10__shot3m3m2_67.87,Medium,2,46.99,43.1,67.87,-13.69535542,90.66418457,-182.1198578,50.92337922386323,target-only,0.5,4,1,0,0.4640611601896703,0.6346485391770837,0.2551100543903348,0.0558772087100376,0.0539340927337255,1,1
experiment_results1.csv,perturbation_run,perturbation_gap,1,2026-04-21T19:50:45+08:00,20260421_195045_118184,controlled_perturbation_study,CTChest,perspective,tp_-13.70_90.66_-182.12,Near,1,CTChest__perspective__tp_-13.70_90.66_-182.12__shot2_46.99__shot3m3m1_43.10__shot3m3m2_67.87,Medium,2,46.99,43.1,67.87,-13.69535542,90.66418457,-182.1198578,50.92337922386323,target-only,0.5,5,1,0,0.2218047742697846,0.4050340285148323,0.000279612266287,0.0558772087100376,0.0539340927337255,1,1
experiment_results1.csv,perturbation_run,perturbation_gap,1,2026-04-21T19:50:45+08:00,20260421_195045_380887,controlled_perturbation_study,CTChest,perspective,tp_-13.70_90.66_-182.12,Near,1,CTChest__perspective__tp_-13.70_90.66_-182.12__shot2_46.99__shot3m3m1_43.10__shot3m3m2_67.87,Medium,2,46.99,43.1,67.87,-13.69535542,90.66418457,-182.1198578,50.92337922386323,target-only,0.5,6,1,0,0.5452461803257289,0.6533570399720602,0.3295372246682952,0.0558772087100376,0.0539340927337255,1,1
experiment_results1.csv,perturbation_run,perturbation_gap,1,2026-04-21T19:50:45+08:00,20260421_195045_618132,controlled_perturbation_study,CTChest,perspective,tp_-13.70_90.66_-182.12,Near,1,CTChest__perspective__tp_-13.70_90.66_-182.12__shot2_46.99__shot3m3m1_43.10__shot3m3m2_67.87,Medium,2,46.99,43.1,67.87,-13.69535542,90.66418457,-182.1198578,50.92337922386323,target-only,0.5,7,1,0,0.4446079081327666,0.7738958767545031,0.2409477701996417,0.0558772087100376,0.0539340927337255,1,1
experiment_results1.csv,perturbation_run,perturbation_gap,1,2026-04-21T19:50:45+08:00,20260421_195045_879109,controlled_perturbation_study,CTChest,perspective,tp_-13.70_90.66_-182.12,Near,1,CTChest__perspective__tp_-13.70_90.66_-182.12__shot2_46.99__shot3m3m1_43.10__shot3m3m2_67.87,Medium,2,46.99,43.1,67.87,-13.69535542,90.66418457,-182.1198578,50.92337922386323,target-only,0.5,8,1,0,0.6423244344630612,1.2943724734916389,0.4985246272558956,0.0558772087100376,0.0539340927337255,1,1
experiment_results1.csv,perturbation_run,perturbation_gap,1,2026-04-21T19:50:46+08:00,20260421_195046_140640,controlled_perturbation_study,CTChest,perspective,tp_-13.70_90.66_-182.12,Near,1,CTChest__perspective__tp_-13.70_90.66_-182.12__shot2_46.99__shot3m3m1_43.10__shot3m3m2_67.87,Medium,2,46.99,43.1,67.87,-13.69535542,90.66418457,-182.1198578,50.92337922386323,target-only,0.5,9,1,0,0.3067016632339567,0.524928655802893,0.0646640559241148,0.0558772087100376,0.0539340927337255,1,1
experiment_results1.csv,perturbation_run,perturbation_gap,1,2026-04-21T19:50:46+08:00,20260421_195046_400807,controlled_perturbation_study,CTChest,perspective,tp_-13.70_90.66_-182.12,Near,1,CTChest__perspective__tp_-13.70_90.66_-182.12__shot2_46.99__shot3m3m1_43.10__shot3m3m2_67.87,Medium,2,46.99,43.1,67.87,-13.69535542,90.66418457,-182.1198578,50.92337922386323,target-only,0.5,10,1,0,0.8910135246308786,1.4808529807353683,0.0835417938287775,0.0558772087100376,0.0539340927337255,1,1
experiment_results1.csv,perturbation_run,perturbation_gap,1,2026-04-21T19:50:46+08:00,20260421_195046_628264,controlled_perturbation_study,CTChest,perspective,tp_-13.70_90.66_-182.12,Near,1,CTChest__perspective__tp_-13.70_90.66_-182.12__shot2_46.99__shot3m3m1_43.10__shot3m3m2_67.87,Medium,2,46.99,43.1,67.87,-13.69535542,90.66418457,-182.1198578,50.92337922386323,target-only,0.5,11,1,0,1.0770193237877332,1.4687285280922593,0.3351910090694665,0.0558772087100376,0.0539340927337255,1,1
experiment_results1.csv,perturbation_run,perturbation_gap,1,2026-04-21T19:50:46+08:00,20260421_195046_867389,controlled_perturbation_study,CTChest,perspective,tp_-13.70_90.66_-182.12,Near,1,CTChest__perspective__tp_-13.70_90.66_-182.12__shot2_46.99__shot3m3m1_43.10__shot3m3m2_67.87,Medium,2,46.99,43.1,67.87,-13.69535542,90.66418457,-182.1198578,50.92337922386323,target-only,0.5,12,1,0,0.4493127335794396,0.82594131716615,0.4925009085438091,0.0558772087100376,0.0539340927337255,1,1
experiment_results1.csv,perturbation_run,perturbation_gap,1,2026-04-21T19:50:47+08:00,20260421_195047_134446,controlled_perturbation_study,CTChest,perspective,tp_-13.70_90.66_-182.12,Near,1,CTChest__perspective__tp_-13.70_90.66_-182.12__shot2_46.99__shot3m3m1_43.10__shot3m3m2_67.87,Medium,2,46.99,43.1,67.87,-13.69535542,90.66418457,-182.1198578,50.92337922386323,target-only,0.5,13,1,0,0.5735189032728728,1.0234446824229182,0.7471264508985768,0.0558772087100376,0.0539340927337255,1,1
experiment_results1.csv,perturbation_run,perturbation_gap,1,2026-04-21T19:50:47+08:00,20260421_195047_405022,controlled_perturbation_study,CTChest,perspective,tp_-13.70_90.66_-182.12,Near,1,CTChest__perspective__tp_-13.70_90.66_-182.12__shot2_46.99__shot3m3m1_43.10__shot3m3m2_67.87,Medium,2,46.99,43.1,67.87,-13.69535542,90.66418457,-182.1198578,50.92337922386323,target-only,0.5,14,1,0,0.4852859147209402,0.6769002294434858,0.3754197923880001,0.0558772087100376,0.0539340927337255,1,1
experiment_results1.csv,perturbation_run,perturbation_gap,1,2026-04-21T19:50:47+08:00,20260421_195047_684280,controlled_perturbation_study,CTChest,perspective,tp_-13.70_90.66_-182.12,Near,1,CTChest__perspective__tp_-13.70_90.66_-182.12__shot2_46.99__shot3m3m1_43.10__shot3m3m2_67.87,Medium,2,46.99,43.1,67.87,-13.69535542,90.66418457,-182.1198578,50.92337922386323,target-only,0.5,15,1,0,0.2284124161782647,0.4276991640713309,0.1186651634519521,0.0558772087100376,0.0539340927337255,1,1
experiment_results1.csv,perturbation_run,perturbation_gap,1,2026-04-21T19:50:47+08:00,20260421_195047_933691,controlled_perturbation_study,CTChest,perspective,tp_-13.70_90.66_-182.12,Near,1,CTChest__perspective__tp_-13.70_90.66_-182.12__shot2_46.99__shot3m3m1_43.10__shot3m3m2_67.87,Medium,2,46.99,43.1,67.87,-13.69535542,90.66418457,-182.1198578,50.92337922386323,target-only,0.5,16,1,0,0.2904786053307284,0.3725444904712238,0.0907482738327297,0.0558772087100376,0.0539340927337255,1,1
experiment_results1.csv,perturbation_run,perturbation_gap,1,2026-04-21T19:50:48+08:00,20260421_195048_193654,controlled_perturbation_study,CTChest,perspective,tp_-13.70_90.66_-182.12,Near,1,CTChest__perspective__tp_-13.70_90.66_-182.12__shot2_46.99__shot3m3m1_43.10__shot3m3m2_67.87,Medium,2,46.99,43.1,67.87,-13.69535542,90.66418457,-182.1198578,50.92337922386323,target-only,0.5,17,1,0,0.4737466731737967,0.7859537022766827,0.0891435935380002,0.0558772087100376,0.0539340927337255,1,1
experiment_results1.csv,perturbation_run,perturbation_gap,1,2026-04-21T19:50:48+08:00,20260421_195048_491021,controlled_perturbation_study,CTChest,perspective,tp_-13.70_90.66_-182.12,Near,1,CTChest__perspective__tp_-13.70_90.66_-182.12__shot2_46.99__shot3m3m1_43.10__shot3m3m2_67.87,Medium,2,46.99,43.1,67.87,-13.69535542,90.66418457,-182.1198578,50.92337922386323,target-only,0.5,18,1,0,0.8706160837204838,1.5532647354626754,0.299351176307232,0.0558772087100376,0.0539340927337255,1,1
experiment_results1.csv,perturbation_run,perturbation_gap,1,2026-04-21T19:50:48+08:00,20260421_195048_793102,controlled_perturbation_study,CTChest,perspective,tp_-13.70_90.66_-182.12,Near,1,CTChest__perspective__tp_-13.70_90.66_-182.12__shot2_46.99__shot3m3m1_43.10__shot3m3m2_67.87,Medium,2,46.99,43.1,67.87,-13.69535542,90.66418457,-182.1198578,50.92337922386323,target-only,0.5,19,1,0,0.4268983079288871,0.67234845225544,0.5587400196076099,0.0558772087100376,0.0539340927337255,1,1
experiment_results1.csv,perturbation_run,perturbation_gap,1,2026-04-21T19:50:49+08:00,20260421_195049_059974,controlled_perturbation_study,CTChest,perspective,tp_-13.70_90.66_-182.12,Near,1,CTChest__perspective__tp_-13.70_90.66_-182.12__shot2_46.99__shot3m3m1_43.10__shot3m3m2_67.87,Medium,2,46.99,43.1,67.87,-13.69535542,90.66418457,-182.1198578,50.92337922386323,target-only,0.5,20,1,0,0.4277715129864354,0.7647365947975687,0.1787334580003459,0.0558772087100376,0.0539340927337255,1,1
experiment_results1.csv,perturbation_run,perturbation_gap,1,2026-04-21T19:50:49+08:00,20260421_195049_379539,controlled_perturbation_study,CTChest,perspective,tp_-13.70_90.66_-182.12,Near,1,CTChest__perspective__tp_-13.70_90.66_-182.12__shot2_46.99__shot3m3m1_43.10__shot3m3m2_67.87,Medium,2,46.99,43.1,67.87,-13.69535542,90.66418457,-182.1198578,50.92337922386323,target-only,0.5,21,1,0,0.3853382736081702,0.4719686013546557,0.5353064267772705,0.0558772087100376,0.0539340927337255,1,1
experiment_results1.csv,perturbation_run,perturbation_gap,1,2026-04-21T19:50:49+08:00,20260421_195049_704566,controlled_perturbation_study,CTChest,perspective,tp_-13.70_90.66_-182.12,Near,1,CTChest__perspective__tp_-13.70_90.66_-182.12__shot2_46.99__shot3m3m1_43.10__shot3m3m2_67.87,Medium,2,46.99,43.1,67.87,-13.69535542,90.66418457,-182.1198578,50.92337922386323,target-only,0.5,22,1,0,0.5832082280835451,1.052753335188202,0.426051240053367,0.0558772087100376,0.0539340927337255,1,1
experiment_results1.csv,perturbation_run,perturbation_gap,1,2026-04-21T19:50:50+08:00,20260421_195050_040546,controlled_perturbation_study,CTChest,perspective,tp_-13.70_90.66_-182.12,Near,1,CTChest__perspective__tp_-13.70_90.66_-182.12__shot2_46.99__shot3m3m1_43.10__shot3m3m2_67.87,Medium,2,46.99,43.1,67.87,-13.69535542,90.66418457,-182.1198578,50.92337922386323,target-only,0.5,23,1,0,1.5362266109833662,2.641823210305167,0.2189102677346203,0.0558772087100376,0.0539340927337255,1,1
experiment_results1.csv,perturbation_run,perturbation_gap,1,2026-04-21T19:50:50+08:00,20260421_195050_384115,controlled_perturbation_study,CTChest,perspective,tp_-13.70_90.66_-182.12,Near,1,CTChest__perspective__tp_-13.70_90.66_-182.12__shot2_46.99__shot3m3m1_43.10__shot3m3m2_67.87,Medium,2,46.99,43.1,67.87,-13.69535542,90.66418457,-182.1198578,50.92337922386323,target-only,0.5,24,1,0,0.1854629779461904,0.2286099511293292,0.4684842188696935,0.0558772087100376,0.0539340927337255,1,1
experiment_results1.csv,perturbation_run,perturbation_gap,1,2026-04-21T19:50:50+08:00,20260421_195050_686385,controlled_perturbation_study,CTChest,perspective,tp_-13.70_90.66_-182.12,Near,1,CTChest__perspective__tp_-13.70_90.66_-182.12__shot2_46.99__shot3m3m1_43.10__shot3m3m2_67.87,Medium,2,46.99,43.1,67.87,-13.69535542,90.66418457,-182.1198578,50.92337922386323,target-only,0.5,25,1,0,0.3166591457906622,0.5144303034373804,0.4202708853965766,0.0558772087100376,0.0539340927337255,1,1
experiment_results1.csv,perturbation_run,perturbation_gap,1,2026-04-21T19:50:50+08:00,20260421_195050_984310,controlled_perturbation_study,CTChest,perspective,tp_-13.70_90.66_-182.12,Near,1,CTChest__perspective__tp_-13.70_90.66_-182.12__shot2_46.99__shot3m3m1_43.10__shot3m3m2_67.87,Medium,2,46.99,43.1,67.87,-13.69535542,90.66418457,-182.1198578,50.92337922386323,target-only,0.5,26,1,0,1.0482672651423983,1.7251383212447176,0.0593176462688855,0.0558772087100376,0.0539340927337255,1,1
experiment_results1.csv,perturbation_run,perturbation_gap,1,2026-04-21T19:50:51+08:00,20260421_195051_345188,controlled_perturbation_study,CTChest,perspective,tp_-13.70_90.66_-182.12,Near,1,CTChest__perspective__tp_-13.70_90.66_-182.12__shot2_46.99__shot3m3m1_43.10__shot3m3m2_67.87,Medium,2,46.99,43.1,67.87,-13.69535542,90.66418457,-182.1198578,50.92337922386323,target-only,0.5,27,1,0,0.7160707122535674,1.377233340918269,0.193734321335605,0.0558772087100376,0.0539340927337255,1,1
experiment_results1.csv,perturbation_run,perturbation_gap,1,2026-04-21T19:50:51+08:00,20260421_195051_650263,controlled_perturbation_study,CTChest,perspective,tp_-13.70_90.66_-182.12,Near,1,CTChest__perspective__tp_-13.70_90.66_-182.12__shot2_46.99__shot3m3m1_43.10__shot3m3m2_67.87,Medium,2,46.99,43.1,67.87,-13.69535542,90.66418457,-182.1198578,50.92337922386323,target-only,0.5,28,1,0,0.449842924279262,0.8224193928800585,0.0234141733421923,0.0558772087100376,0.0539340927337255,1,1
experiment_results1.csv,perturbation_run,perturbation_gap,1,2026-04-21T19:50:52+08:00,20260421_195052_023088,controlled_perturbation_study,CTChest,perspective,tp_-13.70_90.66_-182.12,Near,1,CTChest__perspective__tp_-13.70_90.66_-182.12__shot2_46.99__shot3m3m1_43.10__shot3m3m2_67.87,Medium,2,46.99,43.1,67.87,-13.69535542,90.66418457,-182.1198578,50.92337922386323,target-only,0.5,29,1,0,0.7126963715305588,0.8260316804134588,0.0636529808261022,0.0558772087100376,0.0539340927337255,1,1
experiment_results1.csv,perturbation_run,perturbation_gap,1,2026-04-21T19:50:52+08:00,20260421_195052_347181,controlled_perturbation_study,CTChest,perspective,tp_-13.70_90.66_-182.12,Near,1,CTChest__perspective__tp_-13.70_90.66_-182.12__shot2_46.99__shot3m3m1_43.10__shot3m3m2_67.87,Medium,2,46.99,43.1,67.87,-13.69535542,90.66418457,-182.1198578,50.92337922386323,target-only,0.5,30,1,0,0.5944085513921874,0.958426318294854,0.0649288761746529,0.0558772087100376,0.0539340927337255,1,1
experiment_results1.csv,perturbation_run,perturbation_gap,1,2026-04-21T19:50:52+08:00,20260421_195052_733342,controlled_perturbation_study,CTChest,perspective,tp_-13.70_90.66_-182.12,Near,1,CTChest__perspective__tp_-13.70_90.66_-182.12__shot2_46.99__shot3m3m1_43.10__shot3m3m2_67.87,Medium,2,46.99,43.1,67.87,-13.69535542,90.66418457,-182.1198578,50.92337922386323,target-only,0.5,31,1,0,0.3132807312989684,0.4671023537582025,0.0153006141546061,0.0558772087100376,0.0539340927337255,1,1
experiment_results1.csv,perturbation_run,perturbation_gap,1,2026-04-21T19:50:53+08:00,20260421_195053_069410,controlled_perturbation_study,CTChest,perspective,tp_-13.70_90.66_-182.12,Near,1,CTChest__perspective__tp_-13.70_90.66_-182.12__shot2_46.99__shot3m3m1_43.10__shot3m3m2_67.87,Medium,2,46.99,43.1,67.87,-13.69535542,90.66418457,-182.1198578,50.92337922386323,target-only,0.5,32,1,0,0.3936553609086524,0.566045305472043,0.6002473829478834,0.0558772087100376,0.0539340927337255,1,1
experiment_results1.csv,perturbation_run,perturbation_gap,1,2026-04-21T19:50:53+08:00,20260421_195053_467411,controlled_perturbation_study,CTChest,perspective,tp_-13.70_90.66_-182.12,Near,1,CTChest__perspective__tp_-13.70_90.66_-182.12__shot2_46.99__shot3m3m1_43.10__shot3m3m2_67.87,Medium,2,46.99,43.1,67.87,-13.69535542,90.66418457,-182.1198578,50.92337922386323,target-only,0.5,33,1,0,0.180539258127077,0.3068860414940781,0.0320121832811591,0.0558772087100376,0.0539340927337255,1,1
experiment_results1.csv,perturbation_run,perturbation_gap,1,2026-04-21T19:50:53+08:00,20260421_195053_868050,controlled_perturbation_study,CTChest,perspective,tp_-13.70_90.66_-182.12,Near,1,CTChest__perspective__tp_-13.70_90.66_-182.12__shot2_46.99__shot3m3m1_43.10__shot3m3m2_67.87,Medium,2,46.99,43.1,67.87,-13.69535542,90.66418457,-182.1198578,50.92337922386323,target-only,0.5,34,1,0,0.4592142915884935,0.5592297381514444,0.1904130601066512,0.0558772087100376,0.0539340927337255,1,1
experiment_results1.csv,perturbation_run,perturbation_gap,1,2026-04-21T19:50:54+08:00,20260421_195054_271447,controlled_perturbation_study,CTChest,perspective,tp_-13.70_90.66_-182.12,Near,1,CTChest__perspective__tp_-13.70_90.66_-182.12__shot2_46.99__shot3m3m1_43.10__shot3m3m2_67.87,Medium,2,46.99,43.1,67.87,-13.69535542,90.66418457,-182.1198578,50.92337922386323,target-only,0.5,35,1,0,0.1840249790462589,0.3632544211900458,0.0330157684560728,0.0558772087100376,0.0539340927337255,1,1
experiment_results1.csv,perturbation_run,perturbation_gap,1,2026-04-21T19:50:54+08:00,20260421_195054_693779,controlled_perturbation_study,CTChest,perspective,tp_-13.70_90.66_-182.12,Near,1,CTChest__perspective__tp_-13.70_90.66_-182.12__shot2_46.99__shot3m3m1_43.10__shot3m3m2_67.87,Medium,2,46.99,43.1,67.87,-13.69535542,90.66418457,-182.1198578,50.92337922386323,target-only,0.5,36,1,0,0.2711379997777864,0.400708526003687,0.2641746375653128,0.0558772087100376,0.0539340927337255,1,1
experiment_results1.csv,perturbation_run,perturbation_gap,1,2026-04-21T19:50:54+08:00,20260421_195054_989068,controlled_perturbation_study,CTChest,perspective,tp_-13.70_90.66_-182.12,Near,1,CTChest__perspective__tp_-13.70_90.66_-182.12__shot2_46.99__shot3m3m1_43.10__shot3m3m2_67.87,Medium,2,46.99,43.1,67.87,-13.69535542,90.66418457,-182.1198578,50.92337922386323,target-only,0.5,37,1,0,1.0913676226094726,2.003544961135855,0.1090475449873931,0.0558772087100376,0.0539340927337255,1,1
experiment_results1.csv,perturbation_run,perturbation_gap,1,2026-04-21T19:50:55+08:00,20260421_195055_413344,controlled_perturbation_study,CTChest,perspective,tp_-13.70_90.66_-182.12,Near,1,CTChest__perspective__tp_-13.70_90.66_-182.12__shot2_46.99__shot3m3m1_43.10__shot3m3m2_67.87,Medium,2,46.99,43.1,67.87,-13.69535542,90.66418457,-182.1198578,50.92337922386323,target-only,0.5,38,1,0,0.4246682207166654,0.5529415887494139,0.0024939398235377,0.0558772087100376,0.0539340927337255,1,1
experiment_results1.csv,perturbation_run,perturbation_gap,1,2026-04-21T19:50:55+08:00,20260421_195055_845921,controlled_perturbation_study,CTChest,perspective,tp_-13.70_90.66_-182.12,Near,1,CTChest__perspective__tp_-13.70_90.66_-182.12__shot2_46.99__shot3m3m1_43.10__shot3m3m2_67.87,Medium,2,46.99,43.1,67.87,-13.69535542,90.66418457,-182.1198578,50.92337922386323,target-only,0.5,39,1,0,0.6863750950474041,0.6278437725723559,0.3601520132514263,0.0558772087100376,0.0539340927337255,1,1
experiment_results1.csv,perturbation_run,perturbation_gap,1,2026-04-21T19:50:56+08:00,20260421_195056_283006,controlled_perturbation_study,CTChest,perspective,tp_-13.70_90.66_-182.12,Near,1,CTChest__perspective__tp_-13.70_90.66_-182.12__shot2_46.99__shot3m3m1_43.10__shot3m3m2_67.87,Medium,2,46.99,43.1,67.87,-13.69535542,90.66418457,-182.1198578,50.92337922386323,target-only,0.5,40,1,0,0.6022337210204015,1.130077182710887,0.1085635392628958,0.0558772087100376,0.0539340927337255,1,1
experiment_results1.csv,perturbation_run,perturbation_gap,1,2026-04-21T19:50:56+08:00,20260421_195056_645038,controlled_perturbation_study,CTChest,perspective,tp_-13.70_90.66_-182.12,Near,1,CTChest__perspective__tp_-13.70_90.66_-182.12__shot2_46.99__shot3m3m1_43.10__shot3m3m2_67.87,Medium,2,46.99,43.1,67.87,-13.69535542,90.66418457,-182.1198578,50.92337922386323,target-only,0.5,41,1,0,0.9380069678301056,0.9546803914872805,0.3958265470976291,0.0558772087100376,0.0539340927337255,1,1
experiment_results1.csv,perturbation_run,perturbation_gap,1,2026-04-21T19:50:57+08:00,20260421_195057_072456,controlled_perturbation_study,CTChest,perspective,tp_-13.70_90.66_-182.12,Near,1,CTChest__perspective__tp_-13.70_90.66_-182.12__shot2_46.99__shot3m3m1_43.10__shot3m3m2_67.87,Medium,2,46.99,43.1,67.87,-13.69535542,90.66418457,-182.1198578,50.92337922386323,target-only,0.5,42,1,0,0.364180573292612,0.2125027499299629,0.0100668726461913,0.0558772087100376,0.0539340927337255,1,1
experiment_results1.csv,perturbation_run,perturbation_gap,1,2026-04-21T19:50:57+08:00,20260421_195057_502238,controlled_perturbation_study,CTChest,perspective,tp_-13.70_90.66_-182.12,Near,1,CTChest__perspective__tp_-13.70_90.66_-182.12__shot2_46.99__shot3m3m1_43.10__shot3m3m2_67.87,Medium,2,46.99,43.1,67.87,-13.69535542,90.66418457,-182.1198578,50.92337922386323,target-only,0.5,43,1,0,0.6331132869006556,0.8423517588713813,0.1125459999735601,0.0558772087100376,0.0539340927337255,1,1
experiment_results1.csv,perturbation_run,perturbation_gap,1,2026-04-21T19:50:57+08:00,20260421_195057_938644,controlled_perturbation_study,CTChest,perspective,tp_-13.70_90.66_-182.12,Near,1,CTChest__perspective__tp_-13.70_90.66_-182.12__shot2_46.99__shot3m3m1_43.10__shot3m3m2_67.87,Medium,2,46.99,43.1,67.87,-13.69535542,90.66418457,-182.1198578,50.92337922386323,target-only,0.5,44,1,0,0.1011540922216757,0.2313394481443258,0.1004801753903848,0.0558772087100376,0.0539340927337255,1,1
experiment_results1.csv,perturbation_run,perturbation_gap,1,2026-04-21T19:50:58+08:00,20260421_195058_370743,controlled_perturbation_study,CTChest,perspective,tp_-13.70_90.66_-182.12,Near,1,CTChest__perspective__tp_-13.70_90.66_-182.12__shot2_46.99__shot3m3m1_43.10__shot3m3m2_67.87,Medium,2,46.99,43.1,67.87,-13.69535542,90.66418457,-182.1198578,50.92337922386323,target-only,0.5,45,1,0,0.5272105222611048,0.0890982939662067,0.1506572346547728,0.0558772087100376,0.0539340927337255,1,1
experiment_results1.csv,perturbation_run,perturbation_gap,1,2026-04-21T19:50:58+08:00,20260421_195058_742351,controlled_perturbation_study,CTChest,perspective,tp_-13.70_90.66_-182.12,Near,1,CTChest__perspective__tp_-13.70_90.66_-182.12__shot2_46.99__shot3m3m1_43.10__shot3m3m2_67.87,Medium,2,46.99,43.1,67.87,-13.69535542,90.66418457,-182.1198578,50.92337922386323,target-only,0.5,46,1,0,0.5950178732127146,0.9614204946369674,0.2164088511714138,0.0558772087100376,0.0539340927337255,1,1
experiment_results1.csv,perturbation_run,perturbation_gap,1,2026-04-21T19:50:59+08:00,20260421_195059_165856,controlled_perturbation_study,CTChest,perspective,tp_-13.70_90.66_-182.12,Near,1,CTChest__perspective__tp_-13.70_90.66_-182.12__shot2_46.99__shot3m3m1_43.10__shot3m3m2_67.87,Medium,2,46.99,43.1,67.87,-13.69535542,90.66418457,-182.1198578,50.92337922386323,target-only,0.5,47,1,0,0.2539962110728734,0.188451790791334,0.5526733495416437,0.0558772087100376,0.0539340927337255,1,1
experiment_results1.csv,perturbation_run,perturbation_gap,1,2026-04-21T19:50:59+08:00,20260421_195059_529767,controlled_perturbation_study,CTChest,perspective,tp_-13.70_90.66_-182.12,Near,1,CTChest__perspective__tp_-13.70_90.66_-182.12__shot2_46.99__shot3m3m1_43.10__shot3m3m2_67.87,Medium,2,46.99,43.1,67.87,-13.69535542,90.66418457,-182.1198578,50.92337922386323,target-only,0.5,48,1,0,0.4170350378764647,0.5535394908993291,0.8996456127472111,0.0558772087100376,0.0539340927337255,1,1
experiment_results1.csv,perturbation_run,perturbation_gap,1,2026-04-21T19:50:59+08:00,20260421_195059_959001,controlled_perturbation_study,CTChest,perspective,tp_-13.70_90.66_-182.12,Near,1,CTChest__perspective__tp_-13.70_90.66_-182.12__shot2_46.99__shot3m3m1_43.10__shot3m3m2_67.87,Medium,2,46.99,43.1,67.87,-13.69535542,90.66418457,-182.1198578,50.92337922386323,target-only,0.5,49,1,0,0.9816040009936332,1.614191489230579,0.1307106668424787,0.0558772087100376,0.0539340927337255,1,1
experiment_results1.csv,perturbation_run,perturbation_gap,1,2026-04-21T19:51:00+08:00,20260421_195100_321389,controlled_perturbation_study,CTChest,perspective,tp_-13.70_90.66_-182.12,Near,1,CTChest__perspective__tp_-13.70_90.66_-182.12__shot2_46.99__shot3m3m1_43.10__shot3m3m2_67.87,Medium,2,46.99,43.1,67.87,-13.69535542,90.66418457,-182.1198578,50.92337922386323,target-only,0.5,50,1,0,0.3861733455148233,0.4782429469844756,0.7565151734101875,0.0558772087100376,0.0539340927337255,1,1
experiment_results1.csv,perturbation_run,perturbation_gap,1,2026-04-21T19:51:05+08:00,20260421_195105_922263,controlled_perturbation_study,CTChest,perspective,tp_-13.70_90.66_-182.12,Near,1,CTChest__perspective__tp_-13.70_90.66_-182.12__shot2_46.99__shot3m3m1_43.10__shot3m3m2_67.87,Medium,2,46.99,43.1,67.87,-13.69535542,90.66418457,-182.1198578,50.92337922386323,target-only,1.0,1,1,0,0.4192301792743538,0.2852152754575694,1.7512123885630284,0.0558772087100376,0.0539340927337255,1,1
experiment_results1.csv,perturbation_run,perturbation_gap,1,2026-04-21T19:51:06+08:00,20260421_195106_211679,controlled_perturbation_study,CTChest,perspective,tp_-13.70_90.66_-182.12,Near,1,CTChest__perspective__tp_-13.70_90.66_-182.12__shot2_46.99__shot3m3m1_43.10__shot3m3m2_67.87,Medium,2,46.99,43.1,67.87,-13.69535542,90.66418457,-182.1198578,50.92337922386323,target-only,1.0,2,1,0,0.490802331363314,0.7989674540777383,0.6190942902413307,0.0558772087100376,0.0539340927337255,1,1
experiment_results1.csv,perturbation_run,perturbation_gap,1,2026-04-21T19:51:06+08:00,20260421_195106_482396,controlled_perturbation_study,CTChest,perspective,tp_-13.70_90.66_-182.12,Near,1,CTChest__perspective__tp_-13.70_90.66_-182.12__shot2_46.99__shot3m3m1_43.10__shot3m3m2_67.87,Medium,2,46.99,43.1,67.87,-13.69535542,90.66418457,-182.1198578,50.92337922386323,target-only,1.0,3,1,0,0.8425283772411716,1.388873443525327,0.5866703508372494,0.0558772087100376,0.0539340927337255,1,1
experiment_results1.csv,perturbation_run,perturbation_gap,1,2026-04-21T19:51:06+08:00,20260421_195106_743814,controlled_perturbation_study,CTChest,perspective,tp_-13.70_90.66_-182.12,Near,1,CTChest__perspective__tp_-13.70_90.66_-182.12__shot2_46.99__shot3m3m1_43.10__shot3m3m2_67.87,Medium,2,46.99,43.1,67.87,-13.69535542,90.66418457,-182.1198578,50.92337922386323,target-only,1.0,4,1,0,0.7470522965612837,1.335160313219483,0.4697974208600694,0.0558772087100376,0.0539340927337255,1,1
experiment_results1.csv,perturbation_run,perturbation_gap,1,2026-04-21T19:51:06+08:00,20260421_195106_993126,controlled_perturbation_study,CTChest,perspective,tp_-13.70_90.66_-182.12,Near,1,CTChest__perspective__tp_-13.70_90.66_-182.12__shot2_46.99__shot3m3m1_43.10__shot3m3m2_67.87,Medium,2,46.99,43.1,67.87,-13.69535542,90.66418457,-182.1198578,50.92337922386323,target-only,1.0,5,1,0,0.8629367252831283,0.636495812776984,0.53489858841675,0.0558772087100376,0.0539340927337255,1,1
experiment_results1.csv,perturbation_run,perturbation_gap,1,2026-04-21T19:51:07+08:00,20260421_195107_201499,controlled_perturbation_study,CTChest,perspective,tp_-13.70_90.66_-182.12,Near,1,CTChest__perspective__tp_-13.70_90.66_-182.12__shot2_46.99__shot3m3m1_43.10__shot3m3m2_67.87,Medium,2,46.99,43.1,67.87,-13.69535542,90.66418457,-182.1198578,50.92337922386323,target-only,1.0,6,1,0,0.8175845600575115,1.4999220698113742,0.5155450495399515,0.0558772087100376,0.0539340927337255,1,1
experiment_results1.csv,perturbation_run,perturbation_gap,1,2026-04-21T19:51:07+08:00,20260421_195107_459683,controlled_perturbation_study,CTChest,perspective,tp_-13.70_90.66_-182.12,Near,1,CTChest__perspective__tp_-13.70_90.66_-182.12__shot2_46.99__shot3m3m1_43.10__shot3m3m2_67.87,Medium,2,46.99,43.1,67.87,-13.69535542,90.66418457,-182.1198578,50.92337922386323,target-only,1.0,7,1,0,0.6094931659880224,0.7978764322391108,1.3825423152054672,0.0558772087100376,0.0539340927337255,1,1
experiment_results1.csv,perturbation_run,perturbation_gap,1,2026-04-21T19:51:07+08:00,20260421_195107_725321,controlled_perturbation_study,CTChest,perspective,tp_-13.70_90.66_-182.12,Near,1,CTChest__perspective__tp_-13.70_90.66_-182.12__shot2_46.99__shot3m3m1_43.10__shot3m3m2_67.87,Medium,2,46.99,43.1,67.87,-13.69535542,90.66418457,-182.1198578,50.92337922386323,target-only,1.0,8,1,0,1.6959599266241552,1.954955095674567,0.0935679997470119,0.0558772087100376,0.0539340927337255,1,1
experiment_results1.csv,perturbation_run,perturbation_gap,1,2026-04-21T19:51:07+08:00,20260421_195107_983412,controlled_perturbation_study,CTChest,perspective,tp_-13.70_90.66_-182.12,Near,1,CTChest__perspective__tp_-13.70_90.66_-182.12__shot2_46.99__shot3m3m1_43.10__shot3m3m2_67.87,Medium,2,46.99,43.1,67.87,-13.69535542,90.66418457,-182.1198578,50.92337922386323,target-only,1.0,9,1,0,1.7779692262010922,3.068812648574106,0.5674534750740191,0.0558772087100376,0.0539340927337255,1,1
experiment_results1.csv,perturbation_run,perturbation_gap,1,2026-04-21T19:51:08+08:00,20260421_195108_241718,controlled_perturbation_study,CTChest,perspective,tp_-13.70_90.66_-182.12,Near,1,CTChest__perspective__tp_-13.70_90.66_-182.12__shot2_46.99__shot3m3m1_43.10__shot3m3m2_67.87,Medium,2,46.99,43.1,67.87,-13.69535542,90.66418457,-182.1198578,50.92337922386323,target-only,1.0,10,1,0,0.74495266497593,1.2887672409152624,0.806976993723864,0.0558772087100376,0.0539340927337255,1,1
experiment_results1.csv,perturbation_run,perturbation_gap,1,2026-04-21T19:51:08+08:00,20260421_195108_514347,controlled_perturbation_study,CTChest,perspective,tp_-13.70_90.66_-182.12,Near,1,CTChest__perspective__tp_-13.70_90.66_-182.12__shot2_46.99__shot3m3m1_43.10__shot3m3m2_67.87,Medium,2,46.99,43.1,67.87,-13.69535542,90.66418457,-182.1198578,50.92337922386323,target-only,1.0,11,1,0,1.0573294259181454,1.9325302818739565,0.0813470252020228,0.0558772087100376,0.0539340927337255,1,1
experiment_results1.csv,perturbation_run,perturbation_gap,1,2026-04-21T19:51:08+08:00,20260421_195108_775260,controlled_perturbation_study,CTChest,perspective,tp_-13.70_90.66_-182.12,Near,1,CTChest__perspective__tp_-13.70_90.66_-182.12__shot2_46.99__shot3m3m1_43.10__shot3m3m2_67.87,Medium,2,46.99,43.1,67.87,-13.69535542,90.66418457,-182.1198578,50.92337922386323,target-only,1.0,12,1,0,1.1044828803849,1.2724165594544,0.2168375312121668,0.0558772087100376,0.0539340927337255,1,1
experiment_results1.csv,perturbation_run,perturbation_gap,1,2026-04-21T19:51:09+08:00,20260421_195109_010869,controlled_perturbation_study,CTChest,perspective,tp_-13.70_90.66_-182.12,Near,1,CTChest__perspective__tp_-13.70_90.66_-182.12__shot2_46.99__shot3m3m1_43.10__shot3m3m2_67.87,Medium,2,46.99,43.1,67.87,-13.69535542,90.66418457,-182.1198578,50.92337922386323,target-only,1.0,13,1,0,0.5187199209857284,0.2844300619134072,0.1948826222959133,0.0558772087100376,0.0539340927337255,1,1
experiment_results1.csv,perturbation_run,perturbation_gap,1,2026-04-21T19:51:09+08:00,20260421_195109_278134,controlled_perturbation_study,CTChest,perspective,tp_-13.70_90.66_-182.12,Near,1,CTChest__perspective__tp_-13.70_90.66_-182.12__shot2_46.99__shot3m3m1_43.10__shot3m3m2_67.87,Medium,2,46.99,43.1,67.87,-13.69535542,90.66418457,-182.1198578,50.92337922386323,target-only,1.0,14,1,0,1.106258625621544,1.446883202216216,0.1879390731769986,0.0558772087100376,0.0539340927337255,1,1
experiment_results1.csv,perturbation_run,perturbation_gap,1,2026-04-21T19:51:09+08:00,20260421_195109_541369,controlled_perturbation_study,CTChest,perspective,tp_-13.70_90.66_-182.12,Near,1,CTChest__perspective__tp_-13.70_90.66_-182.12__shot2_46.99__shot3m3m1_43.10__shot3m3m2_67.87,Medium,2,46.99,43.1,67.87,-13.69535542,90.66418457,-182.1198578,50.92337922386323,target-only,1.0,15,1,0,0.6694119204392752,1.1869945087132028,0.0242896304870152,0.0558772087100376,0.0539340927337255,1,1
experiment_results1.csv,perturbation_run,perturbation_gap,1,2026-04-21T19:51:09+08:00,20260421_195109_799408,controlled_perturbation_study,CTChest,perspective,tp_-13.70_90.66_-182.12,Near,1,CTChest__perspective__tp_-13.70_90.66_-182.12__shot2_46.99__shot3m3m1_43.10__shot3m3m2_67.87,Medium,2,46.99,43.1,67.87,-13.69535542,90.66418457,-182.1198578,50.92337922386323,target-only,1.0,16,1,0,0.8341349972717338,1.258388973788069,1.608244678741787,0.0558772087100376,0.0539340927337255,1,1
experiment_results1.csv,perturbation_run,perturbation_gap,1,2026-04-21T19:51:10+08:00,20260421_195110_058267,controlled_perturbation_study,CTChest,perspective,tp_-13.70_90.66_-182.12,Near,1,CTChest__perspective__tp_-13.70_90.66_-182.12__shot2_46.99__shot3m3m1_43.10__shot3m3m2_67.87,Medium,2,46.99,43.1,67.87,-13.69535542,90.66418457,-182.1198578,50.92337922386323,target-only,1.0,17,1,0,0.6233114189457125,1.0765269365939352,0.2745971964132796,0.0558772087100376,0.0539340927337255,1,1
experiment_results1.csv,perturbation_run,perturbation_gap,1,2026-04-21T19:51:10+08:00,20260421_195110_281558,controlled_perturbation_study,CTChest,perspective,tp_-13.70_90.66_-182.12,Near,1,CTChest__perspective__tp_-13.70_90.66_-182.12__shot2_46.99__shot3m3m1_43.10__shot3m3m2_67.87,Medium,2,46.99,43.1,67.87,-13.69535542,90.66418457,-182.1198578,50.92337922386323,target-only,1.0,18,1,0,1.171690961040552,1.4061319141854656,0.6377800803038095,0.0558772087100376,0.0539340927337255,1,1
experiment_results1.csv,perturbation_run,perturbation_gap,1,2026-04-21T19:51:10+08:00,20260421_195110_546207,controlled_perturbation_study,CTChest,perspective,tp_-13.70_90.66_-182.12,Near,1,CTChest__perspective__tp_-13.70_90.66_-182.12__shot2_46.99__shot3m3m1_43.10__shot3m3m2_67.87,Medium,2,46.99,43.1,67.87,-13.69535542,90.66418457,-182.1198578,50.92337922386323,target-only,1.0,19,1,0,0.9119670424819696,0.2462831813060705,0.3293185556457582,0.0558772087100376,0.0539340927337255,1,1
experiment_results1.csv,perturbation_run,perturbation_gap,1,2026-04-21T19:51:10+08:00,20260421_195110_773253,controlled_perturbation_study,CTChest,perspective,tp_-13.70_90.66_-182.12,Near,1,CTChest__perspective__tp_-13.70_90.66_-182.12__shot2_46.99__shot3m3m1_43.10__shot3m3m2_67.87,Medium,2,46.99,43.1,67.87,-13.69535542,90.66418457,-182.1198578,50.92337922386323,target-only,1.0,20,1,0,1.1127030477289814,1.610531350110092,0.3565640139610412,0.0558772087100376,0.0539340927337255,1,1
experiment_results1.csv,perturbation_run,perturbation_gap,1,2026-04-21T19:51:11+08:00,20260421_195111_027247,controlled_perturbation_study,CTChest,perspective,tp_-13.70_90.66_-182.12,Near,1,CTChest__perspective__tp_-13.70_90.66_-182.12__shot2_46.99__shot3m3m1_43.10__shot3m3m2_67.87,Medium,2,46.99,43.1,67.87,-13.69535542,90.66418457,-182.1198578,50.92337922386323,target-only,1.0,21,1,0,1.3263431448736305,2.4883865709634385,0.722667565911603,0.0558772087100376,0.0539340927337255,1,1
experiment_results1.csv,perturbation_run,perturbation_gap,1,2026-04-21T19:51:11+08:00,20260421_195111_291026,controlled_perturbation_study,CTChest,perspective,tp_-13.70_90.66_-182.12,Near,1,CTChest__perspective__tp_-13.70_90.66_-182.12__shot2_46.99__shot3m3m1_43.10__shot3m3m2_67.87,Medium,2,46.99,43.1,67.87,-13.69535542,90.66418457,-182.1198578,50.92337922386323,target-only,1.0,22,1,0,0.5693497301734134,1.1655225735856147,0.036658421162831,0.0558772087100376,0.0539340927337255,1,1
experiment_results1.csv,perturbation_run,perturbation_gap,1,2026-04-21T19:51:11+08:00,20260421_195111_560092,controlled_perturbation_study,CTChest,perspective,tp_-13.70_90.66_-182.12,Near,1,CTChest__perspective__tp_-13.70_90.66_-182.12__shot2_46.99__shot3m3m1_43.10__shot3m3m2_67.87,Medium,2,46.99,43.1,67.87,-13.69535542,90.66418457,-182.1198578,50.92337922386323,target-only,1.0,23,1,0,0.9022209992871624,1.376828294191386,0.3411080831425523,0.0558772087100376,0.0539340927337255,1,1
experiment_results1.csv,perturbation_run,perturbation_gap,1,2026-04-21T19:51:11+08:00,20260421_195111_828720,controlled_perturbation_study,CTChest,perspective,tp_-13.70_90.66_-182.12,Near,1,CTChest__perspective__tp_-13.70_90.66_-182.12__shot2_46.99__shot3m3m1_43.10__shot3m3m2_67.87,Medium,2,46.99,43.1,67.87,-13.69535542,90.66418457,-182.1198578,50.92337922386323,target-only,1.0,24,1,0,1.0668152135943074,1.0852005418372863,0.4404855752046721,0.0558772087100376,0.0539340927337255,1,1
experiment_results1.csv,perturbation_run,perturbation_gap,1,2026-04-21T19:51:12+08:00,20260421_195112_079835,controlled_perturbation_study,CTChest,perspective,tp_-13.70_90.66_-182.12,Near,1,CTChest__perspective__tp_-13.70_90.66_-182.12__shot2_46.99__shot3m3m1_43.10__shot3m3m2_67.87,Medium,2,46.99,43.1,67.87,-13.69535542,90.66418457,-182.1198578,50.92337922386323,target-only,1.0,25,1,0,0.3278944009655894,0.7091392832207863,0.9487742722932272,0.0558772087100376,0.0539340927337255,1,1
experiment_results1.csv,perturbation_run,perturbation_gap,1,2026-04-21T19:51:12+08:00,20260421_195112_366030,controlled_perturbation_study,CTChest,perspective,tp_-13.70_90.66_-182.12,Near,1,CTChest__perspective__tp_-13.70_90.66_-182.12__shot2_46.99__shot3m3m1_43.10__shot3m3m2_67.87,Medium,2,46.99,43.1,67.87,-13.69535542,90.66418457,-182.1198578,50.92337922386323,target-only,1.0,26,1,0,1.5733081978585537,2.2787051594036845,0.0390804473361296,0.0558772087100376,0.0539340927337255,1,1
experiment_results1.csv,perturbation_run,perturbation_gap,1,2026-04-21T19:51:12+08:00,20260421_195112_658258,controlled_perturbation_study,CTChest,perspective,tp_-13.70_90.66_-182.12,Near,1,CTChest__perspective__tp_-13.70_90.66_-182.12__shot2_46.99__shot3m3m1_43.10__shot3m3m2_67.87,Medium,2,46.99,43.1,67.87,-13.69535542,90.66418457,-182.1198578,50.92337922386323,target-only,1.0,27,1,0,0.5542577746410559,1.000515776310145,0.4026846940099352,0.0558772087100376,0.0539340927337255,1,1
experiment_results1.csv,perturbation_run,perturbation_gap,1,2026-04-21T19:51:12+08:00,20260421_195112_955913,controlled_perturbation_study,CTChest,perspective,tp_-13.70_90.66_-182.12,Near,1,CTChest__perspective__tp_-13.70_90.66_-182.12__shot2_46.99__shot3m3m1_43.10__shot3m3m2_67.87,Medium,2,46.99,43.1,67.87,-13.69535542,90.66418457,-182.1198578,50.92337922386323,target-only,1.0,28,1,0,1.1489174255657026,1.4593163605252593,0.0848026891272792,0.0558772087100376,0.0539340927337255,1,1
experiment_results1.csv,perturbation_run,perturbation_gap,1,2026-04-21T19:51:13+08:00,20260421_195113_263617,controlled_perturbation_study,CTChest,perspective,tp_-13.70_90.66_-182.12,Near,1,CTChest__perspective__tp_-13.70_90.66_-182.12__shot2_46.99__shot3m3m1_43.10__shot3m3m2_67.87,Medium,2,46.99,43.1,67.87,-13.69535542,90.66418457,-182.1198578,50.92337922386323,target-only,1.0,29,1,0,0.7892170096439516,0.3378586852257232,1.1473251968162814,0.0558772087100376,0.0539340927337255,1,1
experiment_results1.csv,perturbation_run,perturbation_gap,1,2026-04-21T19:51:13+08:00,20260421_195113_575143,controlled_perturbation_study,CTChest,perspective,tp_-13.70_90.66_-182.12,Near,1,CTChest__perspective__tp_-13.70_90.66_-182.12__shot2_46.99__shot3m3m1_43.10__shot3m3m2_67.87,Medium,2,46.99,43.1,67.87,-13.69535542,90.66418457,-182.1198578,50.92337922386323,target-only,1.0,30,1,0,0.6223360839782579,1.1186415412583293,0.7160425542152993,0.0558772087100376,0.0539340927337255,1,1
experiment_results1.csv,perturbation_run,perturbation_gap,1,2026-04-21T19:51:13+08:00,20260421_195113_900327,controlled_perturbation_study,CTChest,perspective,tp_-13.70_90.66_-182.12,Near,1,CTChest__perspective__tp_-13.70_90.66_-182.12__shot2_46.99__shot3m3m1_43.10__shot3m3m2_67.87,Medium,2,46.99,43.1,67.87,-13.69535542,90.66418457,-182.1198578,50.92337922386323,target-only,1.0,31,1,0,1.5932939041332288,1.540030345308963,0.4097082339283325,0.0558772087100376,0.0539340927337255,1,1
experiment_results1.csv,perturbation_run,perturbation_gap,1,2026-04-21T19:51:14+08:00,20260421_195114_230743,controlled_perturbation_study,CTChest,perspective,tp_-13.70_90.66_-182.12,Near,1,CTChest__perspective__tp_-13.70_90.66_-182.12__shot2_46.99__shot3m3m1_43.10__shot3m3m2_67.87,Medium,2,46.99,43.1,67.87,-13.69535542,90.66418457,-182.1198578,50.92337922386323,target-only,1.0,32,1,0,0.5836822850230037,1.1839626213747478,1.3686348034400044,0.0558772087100376,0.0539340927337255,1,1
experiment_results1.csv,perturbation_run,perturbation_gap,1,2026-04-21T19:51:14+08:00,20260421_195114_575154,controlled_perturbation_study,CTChest,perspective,tp_-13.70_90.66_-182.12,Near,1,CTChest__perspective__tp_-13.70_90.66_-182.12__shot2_46.99__shot3m3m1_43.10__shot3m3m2_67.87,Medium,2,46.99,43.1,67.87,-13.69535542,90.66418457,-182.1198578,50.92337922386323,target-only,1.0,33,1,0,1.8454787705398343,2.97291124586475,0.3286150720721899,0.0558772087100376,0.0539340927337255,1,1
experiment_results1.csv,perturbation_run,perturbation_gap,1,2026-04-21T19:51:14+08:00,20260421_195114_927646,controlled_perturbation_study,CTChest,perspective,tp_-13.70_90.66_-182.12,Near,1,CTChest__perspective__tp_-13.70_90.66_-182.12__shot2_46.99__shot3m3m1_43.10__shot3m3m2_67.87,Medium,2,46.99,43.1,67.87,-13.69535542,90.66418457,-182.1198578,50.92337922386323,target-only,1.0,34,1,0,1.3256543415528788,1.7778299801256583,0.4460554644945649,0.0558772087100376,0.0539340927337255,1,1
experiment_results1.csv,perturbation_run,perturbation_gap,1,2026-04-21T19:51:15+08:00,20260421_195115_283465,controlled_perturbation_study,CTChest,perspective,tp_-13.70_90.66_-182.12,Near,1,CTChest__perspective__tp_-13.70_90.66_-182.12__shot2_46.99__shot3m3m1_43.10__shot3m3m2_67.87,Medium,2,46.99,43.1,67.87,-13.69535542,90.66418457,-182.1198578,50.92337922386323,target-only,1.0,35,1,0,1.7172163921967554,2.3510358914203584,0.4120699306902646,0.0558772087100376,0.0539340927337255,1,1
experiment_results1.csv,perturbation_run,perturbation_gap,1,2026-04-21T19:51:15+08:00,20260421_195115_642687,controlled_perturbation_study,CTChest,perspective,tp_-13.70_90.66_-182.12,Near,1,CTChest__perspective__tp_-13.70_90.66_-182.12__shot2_46.99__shot3m3m1_43.10__shot3m3m2_67.87,Medium,2,46.99,43.1,67.87,-13.69535542,90.66418457,-182.1198578,50.92337922386323,target-only,1.0,36,1,0,1.0102223833491788,1.245459271046938,0.3752956116325111,0.0558772087100376,0.0539340927337255,1,1
experiment_results1.csv,perturbation_run,perturbation_gap,1,2026-04-21T19:51:16+08:00,20260421_195116_011422,controlled_perturbation_study,CTChest,perspective,tp_-13.70_90.66_-182.12,Near,1,CTChest__perspective__tp_-13.70_90.66_-182.12__shot2_46.99__shot3m3m1_43.10__shot3m3m2_67.87,Medium,2,46.99,43.1,67.87,-13.69535542,90.66418457,-182.1198578,50.92337922386323,target-only,1.0,37,1,0,0.5728211211715731,0.978320526518178,0.222111872751645,0.0558772087100376,0.0539340927337255,1,1
experiment_results1.csv,perturbation_run,perturbation_gap,1,2026-04-21T19:51:16+08:00,20260421_195116_373814,controlled_perturbation_study,CTChest,perspective,tp_-13.70_90.66_-182.12,Near,1,CTChest__perspective__tp_-13.70_90.66_-182.12__shot2_46.99__shot3m3m1_43.10__shot3m3m2_67.87,Medium,2,46.99,43.1,67.87,-13.69535542,90.66418457,-182.1198578,50.92337922386323,target-only,1.0,38,1,0,1.378062609834208,1.8666142983397005,1.38565729956438,0.0558772087100376,0.0539340927337255,1,1
experiment_results1.csv,perturbation_run,perturbation_gap,1,2026-04-21T19:51:16+08:00,20260421_195116_709834,controlled_perturbation_study,CTChest,perspective,tp_-13.70_90.66_-182.12,Near,1,CTChest__perspective__tp_-13.70_90.66_-182.12__shot2_46.99__shot3m3m1_43.10__shot3m3m2_67.87,Medium,2,46.99,43.1,67.87,-13.69535542,90.66418457,-182.1198578,50.92337922386323,target-only,1.0,39,1,0,2.1305231287072366,2.2952002244960594,0.2896578337835774,0.0558772087100376,0.0539340927337255,1,1
experiment_results1.csv,perturbation_run,perturbation_gap,1,2026-04-21T19:51:17+08:00,20260421_195117_084916,controlled_perturbation_study,CTChest,perspective,tp_-13.70_90.66_-182.12,Near,1,CTChest__perspective__tp_-13.70_90.66_-182.12__shot2_46.99__shot3m3m1_43.10__shot3m3m2_67.87,Medium,2,46.99,43.1,67.87,-13.69535542,90.66418457,-182.1198578,50.92337922386323,target-only,1.0,40,1,0,1.177781212642845,1.3122119445184943,0.4602641873414173,0.0558772087100376,0.0539340927337255,1,1
experiment_results1.csv,perturbation_run,perturbation_gap,1,2026-04-21T19:51:17+08:00,20260421_195117_472187,controlled_perturbation_study,CTChest,perspective,tp_-13.70_90.66_-182.12,Near,1,CTChest__perspective__tp_-13.70_90.66_-182.12__shot2_46.99__shot3m3m1_43.10__shot3m3m2_67.87,Medium,2,46.99,43.1,67.87,-13.69535542,90.66418457,-182.1198578,50.92337922386323,target-only,1.0,41,1,0,0.8075320983722012,0.8958899934080516,0.8529150045266718,0.0558772087100376,0.0539340927337255,1,1
experiment_results1.csv,perturbation_run,perturbation_gap,1,2026-04-21T19:51:17+08:00,20260421_195117_801354,controlled_perturbation_study,CTChest,perspective,tp_-13.70_90.66_-182.12,Near,1,CTChest__perspective__tp_-13.70_90.66_-182.12__shot2_46.99__shot3m3m1_43.10__shot3m3m2_67.87,Medium,2,46.99,43.1,67.87,-13.69535542,90.66418457,-182.1198578,50.92337922386323,target-only,1.0,42,1,0,1.7396296416771055,2.125342863745526,0.1842444608202372,0.0558772087100376,0.0539340927337255,1,1
experiment_results1.csv,perturbation_run,perturbation_gap,1,2026-04-21T19:51:18+08:00,20260421_195118_190232,controlled_perturbation_study,CTChest,perspective,tp_-13.70_90.66_-182.12,Near,1,CTChest__perspective__tp_-13.70_90.66_-182.12__shot2_46.99__shot3m3m1_43.10__shot3m3m2_67.87,Medium,2,46.99,43.1,67.87,-13.69535542,90.66418457,-182.1198578,50.92337922386323,target-only,1.0,43,1,0,0.8836288098622822,1.4919288665722157,0.1021254547045579,0.0558772087100376,0.0539340927337255,1,1
experiment_results1.csv,perturbation_run,perturbation_gap,1,2026-04-21T19:51:18+08:00,20260421_195118_591627,controlled_perturbation_study,CTChest,perspective,tp_-13.70_90.66_-182.12,Near,1,CTChest__perspective__tp_-13.70_90.66_-182.12__shot2_46.99__shot3m3m1_43.10__shot3m3m2_67.87,Medium,2,46.99,43.1,67.87,-13.69535542,90.66418457,-182.1198578,50.92337922386323,target-only,1.0,44,1,0,1.0958164889113065,0.8493121844564517,0.4216540441395103,0.0558772087100376,0.0539340927337255,1,1
experiment_results1.csv,perturbation_run,perturbation_gap,1,2026-04-21T19:51:18+08:00,20260421_195118_999948,controlled_perturbation_study,CTChest,perspective,tp_-13.70_90.66_-182.12,Near,1,CTChest__perspective__tp_-13.70_90.66_-182.12__shot2_46.99__shot3m3m1_43.10__shot3m3m2_67.87,Medium,2,46.99,43.1,67.87,-13.69535542,90.66418457,-182.1198578,50.92337922386323,target-only,1.0,45,1,0,0.8487041057416244,0.7847334611732836,0.0580485444418064,0.0558772087100376,0.0539340927337255,1,1
experiment_results1.csv,perturbation_run,perturbation_gap,1,2026-04-21T19:51:19+08:00,20260421_195119_343119,controlled_perturbation_study,CTChest,perspective,tp_-13.70_90.66_-182.12,Near,1,CTChest__perspective__tp_-13.70_90.66_-182.12__shot2_46.99__shot3m3m1_43.10__shot3m3m2_67.87,Medium,2,46.99,43.1,67.87,-13.69535542,90.66418457,-182.1198578,50.92337922386323,target-only,1.0,46,1,0,1.5245879026992275,2.4254936331322163,0.4675347494905887,0.0558772087100376,0.0539340927337255,1,1
experiment_results1.csv,perturbation_run,perturbation_gap,1,2026-04-21T19:51:19+08:00,20260421_195119_684934,controlled_perturbation_study,CTChest,perspective,tp_-13.70_90.66_-182.12,Near,1,CTChest__perspective__tp_-13.70_90.66_-182.12__shot2_46.99__shot3m3m1_43.10__shot3m3m2_67.87,Medium,2,46.99,43.1,67.87,-13.69535542,90.66418457,-182.1198578,50.92337922386323,target-only,1.0,47,1,0,0.9107368678812382,1.6869252250289968,0.1244943596042469,0.0558772087100376,0.0539340927337255,1,1
experiment_results1.csv,perturbation_run,perturbation_gap,1,2026-04-21T19:51:20+08:00,20260421_195120_035690,controlled_perturbation_study,CTChest,perspective,tp_-13.70_90.66_-182.12,Near,1,CTChest__perspective__tp_-13.70_90.66_-182.12__shot2_46.99__shot3m3m1_43.10__shot3m3m2_67.87,Medium,2,46.99,43.1,67.87,-13.69535542,90.66418457,-182.1198578,50.92337922386323,target-only,1.0,48,1,0,1.3186182217808695,1.7117633149291849,0.6716202652978698,0.0558772087100376,0.0539340927337255,1,1
experiment_results1.csv,perturbation_run,perturbation_gap,1,2026-04-21T19:51:20+08:00,20260421_195120_400341,controlled_perturbation_study,CTChest,perspective,tp_-13.70_90.66_-182.12,Near,1,CTChest__perspective__tp_-13.70_90.66_-182.12__shot2_46.99__shot3m3m1_43.10__shot3m3m2_67.87,Medium,2,46.99,43.1,67.87,-13.69535542,90.66418457,-182.1198578,50.92337922386323,target-only,1.0,49,1,0,1.1847992035402728,1.5100367076498182,0.3507189686847638,0.0558772087100376,0.0539340927337255,1,1
experiment_results1.csv,perturbation_run,perturbation_gap,1,2026-04-21T19:51:20+08:00,20260421_195120_764931,controlled_perturbation_study,CTChest,perspective,tp_-13.70_90.66_-182.12,Near,1,CTChest__perspective__tp_-13.70_90.66_-182.12__shot2_46.99__shot3m3m1_43.10__shot3m3m2_67.87,Medium,2,46.99,43.1,67.87,-13.69535542,90.66418457,-182.1198578,50.92337922386323,target-only,1.0,50,1,0,0.6402673559139611,0.362879297439405,0.1303779833543115,0.0558772087100376,0.0539340927337255,1,1
experiment_results1.csv,perturbation_run,perturbation_gap,1,2026-04-21T19:51:26+08:00,20260421_195126_315134,controlled_perturbation_study,CTChest,perspective,tp_-13.70_90.66_-182.12,Near,1,CTChest__perspective__tp_-13.70_90.66_-182.12__shot2_46.99__shot3m3m1_43.10__shot3m3m2_67.87,Medium,2,46.99,43.1,67.87,-13.69535542,90.66418457,-182.1198578,50.92337922386323,target-only,2.0,1,1,0,1.791998675973705,3.136297891374993,0.4771306379667446,0.0558772087100376,0.0539340927337255,1,1
experiment_results1.csv,perturbation_run,perturbation_gap,1,2026-04-21T19:51:26+08:00,20260421_195126_658110,controlled_perturbation_study,CTChest,perspective,tp_-13.70_90.66_-182.12,Near,1,CTChest__perspective__tp_-13.70_90.66_-182.12__shot2_46.99__shot3m3m1_43.10__shot3m3m2_67.87,Medium,2,46.99,43.1,67.87,-13.69535542,90.66418457,-182.1198578,50.92337922386323,target-only,2.0,2,1,0,0.5930722547008398,0.4096434102523534,2.00963025581323,0.0558772087100376,0.0539340927337255,1,1
experiment_results1.csv,perturbation_run,perturbation_gap,1,2026-04-21T19:51:27+08:00,20260421_195127_008092,controlled_perturbation_study,CTChest,perspective,tp_-13.70_90.66_-182.12,Near,1,CTChest__perspective__tp_-13.70_90.66_-182.12__shot2_46.99__shot3m3m1_43.10__shot3m3m2_67.87,Medium,2,46.99,43.1,67.87,-13.69535542,90.66418457,-182.1198578,50.92337922386323,target-only,2.0,3,1,0,1.4880779234148995,2.7594457679533466,1.615745098681182,0.0558772087100376,0.0539340927337255,1,1
experiment_results1.csv,perturbation_run,perturbation_gap,1,2026-04-21T19:51:27+08:00,20260421_195127_265998,controlled_perturbation_study,CTChest,perspective,tp_-13.70_90.66_-182.12,Near,1,CTChest__perspective__tp_-13.70_90.66_-182.12__shot2_46.99__shot3m3m1_43.10__shot3m3m2_67.87,Medium,2,46.99,43.1,67.87,-13.69535542,90.66418457,-182.1198578,50.92337922386323,target-only,2.0,4,1,0,2.8915374359094583,4.103480350612833,1.0653378051776723,0.0558772087100376,0.0539340927337255,1,1
experiment_results1.csv,perturbation_run,perturbation_gap,1,2026-04-21T19:51:27+08:00,20260421_195127_535891,controlled_perturbation_study,CTChest,perspective,tp_-13.70_90.66_-182.12,Near,1,CTChest__perspective__tp_-13.70_90.66_-182.12__shot2_46.99__shot3m3m1_43.10__shot3m3m2_67.87,Medium,2,46.99,43.1,67.87,-13.69535542,90.66418457,-182.1198578,50.92337922386323,target-only,2.0,5,1,0,2.3689244069242203,4.2209577179815945,2.072562843254612,0.0558772087100376,0.0539340927337255,1,1
experiment_results1.csv,perturbation_run,perturbation_gap,1,2026-04-21T19:51:27+08:00,20260421_195127_773975,controlled_perturbation_study,CTChest,perspective,tp_-13.70_90.66_-182.12,Near,1,CTChest__perspective__tp_-13.70_90.66_-182.12__shot2_46.99__shot3m3m1_43.10__shot3m3m2_67.87,Medium,2,46.99,43.1,67.87,-13.69535542,90.66418457,-182.1198578,50.92337922386323,target-only,2.0,6,1,0,2.2484659107179383,1.6098472180454633,0.172579988500747,0.0558772087100376,0.0539340927337255,1,1
experiment_results1.csv,perturbation_run,perturbation_gap,1,2026-04-21T19:51:28+08:00,20260421_195128_040572,controlled_perturbation_study,CTChest,perspective,tp_-13.70_90.66_-182.12,Near,1,CTChest__perspective__tp_-13.70_90.66_-182.12__shot2_46.99__shot3m3m1_43.10__shot3m3m2_67.87,Medium,2,46.99,43.1,67.87,-13.69535542,90.66418457,-182.1198578,50.92337922386323,target-only,2.0,7,1,0,2.3731301403202143,3.5884350398394056,1.167608464188255,0.0558772087100376,0.0539340927337255,1,1
experiment_results1.csv,perturbation_run,perturbation_gap,1,2026-04-21T19:51:28+08:00,20260421_195128_306855,controlled_perturbation_study,CTChest,perspective,tp_-13.70_90.66_-182.12,Near,1,CTChest__perspective__tp_-13.70_90.66_-182.12__shot2_46.99__shot3m3m1_43.10__shot3m3m2_67.87,Medium,2,46.99,43.1,67.87,-13.69535542,90.66418457,-182.1198578,50.92337922386323,target-only,2.0,8,1,0,2.787093669208765,4.420712367026321,2.2163701236276814,0.0558772087100376,0.0539340927337255,1,1
experiment_results1.csv,perturbation_run,perturbation_gap,1,2026-04-21T19:51:28+08:00,20260421_195128_573871,controlled_perturbation_study,CTChest,perspective,tp_-13.70_90.66_-182.12,Near,1,CTChest__perspective__tp_-13.70_90.66_-182.12__shot2_46.99__shot3m3m1_43.10__shot3m3m2_67.87,Medium,2,46.99,43.1,67.87,-13.69535542,90.66418457,-182.1198578,50.92337922386323,target-only,2.0,9,1,0,3.03934371912314,4.8048908174997935,2.9736901103391284,0.0558772087100376,0.0539340927337255,1,1
experiment_results1.csv,perturbation_run,perturbation_gap,1,2026-04-21T19:51:28+08:00,20260421_195128_801533,controlled_perturbation_study,CTChest,perspective,tp_-13.70_90.66_-182.12,Near,1,CTChest__perspective__tp_-13.70_90.66_-182.12__shot2_46.99__shot3m3m1_43.10__shot3m3m2_67.87,Medium,2,46.99,43.1,67.87,-13.69535542,90.66418457,-182.1198578,50.92337922386323,target-only,2.0,10,1,0,1.5919166335263435,2.0660585819450565,0.7515863655138616,0.0558772087100376,0.0539340927337255,1,1
experiment_results1.csv,perturbation_run,perturbation_gap,1,2026-04-21T19:51:29+08:00,20260421_195129_045064,controlled_perturbation_study,CTChest,perspective,tp_-13.70_90.66_-182.12,Near,1,CTChest__perspective__tp_-13.70_90.66_-182.12__shot2_46.99__shot3m3m1_43.10__shot3m3m2_67.87,Medium,2,46.99,43.1,67.87,-13.69535542,90.66418457,-182.1198578,50.92337922386323,target-only,2.0,11,1,0,3.081678780984145,4.5953477859642,2.372487342255174,0.0558772087100376,0.0539340927337255,1,1
experiment_results1.csv,perturbation_run,perturbation_gap,1,2026-04-21T19:51:29+08:00,20260421_195129_311235,controlled_perturbation_study,CTChest,perspective,tp_-13.70_90.66_-182.12,Near,1,CTChest__perspective__tp_-13.70_90.66_-182.12__shot2_46.99__shot3m3m1_43.10__shot3m3m2_67.87,Medium,2,46.99,43.1,67.87,-13.69535542,90.66418457,-182.1198578,50.92337922386323,target-only,2.0,12,1,0,1.0338715962017564,1.970286913529673,0.2709943102319417,0.0558772087100376,0.0539340927337255,1,1
experiment_results1.csv,perturbation_run,perturbation_gap,1,2026-04-21T19:51:29+08:00,20260421_195129_584782,controlled_perturbation_study,CTChest,perspective,tp_-13.70_90.66_-182.12,Near,1,CTChest__perspective__tp_-13.70_90.66_-182.12__shot2_46.99__shot3m3m1_43.10__shot3m3m2_67.87,Medium,2,46.99,43.1,67.87,-13.69535542,90.66418457,-182.1198578,50.92337922386323,target-only,2.0,13,1,0,1.0499785963511314,0.8670427651081416,0.851580003969347,0.0558772087100376,0.0539340927337255,1,1
experiment_results1.csv,perturbation_run,perturbation_gap,1,2026-04-21T19:51:29+08:00,20260421_195129_863429,controlled_perturbation_study,CTChest,perspective,tp_-13.70_90.66_-182.12,Near,1,CTChest__perspective__tp_-13.70_90.66_-182.12__shot2_46.99__shot3m3m1_43.10__shot3m3m2_67.87,Medium,2,46.99,43.1,67.87,-13.69535542,90.66418457,-182.1198578,50.92337922386323,target-only,2.0,14,1,0,1.5163907676157633,2.390140673623401,0.7186537780697588,0.0558772087100376,0.0539340927337255,1,1
experiment_results1.csv,perturbation_run,perturbation_gap,1,2026-04-21T19:51:30+08:00,20260421_195130_139660,controlled_perturbation_study,CTChest,perspective,tp_-13.70_90.66_-182.12,Near,1,CTChest__perspective__tp_-13.70_90.66_-182.12__shot2_46.99__shot3m3m1_43.10__shot3m3m2_67.87,Medium,2,46.99,43.1,67.87,-13.69535542,90.66418457,-182.1198578,50.92337922386323,target-only,2.0,15,1,0,2.3048844445826764,4.25067849699432,0.2787299714511417,0.0558772087100376,0.0539340927337255,1,1
experiment_results1.csv,perturbation_run,perturbation_gap,1,2026-04-21T19:51:30+08:00,20260421_195130_396527,controlled_perturbation_study,CTChest,perspective,tp_-13.70_90.66_-182.12,Near,1,CTChest__perspective__tp_-13.70_90.66_-182.12__shot2_46.99__shot3m3m1_43.10__shot3m3m2_67.87,Medium,2,46.99,43.1,67.87,-13.69535542,90.66418457,-182.1198578,50.92337922386323,target-only,2.0,16,1,0,1.1559024894104744,0.9521943926514344,0.3172418686976821,0.0558772087100376,0.0539340927337255,1,1
experiment_results1.csv,perturbation_run,perturbation_gap,1,2026-04-21T19:51:30+08:00,20260421_195130_645272,controlled_perturbation_study,CTChest,perspective,tp_-13.70_90.66_-182.12,Near,1,CTChest__perspective__tp_-13.70_90.66_-182.12__shot2_46.99__shot3m3m1_43.10__shot3m3m2_67.87,Medium,2,46.99,43.1,67.87,-13.69535542,90.66418457,-182.1198578,50.92337922386323,target-only,2.0,17,1,0,2.719205017699081,4.866463737662225,0.9248850020822847,0.0558772087100376,0.0539340927337255,1,1
experiment_results1.csv,perturbation_run,perturbation_gap,1,2026-04-21T19:51:30+08:00,20260421_195130_901096,controlled_perturbation_study,CTChest,perspective,tp_-13.70_90.66_-182.12,Near,1,CTChest__perspective__tp_-13.70_90.66_-182.12__shot2_46.99__shot3m3m1_43.10__shot3m3m2_67.87,Medium,2,46.99,43.1,67.87,-13.69535542,90.66418457,-182.1198578,50.92337922386323,target-only,2.0,18,1,0,2.1531288099357986,2.569000357565647,3.2841866267099684,0.0558772087100376,0.0539340927337255,1,1
experiment_results1.csv,perturbation_run,perturbation_gap,1,2026-04-21T19:51:31+08:00,20260421_195131_202010,controlled_perturbation_study,CTChest,perspective,tp_-13.70_90.66_-182.12,Near,1,CTChest__perspective__tp_-13.70_90.66_-182.12__shot2_46.99__shot3m3m1_43.10__shot3m3m2_67.87,Medium,2,46.99,43.1,67.87,-13.69535542,90.66418457,-182.1198578,50.92337922386323,target-only,2.0,19,1,0,1.805720116662616,3.2972865905296147,4.861901924928979,0.0558772087100376,0.0539340927337255,1,1
experiment_results1.csv,perturbation_run,perturbation_gap,1,2026-04-21T19:51:31+08:00,20260421_195131_459714,controlled_perturbation_study,CTChest,perspective,tp_-13.70_90.66_-182.12,Near,1,CTChest__perspective__tp_-13.70_90.66_-182.12__shot2_46.99__shot3m3m1_43.10__shot3m3m2_67.87,Medium,2,46.99,43.1,67.87,-13.69535542,90.66418457,-182.1198578,50.92337922386323,target-only,2.0,20,1,0,0.7650479688430651,1.2221527526176277,0.853657927103429,0.0558772087100376,0.0539340927337255,1,1
experiment_results1.csv,perturbation_run,perturbation_gap,1,2026-04-21T19:51:31+08:00,20260421_195131_727182,controlled_perturbation_study,CTChest,perspective,tp_-13.70_90.66_-182.12,Near,1,CTChest__perspective__tp_-13.70_90.66_-182.12__shot2_46.99__shot3m3m1_43.10__shot3m3m2_67.87,Medium,2,46.99,43.1,67.87,-13.69535542,90.66418457,-182.1198578,50.92337922386323,target-only,2.0,21,1,0,0.8547963301102007,0.4693291214274457,0.4950325984643847,0.0558772087100376,0.0539340927337255,1,1
experiment_results1.csv,perturbation_run,perturbation_gap,1,2026-04-21T19:51:32+08:00,20260421_195132_042626,controlled_perturbation_study,CTChest,perspective,tp_-13.70_90.66_-182.12,Near,1,CTChest__perspective__tp_-13.70_90.66_-182.12__shot2_46.99__shot3m3m1_43.10__shot3m3m2_67.87,Medium,2,46.99,43.1,67.87,-13.69535542,90.66418457,-182.1198578,50.92337922386323,target-only,2.0,22,1,0,1.2243696347674369,2.3379181647256395,0.3598652536974405,0.0558772087100376,0.0539340927337255,1,1
experiment_results1.csv,perturbation_run,perturbation_gap,1,2026-04-21T19:51:32+08:00,20260421_195132_366249,controlled_perturbation_study,CTChest,perspective,tp_-13.70_90.66_-182.12,Near,1,CTChest__perspective__tp_-13.70_90.66_-182.12__shot2_46.99__shot3m3m1_43.10__shot3m3m2_67.87,Medium,2,46.99,43.1,67.87,-13.69535542,90.66418457,-182.1198578,50.92337922386323,target-only,2.0,23,1,0,2.5514475536935333,4.710946044597046,1.0602512462051772,0.0558772087100376,0.0539340927337255,1,1
experiment_results1.csv,perturbation_run,perturbation_gap,1,2026-04-21T19:51:32+08:00,20260421_195132_693072,controlled_perturbation_study,CTChest,perspective,tp_-13.70_90.66_-182.12,Near,1,CTChest__perspective__tp_-13.70_90.66_-182.12__shot2_46.99__shot3m3m1_43.10__shot3m3m2_67.87,Medium,2,46.99,43.1,67.87,-13.69535542,90.66418457,-182.1198578,50.92337922386323,target-only,2.0,24,1,0,3.3827124024682416,5.394873703496857,1.036389520514678,0.0558772087100376,0.0539340927337255,1,1
experiment_results1.csv,perturbation_run,perturbation_gap,1,2026-04-21T19:51:33+08:00,20260421_195133_036204,controlled_perturbation_study,CTChest,perspective,tp_-13.70_90.66_-182.12,Near,1,CTChest__perspective__tp_-13.70_90.66_-182.12__shot2_46.99__shot3m3m1_43.10__shot3m3m2_67.87,Medium,2,46.99,43.1,67.87,-13.69535542,90.66418457,-182.1198578,50.92337922386323,target-only,2.0,25,1,0,3.702742450824021,5.257168909778176,2.309742934604158,0.0558772087100376,0.0539340927337255,1,1
experiment_results1.csv,perturbation_run,perturbation_gap,1,2026-04-21T19:51:33+08:00,20260421_195133_387459,controlled_perturbation_study,CTChest,perspective,tp_-13.70_90.66_-182.12,Near,1,CTChest__perspective__tp_-13.70_90.66_-182.12__shot2_46.99__shot3m3m1_43.10__shot3m3m2_67.87,Medium,2,46.99,43.1,67.87,-13.69535542,90.66418457,-182.1198578,50.92337922386323,target-only,2.0,26,1,0,1.346501260307764,2.20937991472638,1.2691953222697474,0.0558772087100376,0.0539340927337255,1,1
experiment_results1.csv,perturbation_run,perturbation_gap,1,2026-04-21T19:51:33+08:00,20260421_195133_692216,controlled_perturbation_study,CTChest,perspective,tp_-13.70_90.66_-182.12,Near,1,CTChest__perspective__tp_-13.70_90.66_-182.12__shot2_46.99__shot3m3m1_43.10__shot3m3m2_67.87,Medium,2,46.99,43.1,67.87,-13.69535542,90.66418457,-182.1198578,50.92337922386323,target-only,2.0,27,1,0,0.5379922880911723,0.8602552094156671,1.3067130913669447,0.0558772087100376,0.0539340927337255,1,1
experiment_results1.csv,perturbation_run,perturbation_gap,1,2026-04-21T19:51:34+08:00,20260421_195134_055275,controlled_perturbation_study,CTChest,perspective,tp_-13.70_90.66_-182.12,Near,1,CTChest__perspective__tp_-13.70_90.66_-182.12__shot2_46.99__shot3m3m1_43.10__shot3m3m2_67.87,Medium,2,46.99,43.1,67.87,-13.69535542,90.66418457,-182.1198578,50.92337922386323,target-only,2.0,28,1,0,0.8224181812482355,1.4559390437896764,0.6411503514477959,0.0558772087100376,0.0539340927337255,1,1
experiment_results1.csv,perturbation_run,perturbation_gap,1,2026-04-21T19:51:34+08:00,20260421_195134_420081,controlled_perturbation_study,CTChest,perspective,tp_-13.70_90.66_-182.12,Near,1,CTChest__perspective__tp_-13.70_90.66_-182.12__shot2_46.99__shot3m3m1_43.10__shot3m3m2_67.87,Medium,2,46.99,43.1,67.87,-13.69535542,90.66418457,-182.1198578,50.92337922386323,target-only,2.0,29,1,0,3.6528555346426304,6.191228935197612,1.0993709530479083,0.0558772087100376,0.0539340927337255,1,1
experiment_results1.csv,perturbation_run,perturbation_gap,1,2026-04-21T19:51:34+08:00,20260421_195134_788399,controlled_perturbation_study,CTChest,perspective,tp_-13.70_90.66_-182.12,Near,1,CTChest__perspective__tp_-13.70_90.66_-182.12__shot2_46.99__shot3m3m1_43.10__shot3m3m2_67.87,Medium,2,46.99,43.1,67.87,-13.69535542,90.66418457,-182.1198578,50.92337922386323,target-only,2.0,30,1,0,0.9516842759934686,1.5276378664221004,0.4792226802373243,0.0558772087100376,0.0539340927337255,1,1
experiment_results1.csv,perturbation_run,perturbation_gap,1,2026-04-21T19:51:35+08:00,20260421_195135_168525,controlled_perturbation_study,CTChest,perspective,tp_-13.70_90.66_-182.12,Near,1,CTChest__perspective__tp_-13.70_90.66_-182.12__shot2_46.99__shot3m3m1_43.10__shot3m3m2_67.87,Medium,2,46.99,43.1,67.87,-13.69535542,90.66418457,-182.1198578,50.92337922386323,target-only,2.0,31,1,0,1.6435037975890747,3.018103882693164,1.5812664049824263,0.0558772087100376,0.0539340927337255,1,1
experiment_results1.csv,perturbation_run,perturbation_gap,1,2026-04-21T19:51:35+08:00,20260421_195135_550640,controlled_perturbation_study,CTChest,perspective,tp_-13.70_90.66_-182.12,Near,1,CTChest__perspective__tp_-13.70_90.66_-182.12__shot2_46.99__shot3m3m1_43.10__shot3m3m2_67.87,Medium,2,46.99,43.1,67.87,-13.69535542,90.66418457,-182.1198578,50.92337922386323,target-only,2.0,32,1,0,2.033498063330464,3.451479884388724,1.7111302642650354,0.0558772087100376,0.0539340927337255,1,1
experiment_results1.csv,perturbation_run,perturbation_gap,1,2026-04-21T19:51:35+08:00,20260421_195135_866571,controlled_perturbation_study,CTChest,perspective,tp_-13.70_90.66_-182.12,Near,1,CTChest__perspective__tp_-13.70_90.66_-182.12__shot2_46.99__shot3m3m1_43.10__shot3m3m2_67.87,Medium,2,46.99,43.1,67.87,-13.69535542,90.66418457,-182.1198578,50.92337922386323,target-only,2.0,33,1,0,1.2934228575118802,2.503512653326481,0.982302258249842,0.0558772087100376,0.0539340927337255,1,1
experiment_results1.csv,perturbation_run,perturbation_gap,1,2026-04-21T19:51:36+08:00,20260421_195136_257751,controlled_perturbation_study,CTChest,perspective,tp_-13.70_90.66_-182.12,Near,1,CTChest__perspective__tp_-13.70_90.66_-182.12__shot2_46.99__shot3m3m1_43.10__shot3m3m2_67.87,Medium,2,46.99,43.1,67.87,-13.69535542,90.66418457,-182.1198578,50.92337922386323,target-only,2.0,34,1,0,3.287447434831953,1.549369311681953,1.0225585413571192,0.0558772087100376,0.0539340927337255,1,1
experiment_results1.csv,perturbation_run,perturbation_gap,1,2026-04-21T19:51:36+08:00,20260421_195136_652358,controlled_perturbation_study,CTChest,perspective,tp_-13.70_90.66_-182.12,Near,1,CTChest__perspective__tp_-13.70_90.66_-182.12__shot2_46.99__shot3m3m1_43.10__shot3m3m2_67.87,Medium,2,46.99,43.1,67.87,-13.69535542,90.66418457,-182.1198578,50.92337922386323,target-only,2.0,35,1,0,1.778533837762131,1.7902852776203355,0.5779440060797842,0.0558772087100376,0.0539340927337255,1,1
experiment_results1.csv,perturbation_run,perturbation_gap,1,2026-04-21T19:51:36+08:00,20260421_195136_992091,controlled_perturbation_study,CTChest,perspective,tp_-13.70_90.66_-182.12,Near,1,CTChest__perspective__tp_-13.70_90.66_-182.12__shot2_46.99__shot3m3m1_43.10__shot3m3m2_67.87,Medium,2,46.99,43.1,67.87,-13.69535542,90.66418457,-182.1198578,50.92337922386323,target-only,2.0,36,1,0,2.303410368237883,1.579695881531989,2.373011557395871,0.0558772087100376,0.0539340927337255,1,1
experiment_results1.csv,perturbation_run,perturbation_gap,1,2026-04-21T19:51:37+08:00,20260421_195137_401019,controlled_perturbation_study,CTChest,perspective,tp_-13.70_90.66_-182.12,Near,1,CTChest__perspective__tp_-13.70_90.66_-182.12__shot2_46.99__shot3m3m1_43.10__shot3m3m2_67.87,Medium,2,46.99,43.1,67.87,-13.69535542,90.66418457,-182.1198578,50.92337922386323,target-only,2.0,37,1,0,0.5907472441342237,0.9675921588753396,5.041797304515949,0.0558772087100376,0.0539340927337255,1,1
experiment_results1.csv,perturbation_run,perturbation_gap,1,2026-04-21T19:51:37+08:00,20260421_195137_752360,controlled_perturbation_study,CTChest,perspective,tp_-13.70_90.66_-182.12,Near,1,CTChest__perspective__tp_-13.70_90.66_-182.12__shot2_46.99__shot3m3m1_43.10__shot3m3m2_67.87,Medium,2,46.99,43.1,67.87,-13.69535542,90.66418457,-182.1198578,50.92337922386323,target-only,2.0,38,1,0,1.944854566042902,2.3748774472255216,0.6850957658796901,0.0558772087100376,0.0539340927337255,1,1
experiment_results1.csv,perturbation_run,perturbation_gap,1,2026-04-21T19:51:38+08:00,20260421_195138_162570,controlled_perturbation_study,CTChest,perspective,tp_-13.70_90.66_-182.12,Near,1,CTChest__perspective__tp_-13.70_90.66_-182.12__shot2_46.99__shot3m3m1_43.10__shot3m3m2_67.87,Medium,2,46.99,43.1,67.87,-13.69535542,90.66418457,-182.1198578,50.92337922386323,target-only,2.0,39,1,0,0.9608507705760656,1.4236011130378916,0.3622813256571111,0.0558772087100376,0.0539340927337255,1,1
experiment_results1.csv,perturbation_run,perturbation_gap,1,2026-04-21T19:51:38+08:00,20260421_195138_571852,controlled_perturbation_study,CTChest,perspective,tp_-13.70_90.66_-182.12,Near,1,CTChest__perspective__tp_-13.70_90.66_-182.12__shot2_46.99__shot3m3m1_43.10__shot3m3m2_67.87,Medium,2,46.99,43.1,67.87,-13.69535542,90.66418457,-182.1198578,50.92337922386323,target-only,2.0,40,1,0,1.5372634972229238,2.776055712658916,1.4861274307971863,0.0558772087100376,0.0539340927337255,1,1
experiment_results1.csv,perturbation_run,perturbation_gap,1,2026-04-21T19:51:38+08:00,20260421_195138_922545,controlled_perturbation_study,CTChest,perspective,tp_-13.70_90.66_-182.12,Near,1,CTChest__perspective__tp_-13.70_90.66_-182.12__shot2_46.99__shot3m3m1_43.10__shot3m3m2_67.87,Medium,2,46.99,43.1,67.87,-13.69535542,90.66418457,-182.1198578,50.92337922386323,target-only,2.0,41,1,0,3.5750224399067063,5.728296725766814,0.1664695205391984,0.0558772087100376,0.0539340927337255,1,1
experiment_results1.csv,perturbation_run,perturbation_gap,1,2026-04-21T19:51:39+08:00,20260421_195139_327762,controlled_perturbation_study,CTChest,perspective,tp_-13.70_90.66_-182.12,Near,1,CTChest__perspective__tp_-13.70_90.66_-182.12__shot2_46.99__shot3m3m1_43.10__shot3m3m2_67.87,Medium,2,46.99,43.1,67.87,-13.69535542,90.66418457,-182.1198578,50.92337922386323,target-only,2.0,42,1,0,1.5821135916071662,2.8952192214034294,2.234239597007825,0.0558772087100376,0.0539340927337255,1,1
experiment_results1.csv,perturbation_run,perturbation_gap,1,2026-04-21T19:51:39+08:00,20260421_195139_759131,controlled_perturbation_study,CTChest,perspective,tp_-13.70_90.66_-182.12,Near,1,CTChest__perspective__tp_-13.70_90.66_-182.12__shot2_46.99__shot3m3m1_43.10__shot3m3m2_67.87,Medium,2,46.99,43.1,67.87,-13.69535542,90.66418457,-182.1198578,50.92337922386323,target-only,2.0,43,1,0,1.7967436203514349,2.217814175225441,0.0685633635621202,0.0558772087100376,0.0539340927337255,1,1
experiment_results1.csv,perturbation_run,perturbation_gap,1,2026-04-21T19:51:40+08:00,20260421_195140_192299,controlled_perturbation_study,CTChest,perspective,tp_-13.70_90.66_-182.12,Near,1,CTChest__perspective__tp_-13.70_90.66_-182.12__shot2_46.99__shot3m3m1_43.10__shot3m3m2_67.87,Medium,2,46.99,43.1,67.87,-13.69535542,90.66418457,-182.1198578,50.92337922386323,target-only,2.0,44,1,0,0.6447807172389801,0.8680977343059745,0.2388747670530143,0.0558772087100376,0.0539340927337255,1,1
experiment_results1.csv,perturbation_run,perturbation_gap,1,2026-04-21T19:51:40+08:00,20260421_195140_637117,controlled_perturbation_study,CTChest,perspective,tp_-13.70_90.66_-182.12,Near,1,CTChest__perspective__tp_-13.70_90.66_-182.12__shot2_46.99__shot3m3m1_43.10__shot3m3m2_67.87,Medium,2,46.99,43.1,67.87,-13.69535542,90.66418457,-182.1198578,50.92337922386323,target-only,2.0,45,1,0,2.57329053960784,4.484012714510206,1.6370177789606064,0.0558772087100376,0.0539340927337255,1,1
experiment_results1.csv,perturbation_run,perturbation_gap,1,2026-04-21T19:51:41+08:00,20260421_195141_008898,controlled_perturbation_study,CTChest,perspective,tp_-13.70_90.66_-182.12,Near,1,CTChest__perspective__tp_-13.70_90.66_-182.12__shot2_46.99__shot3m3m1_43.10__shot3m3m2_67.87,Medium,2,46.99,43.1,67.87,-13.69535542,90.66418457,-182.1198578,50.92337922386323,target-only,2.0,46,1,0,4.115230029069854,6.647887000116253,0.9355508559379948,0.0558772087100376,0.0539340927337255,1,1
experiment_results1.csv,perturbation_run,perturbation_gap,1,2026-04-21T19:51:41+08:00,20260421_195141_447585,controlled_perturbation_study,CTChest,perspective,tp_-13.70_90.66_-182.12,Near,1,CTChest__perspective__tp_-13.70_90.66_-182.12__shot2_46.99__shot3m3m1_43.10__shot3m3m2_67.87,Medium,2,46.99,43.1,67.87,-13.69535542,90.66418457,-182.1198578,50.92337922386323,target-only,2.0,47,1,0,1.286472848090859,0.6136743467162085,1.913878365165985,0.0558772087100376,0.0539340927337255,1,1
experiment_results1.csv,perturbation_run,perturbation_gap,1,2026-04-21T19:51:41+08:00,20260421_195141_883284,controlled_perturbation_study,CTChest,perspective,tp_-13.70_90.66_-182.12,Near,1,CTChest__perspective__tp_-13.70_90.66_-182.12__shot2_46.99__shot3m3m1_43.10__shot3m3m2_67.87,Medium,2,46.99,43.1,67.87,-13.69535542,90.66418457,-182.1198578,50.92337922386323,target-only,2.0,48,1,0,3.066893122337572,5.21755138399804,0.2960877113914866,0.0558772087100376,0.0539340927337255,1,1
experiment_results1.csv,perturbation_run,perturbation_gap,1,2026-04-21T19:51:42+08:00,20260421_195142_318473,controlled_perturbation_study,CTChest,perspective,tp_-13.70_90.66_-182.12,Near,1,CTChest__perspective__tp_-13.70_90.66_-182.12__shot2_46.99__shot3m3m1_43.10__shot3m3m2_67.87,Medium,2,46.99,43.1,67.87,-13.69535542,90.66418457,-182.1198578,50.92337922386323,target-only,2.0,49,1,0,3.262941179546208,3.328591022131594,4.13662737382553,0.0558772087100376,0.0539340927337255,1,1
experiment_results1.csv,perturbation_run,perturbation_gap,1,2026-04-21T19:51:42+08:00,20260421_195142_750657,controlled_perturbation_study,CTChest,perspective,tp_-13.70_90.66_-182.12,Near,1,CTChest__perspective__tp_-13.70_90.66_-182.12__shot2_46.99__shot3m3m1_43.10__shot3m3m2_67.87,Medium,2,46.99,43.1,67.87,-13.69535542,90.66418457,-182.1198578,50.92337922386323,target-only,2.0,50,1,0,1.7681841280107855,2.505138566912902,1.6935458397749106,0.0558772087100376,0.0539340927337255,1,1
experiment_results1.csv,perturbation_run,perturbation_gap,1,2026-04-21T19:56:07+08:00,20260421_195607_896474,controlled_perturbation_study,CTChest,perspective,tp_-13.70_90.66_-182.12,Near,1,CTChest__perspective__tp_-13.70_90.66_-182.12__shot2_16.17__shot3m3m1_0.40__shot3m3m2_15.89,Low,1,16.17,0.4,15.89,-13.69535542,90.66418457,-182.1198578,48.612081435790266,marker-only,0.5,1,1,0,1.573981455912686,1.8025150138612789,0.3381182827662539,0.0546412657555305,0.4587923432447736,1,1
experiment_results1.csv,perturbation_run,perturbation_gap,1,2026-04-21T19:56:08+08:00,20260421_195608_191419,controlled_perturbation_study,CTChest,perspective,tp_-13.70_90.66_-182.12,Near,1,CTChest__perspective__tp_-13.70_90.66_-182.12__shot2_16.17__shot3m3m1_0.40__shot3m3m2_15.89,Low,1,16.17,0.4,15.89,-13.69535542,90.66418457,-182.1198578,48.612081435790266,marker-only,0.5,2,1,0,0.4917161174410537,1.55788351106047,0.6130253683591638,0.0546412657555305,0.5698844094058654,1,1
experiment_results1.csv,perturbation_run,perturbation_gap,1,2026-04-21T19:56:08+08:00,20260421_195608_487858,controlled_perturbation_study,CTChest,perspective,tp_-13.70_90.66_-182.12,Near,1,CTChest__perspective__tp_-13.70_90.66_-182.12__shot2_16.17__shot3m3m1_0.40__shot3m3m2_15.89,Low,1,16.17,0.4,15.89,-13.69535542,90.66418457,-182.1198578,48.612081435790266,marker-only,0.5,3,1,0,0.500148287941823,1.7881175148905335,0.2961186092975773,0.0546412657555305,0.5801855485112591,1,1
experiment_results1.csv,perturbation_run,perturbation_gap,1,2026-04-21T19:56:08+08:00,20260421_195608_784450,controlled_perturbation_study,CTChest,perspective,tp_-13.70_90.66_-182.12,Near,1,CTChest__perspective__tp_-13.70_90.66_-182.12__shot2_16.17__shot3m3m1_0.40__shot3m3m2_15.89,Low,1,16.17,0.4,15.89,-13.69535542,90.66418457,-182.1198578,48.612081435790266,marker-only,0.5,4,1,0,0.0945325682471699,0.5310762026114728,0.5372843777741656,0.0546412657555305,0.6560993841498991,1,1
experiment_results1.csv,perturbation_run,perturbation_gap,1,2026-04-21T19:56:09+08:00,20260421_195609_083898,controlled_perturbation_study,CTChest,perspective,tp_-13.70_90.66_-182.12,Near,1,CTChest__perspective__tp_-13.70_90.66_-182.12__shot2_16.17__shot3m3m1_0.40__shot3m3m2_15.89,Low,1,16.17,0.4,15.89,-13.69535542,90.66418457,-182.1198578,48.612081435790266,marker-only,0.5,5,1,0,1.6637447369857727,1.887539450468203,0.0743543697249607,0.0546412657555305,0.622581402215923,1,1
experiment_results1.csv,perturbation_run,perturbation_gap,1,2026-04-21T19:56:09+08:00,20260421_195609_381927,controlled_perturbation_study,CTChest,perspective,tp_-13.70_90.66_-182.12,Near,1,CTChest__perspective__tp_-13.70_90.66_-182.12__shot2_16.17__shot3m3m1_0.40__shot3m3m2_15.89,Low,1,16.17,0.4,15.89,-13.69535542,90.66418457,-182.1198578,48.612081435790266,marker-only,0.5,6,1,0,2.075511851400706,1.2803017156033982,0.2716098186787321,0.0546412657555305,0.5627265623252384,1,1
experiment_results1.csv,perturbation_run,perturbation_gap,1,2026-04-21T19:56:09+08:00,20260421_195609_679509,controlled_perturbation_study,CTChest,perspective,tp_-13.70_90.66_-182.12,Near,1,CTChest__perspective__tp_-13.70_90.66_-182.12__shot2_16.17__shot3m3m1_0.40__shot3m3m2_15.89,Low,1,16.17,0.4,15.89,-13.69535542,90.66418457,-182.1198578,48.612081435790266,marker-only,0.5,7,1,0,0.9288309509983088,1.1420893750976626,0.0849677647976466,0.0546412657555305,0.6066952854465609,1,1
experiment_results1.csv,perturbation_run,perturbation_gap,1,2026-04-21T19:56:09+08:00,20260421_195609_977039,controlled_perturbation_study,CTChest,perspective,tp_-13.70_90.66_-182.12,Near,1,CTChest__perspective__tp_-13.70_90.66_-182.12__shot2_16.17__shot3m3m1_0.40__shot3m3m2_15.89,Low,1,16.17,0.4,15.89,-13.69535542,90.66418457,-182.1198578,48.612081435790266,marker-only,0.5,8,1,0,0.7804076004502621,0.2565236772477396,0.0039400614164234,0.0546412657555305,0.4624580979576612,1,1
experiment_results1.csv,perturbation_run,perturbation_gap,1,2026-04-21T19:56:10+08:00,20260421_195610_269958,controlled_perturbation_study,CTChest,perspective,tp_-13.70_90.66_-182.12,Near,1,CTChest__perspective__tp_-13.70_90.66_-182.12__shot2_16.17__shot3m3m1_0.40__shot3m3m2_15.89,Low,1,16.17,0.4,15.89,-13.69535542,90.66418457,-182.1198578,48.612081435790266,marker-only,0.5,9,1,0,1.007027741544074,0.111217252978627,0.2481425110660993,0.0546412657555305,0.5342215482809242,1,1
experiment_results1.csv,perturbation_run,perturbation_gap,1,2026-04-21T19:56:10+08:00,20260421_195610_567992,controlled_perturbation_study,CTChest,perspective,tp_-13.70_90.66_-182.12,Near,1,CTChest__perspective__tp_-13.70_90.66_-182.12__shot2_16.17__shot3m3m1_0.40__shot3m3m2_15.89,Low,1,16.17,0.4,15.89,-13.69535542,90.66418457,-182.1198578,48.612081435790266,marker-only,0.5,10,1,0,0.5305362378856409,2.3749691017897057,0.5217338493729143,0.0546412657555305,0.5808150378221745,1,1
experiment_results1.csv,perturbation_run,perturbation_gap,1,2026-04-21T19:56:10+08:00,20260421_195610_861203,controlled_perturbation_study,CTChest,perspective,tp_-13.70_90.66_-182.12,Near,1,CTChest__perspective__tp_-13.70_90.66_-182.12__shot2_16.17__shot3m3m1_0.40__shot3m3m2_15.89,Low,1,16.17,0.4,15.89,-13.69535542,90.66418457,-182.1198578,48.612081435790266,marker-only,0.5,11,1,0,0.7875690028561864,0.7824191312960975,0.6923858941020407,0.0546412657555305,0.4929406231381764,1,1
experiment_results1.csv,perturbation_run,perturbation_gap,1,2026-04-21T19:56:11+08:00,20260421_195611_172641,controlled_perturbation_study,CTChest,perspective,tp_-13.70_90.66_-182.12,Near,1,CTChest__perspective__tp_-13.70_90.66_-182.12__shot2_16.17__shot3m3m1_0.40__shot3m3m2_15.89,Low,1,16.17,0.4,15.89,-13.69535542,90.66418457,-182.1198578,48.612081435790266,marker-only,0.5,12,1,0,1.2123531254779214,1.5071208957398368,0.498396947024136,0.0546412657555305,0.5608549222410927,1,1
experiment_results1.csv,perturbation_run,perturbation_gap,1,2026-04-21T19:56:11+08:00,20260421_195611_484749,controlled_perturbation_study,CTChest,perspective,tp_-13.70_90.66_-182.12,Near,1,CTChest__perspective__tp_-13.70_90.66_-182.12__shot2_16.17__shot3m3m1_0.40__shot3m3m2_15.89,Low,1,16.17,0.4,15.89,-13.69535542,90.66418457,-182.1198578,48.612081435790266,marker-only,0.5,13,1,0,1.466482320472605,1.2427989562608177,0.5000904049748771,0.0546412657555305,0.5157661660103509,1,1
experiment_results1.csv,perturbation_run,perturbation_gap,1,2026-04-21T19:56:11+08:00,20260421_195611_795019,controlled_perturbation_study,CTChest,perspective,tp_-13.70_90.66_-182.12,Near,1,CTChest__perspective__tp_-13.70_90.66_-182.12__shot2_16.17__shot3m3m1_0.40__shot3m3m2_15.89,Low,1,16.17,0.4,15.89,-13.69535542,90.66418457,-182.1198578,48.612081435790266,marker-only,0.5,14,1,0,0.3918654216812725,2.8721595248033096,0.3084720711804816,0.0546412657555305,0.4507792547456621,1,1
experiment_results1.csv,perturbation_run,perturbation_gap,1,2026-04-21T19:56:12+08:00,20260421_195612_118651,controlled_perturbation_study,CTChest,perspective,tp_-13.70_90.66_-182.12,Near,1,CTChest__perspective__tp_-13.70_90.66_-182.12__shot2_16.17__shot3m3m1_0.40__shot3m3m2_15.89,Low,1,16.17,0.4,15.89,-13.69535542,90.66418457,-182.1198578,48.612081435790266,marker-only,0.5,15,1,0,0.1319135923706921,0.5785508206689715,0.2384373888398047,0.0546412657555305,0.6338874857654287,1,1
experiment_results1.csv,perturbation_run,perturbation_gap,1,2026-04-21T19:56:12+08:00,20260421_195612_448245,controlled_perturbation_study,CTChest,perspective,tp_-13.70_90.66_-182.12,Near,1,CTChest__perspective__tp_-13.70_90.66_-182.12__shot2_16.17__shot3m3m1_0.40__shot3m3m2_15.89,Low,1,16.17,0.4,15.89,-13.69535542,90.66418457,-182.1198578,48.612081435790266,marker-only,0.5,16,1,0,0.9086527563181128,2.5883032805191584,0.175391442588066,0.0546412657555305,0.5372445707747758,1,1
experiment_results1.csv,perturbation_run,perturbation_gap,1,2026-04-21T19:56:12+08:00,20260421_195612_783167,controlled_perturbation_study,CTChest,perspective,tp_-13.70_90.66_-182.12,Near,1,CTChest__perspective__tp_-13.70_90.66_-182.12__shot2_16.17__shot3m3m1_0.40__shot3m3m2_15.89,Low,1,16.17,0.4,15.89,-13.69535542,90.66418457,-182.1198578,48.612081435790266,marker-only,0.5,17,1,0,1.1574273532890955,1.9813833445872204,0.4341736429781668,0.0546412657555305,0.4895737498076318,1,1
experiment_results1.csv,perturbation_run,perturbation_gap,1,2026-04-21T19:56:13+08:00,20260421_195613_141117,controlled_perturbation_study,CTChest,perspective,tp_-13.70_90.66_-182.12,Near,1,CTChest__perspective__tp_-13.70_90.66_-182.12__shot2_16.17__shot3m3m1_0.40__shot3m3m2_15.89,Low,1,16.17,0.4,15.89,-13.69535542,90.66418457,-182.1198578,48.612081435790266,marker-only,0.5,18,1,0,2.017685779727734,1.210788681487844,0.0464712361934735,0.0546412657555305,0.5924757799023729,1,1
experiment_results1.csv,perturbation_run,perturbation_gap,1,2026-04-21T19:56:13+08:00,20260421_195613_509887,controlled_perturbation_study,CTChest,perspective,tp_-13.70_90.66_-182.12,Near,1,CTChest__perspective__tp_-13.70_90.66_-182.12__shot2_16.17__shot3m3m1_0.40__shot3m3m2_15.89,Low,1,16.17,0.4,15.89,-13.69535542,90.66418457,-182.1198578,48.612081435790266,marker-only,0.5,19,1,0,0.9095331618710426,1.2837071445097057,0.0537255262206558,0.0546412657555305,0.5702429555388104,1,1
experiment_results1.csv,perturbation_run,perturbation_gap,1,2026-04-21T19:56:13+08:00,20260421_195613_876780,controlled_perturbation_study,CTChest,perspective,tp_-13.70_90.66_-182.12,Near,1,CTChest__perspective__tp_-13.70_90.66_-182.12__shot2_16.17__shot3m3m1_0.40__shot3m3m2_15.89,Low,1,16.17,0.4,15.89,-13.69535542,90.66418457,-182.1198578,48.612081435790266,marker-only,0.5,20,1,0,0.5214764281464017,2.0660985762662896,0.114679464301114,0.0546412657555305,0.5449905598629895,1,1
experiment_results1.csv,perturbation_run,perturbation_gap,1,2026-04-21T19:56:14+08:00,20260421_195614_252355,controlled_perturbation_study,CTChest,perspective,tp_-13.70_90.66_-182.12,Near,1,CTChest__perspective__tp_-13.70_90.66_-182.12__shot2_16.17__shot3m3m1_0.40__shot3m3m2_15.89,Low,1,16.17,0.4,15.89,-13.69535542,90.66418457,-182.1198578,48.612081435790266,marker-only,0.5,21,1,0,0.0572430371793592,0.6731860256832319,0.2224302049973946,0.0546412657555305,0.537320578765899,1,1
experiment_results1.csv,perturbation_run,perturbation_gap,1,2026-04-21T19:56:14+08:00,20260421_195614_633454,controlled_perturbation_study,CTChest,perspective,tp_-13.70_90.66_-182.12,Near,1,CTChest__perspective__tp_-13.70_90.66_-182.12__shot2_16.17__shot3m3m1_0.40__shot3m3m2_15.89,Low,1,16.17,0.4,15.89,-13.69535542,90.66418457,-182.1198578,48.612081435790266,marker-only,0.5,22,1,0,0.6832790314861447,1.7094406317492206,0.5873023801262425,0.0546412657555305,0.5828565310988146,1,1
experiment_results1.csv,perturbation_run,perturbation_gap,1,2026-04-21T19:56:15+08:00,20260421_195615_036801,controlled_perturbation_study,CTChest,perspective,tp_-13.70_90.66_-182.12,Near,1,CTChest__perspective__tp_-13.70_90.66_-182.12__shot2_16.17__shot3m3m1_0.40__shot3m3m2_15.89,Low,1,16.17,0.4,15.89,-13.69535542,90.66418457,-182.1198578,48.612081435790266,marker-only,0.5,23,1,0,0.4323040824948665,0.9375262490769256,0.2779762847657093,0.0546412657555305,0.5817406944204677,1,1
experiment_results1.csv,perturbation_run,perturbation_gap,1,2026-04-21T19:56:15+08:00,20260421_195615_443280,controlled_perturbation_study,CTChest,perspective,tp_-13.70_90.66_-182.12,Near,1,CTChest__perspective__tp_-13.70_90.66_-182.12__shot2_16.17__shot3m3m1_0.40__shot3m3m2_15.89,Low,1,16.17,0.4,15.89,-13.69535542,90.66418457,-182.1198578,48.612081435790266,marker-only,0.5,24,1,0,0.3379237256427145,1.23899419539276,0.0262518761447383,0.0546412657555305,0.5292873094174243,1,1
experiment_results1.csv,perturbation_run,perturbation_gap,1,2026-04-21T19:56:15+08:00,20260421_195615_864458,controlled_perturbation_study,CTChest,perspective,tp_-13.70_90.66_-182.12,Near,1,CTChest__perspective__tp_-13.70_90.66_-182.12__shot2_16.17__shot3m3m1_0.40__shot3m3m2_15.89,Low,1,16.17,0.4,15.89,-13.69535542,90.66418457,-182.1198578,48.612081435790266,marker-only,0.5,25,1,0,0.2921359968821973,1.0973552504611974,0.0277994332259758,0.0546412657555305,0.5618634926867488,1,1
experiment_results1.csv,perturbation_run,perturbation_gap,1,2026-04-21T19:56:16+08:00,20260421_195616_287155,controlled_perturbation_study,CTChest,perspective,tp_-13.70_90.66_-182.12,Near,1,CTChest__perspective__tp_-13.70_90.66_-182.12__shot2_16.17__shot3m3m1_0.40__shot3m3m2_15.89,Low,1,16.17,0.4,15.89,-13.69535542,90.66418457,-182.1198578,48.612081435790266,marker-only,0.5,26,1,0,0.73559391220922,0.4606144694274259,0.2926968394890664,0.0546412657555305,0.6495105581974762,1,1
experiment_results1.csv,perturbation_run,perturbation_gap,1,2026-04-21T19:56:16+08:00,20260421_195616_716097,controlled_perturbation_study,CTChest,perspective,tp_-13.70_90.66_-182.12,Near,1,CTChest__perspective__tp_-13.70_90.66_-182.12__shot2_16.17__shot3m3m1_0.40__shot3m3m2_15.89,Low,1,16.17,0.4,15.89,-13.69535542,90.66418457,-182.1198578,48.612081435790266,marker-only,0.5,27,1,0,1.180496574977493,0.5218470521177094,0.4338456469629178,0.0546412657555305,0.6962295166120368,1,1
experiment_results1.csv,perturbation_run,perturbation_gap,1,2026-04-21T19:56:17+08:00,20260421_195617_156356,controlled_perturbation_study,CTChest,perspective,tp_-13.70_90.66_-182.12,Near,1,CTChest__perspective__tp_-13.70_90.66_-182.12__shot2_16.17__shot3m3m1_0.40__shot3m3m2_15.89,Low,1,16.17,0.4,15.89,-13.69535542,90.66418457,-182.1198578,48.612081435790266,marker-only,0.5,28,1,0,1.7636197507847196,2.5128218622445035,0.0576398077587441,0.0546412657555305,0.5592875017412093,1,1
experiment_results1.csv,perturbation_run,perturbation_gap,1,2026-04-21T19:56:17+08:00,20260421_195617_594668,controlled_perturbation_study,CTChest,perspective,tp_-13.70_90.66_-182.12,Near,1,CTChest__perspective__tp_-13.70_90.66_-182.12__shot2_16.17__shot3m3m1_0.40__shot3m3m2_15.89,Low,1,16.17,0.4,15.89,-13.69535542,90.66418457,-182.1198578,48.612081435790266,marker-only,0.5,29,1,0,0.4148936197412252,0.5224270017291943,0.0328429695533244,0.0546412657555305,0.5183017710363176,1,1
experiment_results1.csv,perturbation_run,perturbation_gap,1,2026-04-21T19:56:18+08:00,20260421_195618_046648,controlled_perturbation_study,CTChest,perspective,tp_-13.70_90.66_-182.12,Near,1,CTChest__perspective__tp_-13.70_90.66_-182.12__shot2_16.17__shot3m3m1_0.40__shot3m3m2_15.89,Low,1,16.17,0.4,15.89,-13.69535542,90.66418457,-182.1198578,48.612081435790266,marker-only,0.5,30,1,0,0.624528915136325,0.8895408287634884,0.3672928330522275,0.0546412657555305,0.5706557752013275,1,1
experiment_results1.csv,perturbation_run,perturbation_gap,1,2026-04-21T19:56:18+08:00,20260421_195618_501028,controlled_perturbation_study,CTChest,perspective,tp_-13.70_90.66_-182.12,Near,1,CTChest__perspective__tp_-13.70_90.66_-182.12__shot2_16.17__shot3m3m1_0.40__shot3m3m2_15.89,Low,1,16.17,0.4,15.89,-13.69535542,90.66418457,-182.1198578,48.612081435790266,marker-only,0.5,31,1,0,0.9703870689941624,1.7767570543936688,0.1255528330318219,0.0546412657555305,0.5549739501751089,1,1
experiment_results1.csv,perturbation_run,perturbation_gap,1,2026-04-21T19:56:18+08:00,20260421_195618_952592,controlled_perturbation_study,CTChest,perspective,tp_-13.70_90.66_-182.12,Near,1,CTChest__perspective__tp_-13.70_90.66_-182.12__shot2_16.17__shot3m3m1_0.40__shot3m3m2_15.89,Low,1,16.17,0.4,15.89,-13.69535542,90.66418457,-182.1198578,48.612081435790266,marker-only,0.5,32,1,0,0.5210811787899429,1.8696776845202487,0.1433372445420181,0.0546412657555305,0.5614703275566169,1,1
experiment_results1.csv,perturbation_run,perturbation_gap,1,2026-04-21T19:56:19+08:00,20260421_195619_416602,controlled_perturbation_study,CTChest,perspective,tp_-13.70_90.66_-182.12,Near,1,CTChest__perspective__tp_-13.70_90.66_-182.12__shot2_16.17__shot3m3m1_0.40__shot3m3m2_15.89,Low,1,16.17,0.4,15.89,-13.69535542,90.66418457,-182.1198578,48.612081435790266,marker-only,0.5,33,1,0,2.411857499826949,1.5301148423947262,0.5792316027300219,0.0546412657555305,0.6331939022664551,1,1
experiment_results1.csv,perturbation_run,perturbation_gap,1,2026-04-21T19:56:19+08:00,20260421_195619_889560,controlled_perturbation_study,CTChest,perspective,tp_-13.70_90.66_-182.12,Near,1,CTChest__perspective__tp_-13.70_90.66_-182.12__shot2_16.17__shot3m3m1_0.40__shot3m3m2_15.89,Low,1,16.17,0.4,15.89,-13.69535542,90.66418457,-182.1198578,48.612081435790266,marker-only,0.5,34,1,0,0.2312375068288149,0.8552561465222955,0.2188323547340629,0.0546412657555305,0.6908355272526957,1,1
experiment_results1.csv,perturbation_run,perturbation_gap,1,2026-04-21T19:56:20+08:00,20260421_195620_364306,controlled_perturbation_study,CTChest,perspective,tp_-13.70_90.66_-182.12,Near,1,CTChest__perspective__tp_-13.70_90.66_-182.12__shot2_16.17__shot3m3m1_0.40__shot3m3m2_15.89,Low,1,16.17,0.4,15.89,-13.69535542,90.66418457,-182.1198578,48.612081435790266,marker-only,0.5,35,1,0,0.3584161740412002,0.0995958601909943,0.4286690140249696,0.0546412657555305,0.5477976193830445,1,1
experiment_results1.csv,perturbation_run,perturbation_gap,1,2026-04-21T19:56:20+08:00,20260421_195620_835701,controlled_perturbation_study,CTChest,perspective,tp_-13.70_90.66_-182.12,Near,1,CTChest__perspective__tp_-13.70_90.66_-182.12__shot2_16.17__shot3m3m1_0.40__shot3m3m2_15.89,Low,1,16.17,0.4,15.89,-13.69535542,90.66418457,-182.1198578,48.612081435790266,marker-only,0.5,36,1,0,0.4675970231342108,1.5045708666071118,0.2061792252681815,0.0546412657555305,0.5442883062615326,1,1
experiment_results1.csv,perturbation_run,perturbation_gap,1,2026-04-21T19:56:21+08:00,20260421_195621_313634,controlled_perturbation_study,CTChest,perspective,tp_-13.70_90.66_-182.12,Near,1,CTChest__perspective__tp_-13.70_90.66_-182.12__shot2_16.17__shot3m3m1_0.40__shot3m3m2_15.89,Low,1,16.17,0.4,15.89,-13.69535542,90.66418457,-182.1198578,48.612081435790266,marker-only,0.5,37,1,0,3.199728556043333,2.291341986621401,0.117703416601823,0.0546412657555305,0.5911641042674282,1,1
experiment_results1.csv,perturbation_run,perturbation_gap,1,2026-04-21T19:56:21+08:00,20260421_195621_790398,controlled_perturbation_study,CTChest,perspective,tp_-13.70_90.66_-182.12,Near,1,CTChest__perspective__tp_-13.70_90.66_-182.12__shot2_16.17__shot3m3m1_0.40__shot3m3m2_15.89,Low,1,16.17,0.4,15.89,-13.69535542,90.66418457,-182.1198578,48.612081435790266,marker-only,0.5,38,1,0,1.104962051923842,1.066686880944998,0.420028150846548,0.0546412657555305,0.522026215953674,1,1
experiment_results1.csv,perturbation_run,perturbation_gap,1,2026-04-21T19:56:22+08:00,20260421_195622_268292,controlled_perturbation_study,CTChest,perspective,tp_-13.70_90.66_-182.12,Near,1,CTChest__perspective__tp_-13.70_90.66_-182.12__shot2_16.17__shot3m3m1_0.40__shot3m3m2_15.89,Low,1,16.17,0.4,15.89,-13.69535542,90.66418457,-182.1198578,48.612081435790266,marker-only,0.5,39,1,0,0.0776643404296344,0.5864840425058941,0.0665937904159329,0.0546412657555305,0.5694364592020399,1,1
experiment_results1.csv,perturbation_run,perturbation_gap,1,2026-04-21T19:56:22+08:00,20260421_195622_740607,controlled_perturbation_study,CTChest,perspective,tp_-13.70_90.66_-182.12,Near,1,CTChest__perspective__tp_-13.70_90.66_-182.12__shot2_16.17__shot3m3m1_0.40__shot3m3m2_15.89,Low,1,16.17,0.4,15.89,-13.69535542,90.66418457,-182.1198578,48.612081435790266,marker-only,0.5,40,1,0,0.6490348555863614,0.7941891068926308,0.2836420415295034,0.0546412657555305,0.5376457504474486,1,1
experiment_results1.csv,perturbation_run,perturbation_gap,1,2026-04-21T19:56:23+08:00,20260421_195623_210753,controlled_perturbation_study,CTChest,perspective,tp_-13.70_90.66_-182.12,Near,1,CTChest__perspective__tp_-13.70_90.66_-182.12__shot2_16.17__shot3m3m1_0.40__shot3m3m2_15.89,Low,1,16.17,0.4,15.89,-13.69535542,90.66418457,-182.1198578,48.612081435790266,marker-only,0.5,41,1,0,0.7832471502851471,0.925541439021896,0.1201877286475978,0.0546412657555305,0.7725812711185963,1,1
experiment_results1.csv,perturbation_run,perturbation_gap,1,2026-04-21T19:56:23+08:00,20260421_195623_685264,controlled_perturbation_study,CTChest,perspective,tp_-13.70_90.66_-182.12,Near,1,CTChest__perspective__tp_-13.70_90.66_-182.12__shot2_16.17__shot3m3m1_0.40__shot3m3m2_15.89,Low,1,16.17,0.4,15.89,-13.69535542,90.66418457,-182.1198578,48.612081435790266,marker-only,0.5,42,1,0,1.109181219481356,2.400722315193576,0.3269179721498755,0.0546412657555305,0.5098834827758028,1,1
experiment_results1.csv,perturbation_run,perturbation_gap,1,2026-04-21T19:56:24+08:00,20260421_195624_161389,controlled_perturbation_study,CTChest,perspective,tp_-13.70_90.66_-182.12,Near,1,CTChest__perspective__tp_-13.70_90.66_-182.12__shot2_16.17__shot3m3m1_0.40__shot3m3m2_15.89,Low,1,16.17,0.4,15.89,-13.69535542,90.66418457,-182.1198578,48.612081435790266,marker-only,0.5,43,1,0,0.3401152989129722,2.3342539374775573,0.8248015523896008,0.0546412657555305,0.6257934392156953,1,1
experiment_results1.csv,perturbation_run,perturbation_gap,1,2026-04-21T19:56:24+08:00,20260421_195624_632168,controlled_perturbation_study,CTChest,perspective,tp_-13.70_90.66_-182.12,Near,1,CTChest__perspective__tp_-13.70_90.66_-182.12__shot2_16.17__shot3m3m1_0.40__shot3m3m2_15.89,Low,1,16.17,0.4,15.89,-13.69535542,90.66418457,-182.1198578,48.612081435790266,marker-only,0.5,44,1,0,0.2120725849408985,0.9117091696205798,0.9494179818046125,0.0546412657555305,0.6377733478242613,1,1
experiment_results1.csv,perturbation_run,perturbation_gap,1,2026-04-21T19:56:25+08:00,20260421_195625_000000,controlled_perturbation_study,CTChest,perspective,tp_-13.70_90.66_-182.12,Near,1,CTChest__perspective__tp_-13.70_90.66_-182.12__shot2_16.17__shot3m3m1_0.40__shot3m3m2_15.89,Low,1,16.17,0.4,15.89,-13.69535542,90.66418457,-182.1198578,48.612081435790266,marker-only,0.5,45,1,0,1.2879359440866196,1.1323964104395503,0.4799071902415044,0.0546412657555305,0.574033850205185,1,1
experiment_results1.csv,perturbation_run,perturbation_gap,1,2026-04-21T19:56:25+08:00,20260421_195625_310745,controlled_perturbation_study,CTChest,perspective,tp_-13.70_90.66_-182.12,Near,1,CTChest__perspective__tp_-13.70_90.66_-182.12__shot2_16.17__shot3m3m1_0.40__shot3m3m2_15.89,Low,1,16.17,0.4,15.89,-13.69535542,90.66418457,-182.1198578,48.612081435790266,marker-only,0.5,46,1,0,0.691127846612477,1.2277825280622334,0.3755508432253346,0.0546412657555305,0.6126596862198245,1,1
experiment_results1.csv,perturbation_run,perturbation_gap,1,2026-04-21T19:56:25+08:00,20260421_195625_635967,controlled_perturbation_study,CTChest,perspective,tp_-13.70_90.66_-182.12,Near,1,CTChest__perspective__tp_-13.70_90.66_-182.12__shot2_16.17__shot3m3m1_0.40__shot3m3m2_15.89,Low,1,16.17,0.4,15.89,-13.69535542,90.66418457,-182.1198578,48.612081435790266,marker-only,0.5,47,1,0,0.508097643975764,1.629332364513647,0.7746756816608149,0.0546412657555305,0.61662985459107,1,1
experiment_results1.csv,perturbation_run,perturbation_gap,1,2026-04-21T19:56:25+08:00,20260421_195625_971785,controlled_perturbation_study,CTChest,perspective,tp_-13.70_90.66_-182.12,Near,1,CTChest__perspective__tp_-13.70_90.66_-182.12__shot2_16.17__shot3m3m1_0.40__shot3m3m2_15.89,Low,1,16.17,0.4,15.89,-13.69535542,90.66418457,-182.1198578,48.612081435790266,marker-only,0.5,48,1,0,0.2231383442455896,1.9788678465420373,0.3680602430538444,0.0546412657555305,0.6240015180782895,1,1
experiment_results1.csv,perturbation_run,perturbation_gap,1,2026-04-21T19:56:26+08:00,20260421_195626_319202,controlled_perturbation_study,CTChest,perspective,tp_-13.70_90.66_-182.12,Near,1,CTChest__perspective__tp_-13.70_90.66_-182.12__shot2_16.17__shot3m3m1_0.40__shot3m3m2_15.89,Low,1,16.17,0.4,15.89,-13.69535542,90.66418457,-182.1198578,48.612081435790266,marker-only,0.5,49,1,0,0.4991006420484667,0.8925443188959213,0.028997915225185,0.0546412657555305,0.5224292808113736,1,1
experiment_results1.csv,perturbation_run,perturbation_gap,1,2026-04-21T19:56:26+08:00,20260421_195626_672595,controlled_perturbation_study,CTChest,perspective,tp_-13.70_90.66_-182.12,Near,1,CTChest__perspective__tp_-13.70_90.66_-182.12__shot2_16.17__shot3m3m1_0.40__shot3m3m2_15.89,Low,1,16.17,0.4,15.89,-13.69535542,90.66418457,-182.1198578,48.612081435790266,marker-only,0.5,50,1,0,0.2143706790086524,1.0880344780023583,0.3521184310797261,0.0546412657555305,0.5942948551338234,1,1
experiment_results1.csv,perturbation_run,perturbation_gap,1,2026-04-21T19:56:34+08:00,20260421_195634_538520,controlled_perturbation_study,CTChest,perspective,tp_-13.70_90.66_-182.12,Near,1,CTChest__perspective__tp_-13.70_90.66_-182.12__shot2_16.17__shot3m3m1_0.40__shot3m3m2_15.89,Low,1,16.17,0.4,15.89,-13.69535542,90.66418457,-182.1198578,48.612081435790266,marker-only,1.0,1,1,0,2.1211171571094787,2.3471960270274983,0.0262138758197117,0.0546412657555305,1.1737016401706195,1,1
experiment_results1.csv,perturbation_run,perturbation_gap,1,2026-04-21T19:56:34+08:00,20260421_195634_860014,controlled_perturbation_study,CTChest,perspective,tp_-13.70_90.66_-182.12,Near,1,CTChest__perspective__tp_-13.70_90.66_-182.12__shot2_16.17__shot3m3m1_0.40__shot3m3m2_15.89,Low,1,16.17,0.4,15.89,-13.69535542,90.66418457,-182.1198578,48.612081435790266,marker-only,1.0,2,1,0,1.8559023542167952,2.805785770837948,0.6592653804068801,0.0546412657555305,1.1916858269906747,1,1
experiment_results1.csv,perturbation_run,perturbation_gap,1,2026-04-21T19:56:35+08:00,20260421_195635_174499,controlled_perturbation_study,CTChest,perspective,tp_-13.70_90.66_-182.12,Near,1,CTChest__perspective__tp_-13.70_90.66_-182.12__shot2_16.17__shot3m3m1_0.40__shot3m3m2_15.89,Low,1,16.17,0.4,15.89,-13.69535542,90.66418457,-182.1198578,48.612081435790266,marker-only,1.0,3,1,0,0.9501022276014472,3.18449736208263,0.6771639874074057,0.0546412657555305,1.2601609946370145,1,1
experiment_results1.csv,perturbation_run,perturbation_gap,1,2026-04-21T19:56:35+08:00,20260421_195635_480663,controlled_perturbation_study,CTChest,perspective,tp_-13.70_90.66_-182.12,Near,1,CTChest__perspective__tp_-13.70_90.66_-182.12__shot2_16.17__shot3m3m1_0.40__shot3m3m2_15.89,Low,1,16.17,0.4,15.89,-13.69535542,90.66418457,-182.1198578,48.612081435790266,marker-only,1.0,4,1,0,2.5788451773747774,3.549805285268448,0.9196433526657068,0.0546412657555305,1.1674057686058887,1,1
experiment_results1.csv,perturbation_run,perturbation_gap,1,2026-04-21T19:56:35+08:00,20260421_195635_790118,controlled_perturbation_study,CTChest,perspective,tp_-13.70_90.66_-182.12,Near,1,CTChest__perspective__tp_-13.70_90.66_-182.12__shot2_16.17__shot3m3m1_0.40__shot3m3m2_15.89,Low,1,16.17,0.4,15.89,-13.69535542,90.66418457,-182.1198578,48.612081435790266,marker-only,1.0,5,1,0,1.0704298761026356,1.9383102492815167,0.4970618345176781,0.0546412657555305,1.2297737318587971,1,1
experiment_results1.csv,perturbation_run,perturbation_gap,1,2026-04-21T19:56:36+08:00,20260421_195636_101147,controlled_perturbation_study,CTChest,perspective,tp_-13.70_90.66_-182.12,Near,1,CTChest__perspective__tp_-13.70_90.66_-182.12__shot2_16.17__shot3m3m1_0.40__shot3m3m2_15.89,Low,1,16.17,0.4,15.89,-13.69535542,90.66418457,-182.1198578,48.612081435790266,marker-only,1.0,6,1,0,0.7918952783470719,0.7866478150145322,1.2942874246482228,0.0546412657555305,1.0461418521034245,1,1
experiment_results1.csv,perturbation_run,perturbation_gap,1,2026-04-21T19:56:36+08:00,20260421_195636_408793,controlled_perturbation_study,CTChest,perspective,tp_-13.70_90.66_-182.12,Near,1,CTChest__perspective__tp_-13.70_90.66_-182.12__shot2_16.17__shot3m3m1_0.40__shot3m3m2_15.89,Low,1,16.17,0.4,15.89,-13.69535542,90.66418457,-182.1198578,48.612081435790266,marker-only,1.0,7,1,0,1.1195692289506056,2.3865530104526584,0.6960854450652451,0.0546412657555305,1.1020873856376423,1,1
experiment_results1.csv,perturbation_run,perturbation_gap,1,2026-04-21T19:56:36+08:00,20260421_195636_722465,controlled_perturbation_study,CTChest,perspective,tp_-13.70_90.66_-182.12,Near,1,CTChest__perspective__tp_-13.70_90.66_-182.12__shot2_16.17__shot3m3m1_0.40__shot3m3m2_15.89,Low,1,16.17,0.4,15.89,-13.69535542,90.66418457,-182.1198578,48.612081435790266,marker-only,1.0,8,1,0,2.826183174244356,1.2609536230087754,1.2718676280789565,0.0546412657555305,1.0747913074935782,1,1
experiment_results1.csv,perturbation_run,perturbation_gap,1,2026-04-21T19:56:37+08:00,20260421_195637_033439,controlled_perturbation_study,CTChest,perspective,tp_-13.70_90.66_-182.12,Near,1,CTChest__perspective__tp_-13.70_90.66_-182.12__shot2_16.17__shot3m3m1_0.40__shot3m3m2_15.89,Low,1,16.17,0.4,15.89,-13.69535542,90.66418457,-182.1198578,48.612081435790266,marker-only,1.0,9,1,0,1.7923361643304971,2.4457543317160133,0.476311648926763,0.0546412657555305,1.307172892320004,1,1
experiment_results1.csv,perturbation_run,perturbation_gap,1,2026-04-21T19:56:37+08:00,20260421_195637_359726,controlled_perturbation_study,CTChest,perspective,tp_-13.70_90.66_-182.12,Near,1,CTChest__perspective__tp_-13.70_90.66_-182.12__shot2_16.17__shot3m3m1_0.40__shot3m3m2_15.89,Low,1,16.17,0.4,15.89,-13.69535542,90.66418457,-182.1198578,48.612081435790266,marker-only,1.0,10,1,0,1.1785545440530043,1.535602831356301,0.4329114030582414,0.0546412657555305,1.1103037150441424,1,1
experiment_results1.csv,perturbation_run,perturbation_gap,1,2026-04-21T19:56:37+08:00,20260421_195637_678654,controlled_perturbation_study,CTChest,perspective,tp_-13.70_90.66_-182.12,Near,1,CTChest__perspective__tp_-13.70_90.66_-182.12__shot2_16.17__shot3m3m1_0.40__shot3m3m2_15.89,Low,1,16.17,0.4,15.89,-13.69535542,90.66418457,-182.1198578,48.612081435790266,marker-only,1.0,11,1,0,0.7586879178374915,1.5195565646325977,1.3619812247245848,0.0546412657555305,0.9210501247094488,1,1
experiment_results1.csv,perturbation_run,perturbation_gap,1,2026-04-21T19:56:38+08:00,20260421_195638_000915,controlled_perturbation_study,CTChest,perspective,tp_-13.70_90.66_-182.12,Near,1,CTChest__perspective__tp_-13.70_90.66_-182.12__shot2_16.17__shot3m3m1_0.40__shot3m3m2_15.89,Low,1,16.17,0.4,15.89,-13.69535542,90.66418457,-182.1198578,48.612081435790266,marker-only,1.0,12,1,0,1.449249202865091,1.5614493517161965,0.6325909270871154,0.0546412657555305,1.1225867836884649,1,1
experiment_results1.csv,perturbation_run,perturbation_gap,1,2026-04-21T19:56:38+08:00,20260421_195638_345181,controlled_perturbation_study,CTChest,perspective,tp_-13.70_90.66_-182.12,Near,1,CTChest__perspective__tp_-13.70_90.66_-182.12__shot2_16.17__shot3m3m1_0.40__shot3m3m2_15.89,Low,1,16.17,0.4,15.89,-13.69535542,90.66418457,-182.1198578,48.612081435790266,marker-only,1.0,13,1,0,1.433541635723344,3.2924904470666663,0.1520198096785203,0.0546412657555305,1.1736207593571537,1,1
experiment_results1.csv,perturbation_run,perturbation_gap,1,2026-04-21T19:56:38+08:00,20260421_195638_695610,controlled_perturbation_study,CTChest,perspective,tp_-13.70_90.66_-182.12,Near,1,CTChest__perspective__tp_-13.70_90.66_-182.12__shot2_16.17__shot3m3m1_0.40__shot3m3m2_15.89,Low,1,16.17,0.4,15.89,-13.69535542,90.66418457,-182.1198578,48.612081435790266,marker-only,1.0,14,1,0,0.4819218196059224,1.0021440878181505,0.0975059795565083,0.0546412657555305,0.9888503423014242,1,1
experiment_results1.csv,perturbation_run,perturbation_gap,1,2026-04-21T19:56:39+08:00,20260421_195639_046224,controlled_perturbation_study,CTChest,perspective,tp_-13.70_90.66_-182.12,Near,1,CTChest__perspective__tp_-13.70_90.66_-182.12__shot2_16.17__shot3m3m1_0.40__shot3m3m2_15.89,Low,1,16.17,0.4,15.89,-13.69535542,90.66418457,-182.1198578,48.612081435790266,marker-only,1.0,15,1,0,1.7490932767427427,1.3213881464112482,0.445401985703879,0.0546412657555305,1.19107597047488,1,1
experiment_results1.csv,perturbation_run,perturbation_gap,1,2026-04-21T19:56:39+08:00,20260421_195639_405684,controlled_perturbation_study,CTChest,perspective,tp_-13.70_90.66_-182.12,Near,1,CTChest__perspective__tp_-13.70_90.66_-182.12__shot2_16.17__shot3m3m1_0.40__shot3m3m2_15.89,Low,1,16.17,0.4,15.89,-13.69535542,90.66418457,-182.1198578,48.612081435790266,marker-only,1.0,16,1,0,3.0746412152728126,3.829334933521682,0.6794124237170621,0.0546412657555305,1.2470695782871597,1,1
experiment_results1.csv,perturbation_run,perturbation_gap,1,2026-04-21T19:56:39+08:00,20260421_195639_780071,controlled_perturbation_study,CTChest,perspective,tp_-13.70_90.66_-182.12,Near,1,CTChest__perspective__tp_-13.70_90.66_-182.12__shot2_16.17__shot3m3m1_0.40__shot3m3m2_15.89,Low,1,16.17,0.4,15.89,-13.69535542,90.66418457,-182.1198578,48.612081435790266,marker-only,1.0,17,1,0,0.6167705166972258,1.787983056372421,0.9120236662438558,0.0546412657555305,1.053504773236024,1,1
experiment_results1.csv,perturbation_run,perturbation_gap,1,2026-04-21T19:56:40+08:00,20260421_195640_153760,controlled_perturbation_study,CTChest,perspective,tp_-13.70_90.66_-182.12,Near,1,CTChest__perspective__tp_-13.70_90.66_-182.12__shot2_16.17__shot3m3m1_0.40__shot3m3m2_15.89,Low,1,16.17,0.4,15.89,-13.69535542,90.66418457,-182.1198578,48.612081435790266,marker-only,1.0,18,1,0,1.3740176295796678,1.6748163089484922,0.5283724748881733,0.0546412657555305,1.0539938349746516,1,1
experiment_results1.csv,perturbation_run,perturbation_gap,1,2026-04-21T19:56:40+08:00,20260421_195640_474605,controlled_perturbation_study,CTChest,perspective,tp_-13.70_90.66_-182.12,Near,1,CTChest__perspective__tp_-13.70_90.66_-182.12__shot2_16.17__shot3m3m1_0.40__shot3m3m2_15.89,Low,1,16.17,0.4,15.89,-13.69535542,90.66418457,-182.1198578,48.612081435790266,marker-only,1.0,19,1,0,1.7897791934870375,2.1312974907386284,0.4361225173155459,0.0546412657555305,1.2682399700155644,1,1
experiment_results1.csv,perturbation_run,perturbation_gap,1,2026-04-21T19:56:40+08:00,20260421_195640_788170,controlled_perturbation_study,CTChest,perspective,tp_-13.70_90.66_-182.12,Near,1,CTChest__perspective__tp_-13.70_90.66_-182.12__shot2_16.17__shot3m3m1_0.40__shot3m3m2_15.89,Low,1,16.17,0.4,15.89,-13.69535542,90.66418457,-182.1198578,48.612081435790266,marker-only,1.0,20,1,0,1.0537601970022876,1.048594368896245,0.5310312999721474,0.0546412657555305,1.0448593286703,1,1
experiment_results1.csv,perturbation_run,perturbation_gap,1,2026-04-21T19:56:41+08:00,20260421_195641_091058,controlled_perturbation_study,CTChest,perspective,tp_-13.70_90.66_-182.12,Near,1,CTChest__perspective__tp_-13.70_90.66_-182.12__shot2_16.17__shot3m3m1_0.40__shot3m3m2_15.89,Low,1,16.17,0.4,15.89,-13.69535542,90.66418457,-182.1198578,48.612081435790266,marker-only,1.0,21,1,0,1.6246451648556772,1.5688021043346414,0.4167450247996732,0.0546412657555305,1.1958458485132013,1,1
experiment_results1.csv,perturbation_run,perturbation_gap,1,2026-04-21T19:56:41+08:00,20260421_195641_392429,controlled_perturbation_study,CTChest,perspective,tp_-13.70_90.66_-182.12,Near,1,CTChest__perspective__tp_-13.70_90.66_-182.12__shot2_16.17__shot3m3m1_0.40__shot3m3m2_15.89,Low,1,16.17,0.4,15.89,-13.69535542,90.66418457,-182.1198578,48.612081435790266,marker-only,1.0,22,1,0,4.017276619418257,0.9469093632727008,0.627175556565794,0.0546412657555305,1.343314973992617,1,1
experiment_results1.csv,perturbation_run,perturbation_gap,1,2026-04-21T19:56:41+08:00,20260421_195641_691763,controlled_perturbation_study,CTChest,perspective,tp_-13.70_90.66_-182.12,Near,1,CTChest__perspective__tp_-13.70_90.66_-182.12__shot2_16.17__shot3m3m1_0.40__shot3m3m2_15.89,Low,1,16.17,0.4,15.89,-13.69535542,90.66418457,-182.1198578,48.612081435790266,marker-only,1.0,23,1,0,0.3666073014068016,2.311295953509416,0.3444777264409687,0.0546412657555305,1.268812299313266,1,1
experiment_results1.csv,perturbation_run,perturbation_gap,1,2026-04-21T19:56:42+08:00,20260421_195642_013778,controlled_perturbation_study,CTChest,perspective,tp_-13.70_90.66_-182.12,Near,1,CTChest__perspective__tp_-13.70_90.66_-182.12__shot2_16.17__shot3m3m1_0.40__shot3m3m2_15.89,Low,1,16.17,0.4,15.89,-13.69535542,90.66418457,-182.1198578,48.612081435790266,marker-only,1.0,24,1,0,0.4545742251583171,0.3658242274021026,0.2181619014105994,0.0546412657555305,1.2661525663401505,1,1
experiment_results1.csv,perturbation_run,perturbation_gap,1,2026-04-21T19:56:42+08:00,20260421_195642_318547,controlled_perturbation_study,CTChest,perspective,tp_-13.70_90.66_-182.12,Near,1,CTChest__perspective__tp_-13.70_90.66_-182.12__shot2_16.17__shot3m3m1_0.40__shot3m3m2_15.89,Low,1,16.17,0.4,15.89,-13.69535542,90.66418457,-182.1198578,48.612081435790266,marker-only,1.0,25,1,0,0.3436845709427013,4.026336678504366,0.0541313762913964,0.0546412657555305,1.358182777604464,1,1
experiment_results1.csv,perturbation_run,perturbation_gap,1,2026-04-21T19:56:42+08:00,20260421_195642_638795,controlled_perturbation_study,CTChest,perspective,tp_-13.70_90.66_-182.12,Near,1,CTChest__perspective__tp_-13.70_90.66_-182.12__shot2_16.17__shot3m3m1_0.40__shot3m3m2_15.89,Low,1,16.17,0.4,15.89,-13.69535542,90.66418457,-182.1198578,48.612081435790266,marker-only,1.0,26,1,0,1.6064086567735922,1.680424564899095,1.2717404630013398,0.0546412657555305,1.142575225877967,1,1
experiment_results1.csv,perturbation_run,perturbation_gap,1,2026-04-21T19:56:42+08:00,20260421_195642_972352,controlled_perturbation_study,CTChest,perspective,tp_-13.70_90.66_-182.12,Near,1,CTChest__perspective__tp_-13.70_90.66_-182.12__shot2_16.17__shot3m3m1_0.40__shot3m3m2_15.89,Low,1,16.17,0.4,15.89,-13.69535542,90.66418457,-182.1198578,48.612081435790266,marker-only,1.0,27,1,0,0.5471941801796026,2.9987705204095163,0.3953809593852095,0.0546412657555305,1.278389676146736,1,1
experiment_results1.csv,perturbation_run,perturbation_gap,1,2026-04-21T19:56:43+08:00,20260421_195643_303056,controlled_perturbation_study,CTChest,perspective,tp_-13.70_90.66_-182.12,Near,1,CTChest__perspective__tp_-13.70_90.66_-182.12__shot2_16.17__shot3m3m1_0.40__shot3m3m2_15.89,Low,1,16.17,0.4,15.89,-13.69535542,90.66418457,-182.1198578,48.612081435790266,marker-only,1.0,28,1,0,2.900457073487429,5.544920668145983,2.020531491887098,0.0546412657555305,1.268664608019754,1,1
experiment_results1.csv,perturbation_run,perturbation_gap,1,2026-04-21T19:56:43+08:00,20260421_195643_642838,controlled_perturbation_study,CTChest,perspective,tp_-13.70_90.66_-182.12,Near,1,CTChest__perspective__tp_-13.70_90.66_-182.12__shot2_16.17__shot3m3m1_0.40__shot3m3m2_15.89,Low,1,16.17,0.4,15.89,-13.69535542,90.66418457,-182.1198578,48.612081435790266,marker-only,1.0,29,1,0,0.1911684455233558,1.2385558873255302,0.07230644391112,0.0546412657555305,1.132403304570305,1,1
experiment_results1.csv,perturbation_run,perturbation_gap,1,2026-04-21T19:56:44+08:00,20260421_195644_000994,controlled_perturbation_study,CTChest,perspective,tp_-13.70_90.66_-182.12,Near,1,CTChest__perspective__tp_-13.70_90.66_-182.12__shot2_16.17__shot3m3m1_0.40__shot3m3m2_15.89,Low,1,16.17,0.4,15.89,-13.69535542,90.66418457,-182.1198578,48.612081435790266,marker-only,1.0,30,1,0,2.825836152306489,0.4380085705230637,0.2069394873834165,0.0546412657555305,1.229469372072486,1,1
experiment_results1.csv,perturbation_run,perturbation_gap,1,2026-04-21T19:56:44+08:00,20260421_195644_365739,controlled_perturbation_study,CTChest,perspective,tp_-13.70_90.66_-182.12,Near,1,CTChest__perspective__tp_-13.70_90.66_-182.12__shot2_16.17__shot3m3m1_0.40__shot3m3m2_15.89,Low,1,16.17,0.4,15.89,-13.69535542,90.66418457,-182.1198578,48.612081435790266,marker-only,1.0,31,1,0,1.9929455980011368,1.610475461601674,0.4760427949965539,0.0546412657555305,1.2010525501509746,1,1
experiment_results1.csv,perturbation_run,perturbation_gap,1,2026-04-21T19:56:44+08:00,20260421_195644_737839,controlled_perturbation_study,CTChest,perspective,tp_-13.70_90.66_-182.12,Near,1,CTChest__perspective__tp_-13.70_90.66_-182.12__shot2_16.17__shot3m3m1_0.40__shot3m3m2_15.89,Low,1,16.17,0.4,15.89,-13.69535542,90.66418457,-182.1198578,48.612081435790266,marker-only,1.0,32,1,0,2.968700317713034,3.177563475118242,0.2414745484834173,0.0546412657555305,1.2036552435487584,1,1
experiment_results1.csv,perturbation_run,perturbation_gap,1,2026-04-21T19:56:45+08:00,20260421_195645_124849,controlled_perturbation_study,CTChest,perspective,tp_-13.70_90.66_-182.12,Near,1,CTChest__perspective__tp_-13.70_90.66_-182.12__shot2_16.17__shot3m3m1_0.40__shot3m3m2_15.89,Low,1,16.17,0.4,15.89,-13.69535542,90.66418457,-182.1198578,48.612081435790266,marker-only,1.0,33,1,0,0.8139472862046958,0.8764046744512102,0.0874122732208478,0.0546412657555305,1.2192540595233805,1,1
experiment_results1.csv,perturbation_run,perturbation_gap,1,2026-04-21T19:56:45+08:00,20260421_195645_519775,controlled_perturbation_study,CTChest,perspective,tp_-13.70_90.66_-182.12,Near,1,CTChest__perspective__tp_-13.70_90.66_-182.12__shot2_16.17__shot3m3m1_0.40__shot3m3m2_15.89,Low,1,16.17,0.4,15.89,-13.69535542,90.66418457,-182.1198578,48.612081435790266,marker-only,1.0,34,1,0,1.7743467410582197,2.8553226590675145,0.3724364188418378,0.0546412657555305,1.2123419536839204,1,1
experiment_results1.csv,perturbation_run,perturbation_gap,1,2026-04-21T19:56:45+08:00,20260421_195645_927019,controlled_perturbation_study,CTChest,perspective,tp_-13.70_90.66_-182.12,Near,1,CTChest__perspective__tp_-13.70_90.66_-182.12__shot2_16.17__shot3m3m1_0.40__shot3m3m2_15.89,Low,1,16.17,0.4,15.89,-13.69535542,90.66418457,-182.1198578,48.612081435790266,marker-only,1.0,35,1,0,1.5766943082138574,2.1157033360320265,0.0895466317631309,0.0546412657555305,1.4525640799559456,1,1
experiment_results1.csv,perturbation_run,perturbation_gap,1,2026-04-21T19:56:46+08:00,20260421_195646_338088,controlled_perturbation_study,CTChest,perspective,tp_-13.70_90.66_-182.12,Near,1,CTChest__perspective__tp_-13.70_90.66_-182.12__shot2_16.17__shot3m3m1_0.40__shot3m3m2_15.89,Low,1,16.17,0.4,15.89,-13.69535542,90.66418457,-182.1198578,48.612081435790266,marker-only,1.0,36,1,0,2.4854367969759443,1.183255292749568,1.294131121372114,0.0546412657555305,1.1601087312419456,1,1
experiment_results1.csv,perturbation_run,perturbation_gap,1,2026-04-21T19:56:46+08:00,20260421_195646_765638,controlled_perturbation_study,CTChest,perspective,tp_-13.70_90.66_-182.12,Near,1,CTChest__perspective__tp_-13.70_90.66_-182.12__shot2_16.17__shot3m3m1_0.40__shot3m3m2_15.89,Low,1,16.17,0.4,15.89,-13.69535542,90.66418457,-182.1198578,48.612081435790266,marker-only,1.0,37,1,0,0.6160639354815367,1.6151682912955982,0.8136921643257881,0.0546412657555305,1.2020876600499055,1,1
experiment_results1.csv,perturbation_run,perturbation_gap,1,2026-04-21T19:56:47+08:00,20260421_195647_200107,controlled_perturbation_study,CTChest,perspective,tp_-13.70_90.66_-182.12,Near,1,CTChest__perspective__tp_-13.70_90.66_-182.12__shot2_16.17__shot3m3m1_0.40__shot3m3m2_15.89,Low,1,16.17,0.4,15.89,-13.69535542,90.66418457,-182.1198578,48.612081435790266,marker-only,1.0,38,1,0,0.7624224539551929,0.5716910302450198,0.1220913528900121,0.0546412657555305,1.1562032747473336,1,1
experiment_results1.csv,perturbation_run,perturbation_gap,1,2026-04-21T19:56:47+08:00,20260421_195647_648411,controlled_perturbation_study,CTChest,perspective,tp_-13.70_90.66_-182.12,Near,1,CTChest__perspective__tp_-13.70_90.66_-182.12__shot2_16.17__shot3m3m1_0.40__shot3m3m2_15.89,Low,1,16.17,0.4,15.89,-13.69535542,90.66418457,-182.1198578,48.612081435790266,marker-only,1.0,39,1,0,0.6594231736220519,1.2361996730104614,0.0137558465132784,0.0546412657555305,1.181424258514595,1,1
experiment_results1.csv,perturbation_run,perturbation_gap,1,2026-04-21T19:56:48+08:00,20260421_195648_095681,controlled_perturbation_study,CTChest,perspective,tp_-13.70_90.66_-182.12,Near,1,CTChest__perspective__tp_-13.70_90.66_-182.12__shot2_16.17__shot3m3m1_0.40__shot3m3m2_15.89,Low,1,16.17,0.4,15.89,-13.69535542,90.66418457,-182.1198578,48.612081435790266,marker-only,1.0,40,1,0,1.090686598124866,2.697129848585901,0.0265903713226139,0.0546412657555305,1.2120241460402716,1,1
experiment_results1.csv,perturbation_run,perturbation_gap,1,2026-04-21T19:56:48+08:00,20260421_195648_559189,controlled_perturbation_study,CTChest,perspective,tp_-13.70_90.66_-182.12,Near,1,CTChest__perspective__tp_-13.70_90.66_-182.12__shot2_16.17__shot3m3m1_0.40__shot3m3m2_15.89,Low,1,16.17,0.4,15.89,-13.69535542,90.66418457,-182.1198578,48.612081435790266,marker-only,1.0,41,1,0,1.5841120331959853,2.092821550760932,0.5319533158585268,0.0546412657555305,1.1141686788510978,1,1
experiment_results1.csv,perturbation_run,perturbation_gap,1,2026-04-21T19:56:49+08:00,20260421_195649_011545,controlled_perturbation_study,CTChest,perspective,tp_-13.70_90.66_-182.12,Near,1,CTChest__perspective__tp_-13.70_90.66_-182.12__shot2_16.17__shot3m3m1_0.40__shot3m3m2_15.89,Low,1,16.17,0.4,15.89,-13.69535542,90.66418457,-182.1198578,48.612081435790266,marker-only,1.0,42,1,0,0.4691156351342036,0.1909158549949496,1.1738694412591115,0.0546412657555305,1.308253294685655,1,1
experiment_results1.csv,perturbation_run,perturbation_gap,1,2026-04-21T19:56:49+08:00,20260421_195649_401510,controlled_perturbation_study,CTChest,perspective,tp_-13.70_90.66_-182.12,Near,1,CTChest__perspective__tp_-13.70_90.66_-182.12__shot2_16.17__shot3m3m1_0.40__shot3m3m2_15.89,Low,1,16.17,0.4,15.89,-13.69535542,90.66418457,-182.1198578,48.612081435790266,marker-only,1.0,43,1,0,3.069660230458668,2.040082294041933,0.6702966222971255,0.0546412657555305,0.947172714110573,1,1
experiment_results1.csv,perturbation_run,perturbation_gap,1,2026-04-21T19:56:49+08:00,20260421_195649_733689,controlled_perturbation_study,CTChest,perspective,tp_-13.70_90.66_-182.12,Near,1,CTChest__perspective__tp_-13.70_90.66_-182.12__shot2_16.17__shot3m3m1_0.40__shot3m3m2_15.89,Low,1,16.17,0.4,15.89,-13.69535542,90.66418457,-182.1198578,48.612081435790266,marker-only,1.0,44,1,0,1.1741880069046695,0.7156770142630586,1.067936033509849,0.0546412657555305,1.0469474655742224,1,1
experiment_results1.csv,perturbation_run,perturbation_gap,1,2026-04-21T19:56:50+08:00,20260421_195650_038429,controlled_perturbation_study,CTChest,perspective,tp_-13.70_90.66_-182.12,Near,1,CTChest__perspective__tp_-13.70_90.66_-182.12__shot2_16.17__shot3m3m1_0.40__shot3m3m2_15.89,Low,1,16.17,0.4,15.89,-13.69535542,90.66418457,-182.1198578,48.612081435790266,marker-only,1.0,45,1,0,0.4617480696893291,0.0510632669597715,1.1748026449412614,0.0546412657555305,1.2006800021305228,1,1
experiment_results1.csv,perturbation_run,perturbation_gap,1,2026-04-21T19:56:50+08:00,20260421_195650_363771,controlled_perturbation_study,CTChest,perspective,tp_-13.70_90.66_-182.12,Near,1,CTChest__perspective__tp_-13.70_90.66_-182.12__shot2_16.17__shot3m3m1_0.40__shot3m3m2_15.89,Low,1,16.17,0.4,15.89,-13.69535542,90.66418457,-182.1198578,48.612081435790266,marker-only,1.0,46,1,0,2.220268455155152,2.321787124226422,0.2287283662132778,0.0546412657555305,1.203952926750386,1,1
experiment_results1.csv,perturbation_run,perturbation_gap,1,2026-04-21T19:56:50+08:00,20260421_195650_685150,controlled_perturbation_study,CTChest,perspective,tp_-13.70_90.66_-182.12,Near,1,CTChest__perspective__tp_-13.70_90.66_-182.12__shot2_16.17__shot3m3m1_0.40__shot3m3m2_15.89,Low,1,16.17,0.4,15.89,-13.69535542,90.66418457,-182.1198578,48.612081435790266,marker-only,1.0,47,1,0,1.363003462619246,0.976414911275963,0.3591669641677064,0.0546412657555305,1.2308790093101645,1,1
experiment_results1.csv,perturbation_run,perturbation_gap,1,2026-04-21T19:56:51+08:00,20260421_195651_026306,controlled_perturbation_study,CTChest,perspective,tp_-13.70_90.66_-182.12,Near,1,CTChest__perspective__tp_-13.70_90.66_-182.12__shot2_16.17__shot3m3m1_0.40__shot3m3m2_15.89,Low,1,16.17,0.4,15.89,-13.69535542,90.66418457,-182.1198578,48.612081435790266,marker-only,1.0,48,1,0,1.970908314617429,4.319192670416527,0.1365173420673672,0.0546412657555305,1.0697226976571752,1,1
experiment_results1.csv,perturbation_run,perturbation_gap,1,2026-04-21T19:56:51+08:00,20260421_195651_371498,controlled_perturbation_study,CTChest,perspective,tp_-13.70_90.66_-182.12,Near,1,CTChest__perspective__tp_-13.70_90.66_-182.12__shot2_16.17__shot3m3m1_0.40__shot3m3m2_15.89,Low,1,16.17,0.4,15.89,-13.69535542,90.66418457,-182.1198578,48.612081435790266,marker-only,1.0,49,1,0,1.49294909268655,4.623984677024293,0.2728245505130122,0.0546412657555305,1.2406510528409125,1,1
experiment_results1.csv,perturbation_run,perturbation_gap,1,2026-04-21T19:56:51+08:00,20260421_195651_727889,controlled_perturbation_study,CTChest,perspective,tp_-13.70_90.66_-182.12,Near,1,CTChest__perspective__tp_-13.70_90.66_-182.12__shot2_16.17__shot3m3m1_0.40__shot3m3m2_15.89,Low,1,16.17,0.4,15.89,-13.69535542,90.66418457,-182.1198578,48.612081435790266,marker-only,1.0,50,1,0,1.9671424252771657,0.8846348720912702,0.0665231840146737,0.0546412657555305,1.1795190473127084,1,1
experiment_results1.csv,perturbation_run,perturbation_gap,1,2026-04-21T19:56:56+08:00,20260421_195656_250841,controlled_perturbation_study,CTChest,perspective,tp_-13.70_90.66_-182.12,Near,1,CTChest__perspective__tp_-13.70_90.66_-182.12__shot2_16.17__shot3m3m1_0.40__shot3m3m2_15.89,Low,1,16.17,0.4,15.89,-13.69535542,90.66418457,-182.1198578,48.612081435790266,marker-only,2.0,1,1,0,1.225441013973424,3.13752759390014,3.23654915110946,0.0546412657555305,2.8308466655065896,1,1
experiment_results1.csv,perturbation_run,perturbation_gap,1,2026-04-21T19:56:56+08:00,20260421_195656_553185,controlled_perturbation_study,CTChest,perspective,tp_-13.70_90.66_-182.12,Near,1,CTChest__perspective__tp_-13.70_90.66_-182.12__shot2_16.17__shot3m3m1_0.40__shot3m3m2_15.89,Low,1,16.17,0.4,15.89,-13.69535542,90.66418457,-182.1198578,48.612081435790266,marker-only,2.0,2,1,0,2.244335897440921,4.02765940247942,2.927583405454916,0.0546412657555305,2.352857942561011,1,1
experiment_results1.csv,perturbation_run,perturbation_gap,1,2026-04-21T19:56:56+08:00,20260421_195656_847856,controlled_perturbation_study,CTChest,perspective,tp_-13.70_90.66_-182.12,Near,1,CTChest__perspective__tp_-13.70_90.66_-182.12__shot2_16.17__shot3m3m1_0.40__shot3m3m2_15.89,Low,1,16.17,0.4,15.89,-13.69535542,90.66418457,-182.1198578,48.612081435790266,marker-only,2.0,3,1,0,2.46645434742324,1.55276613784298,1.0621093637370214,0.0546412657555305,2.535757802930737,1,1
experiment_results1.csv,perturbation_run,perturbation_gap,1,2026-04-21T19:56:57+08:00,20260421_195657_152843,controlled_perturbation_study,CTChest,perspective,tp_-13.70_90.66_-182.12,Near,1,CTChest__perspective__tp_-13.70_90.66_-182.12__shot2_16.17__shot3m3m1_0.40__shot3m3m2_15.89,Low,1,16.17,0.4,15.89,-13.69535542,90.66418457,-182.1198578,48.612081435790266,marker-only,2.0,4,1,0,1.4198712811524017,6.523887980461416,1.602348878656464,0.0546412657555305,2.2353199107695407,1,1
experiment_results1.csv,perturbation_run,perturbation_gap,1,2026-04-21T19:56:57+08:00,20260421_195657_449574,controlled_perturbation_study,CTChest,perspective,tp_-13.70_90.66_-182.12,Near,1,CTChest__perspective__tp_-13.70_90.66_-182.12__shot2_16.17__shot3m3m1_0.40__shot3m3m2_15.89,Low,1,16.17,0.4,15.89,-13.69535542,90.66418457,-182.1198578,48.612081435790266,marker-only,2.0,5,1,0,4.114774224523435,2.139835957509412,0.4422833169532654,0.0546412657555305,2.33899581330804,1,1
experiment_results1.csv,perturbation_run,perturbation_gap,1,2026-04-21T19:56:57+08:00,20260421_195657_746201,controlled_perturbation_study,CTChest,perspective,tp_-13.70_90.66_-182.12,Near,1,CTChest__perspective__tp_-13.70_90.66_-182.12__shot2_16.17__shot3m3m1_0.40__shot3m3m2_15.89,Low,1,16.17,0.4,15.89,-13.69535542,90.66418457,-182.1198578,48.612081435790266,marker-only,2.0,6,1,0,1.2735054191695034,7.026250889872404,1.141122500661347,0.0546412657555305,2.3219511695368404,1,1
experiment_results1.csv,perturbation_run,perturbation_gap,1,2026-04-21T19:56:58+08:00,20260421_195658_039190,controlled_perturbation_study,CTChest,perspective,tp_-13.70_90.66_-182.12,Near,1,CTChest__perspective__tp_-13.70_90.66_-182.12__shot2_16.17__shot3m3m1_0.40__shot3m3m2_15.89,Low,1,16.17,0.4,15.89,-13.69535542,90.66418457,-182.1198578,48.612081435790266,marker-only,2.0,7,1,0,2.3350340821023288,5.192790117980055,0.5888610779110667,0.0546412657555305,2.626922041849056,1,1
experiment_results1.csv,perturbation_run,perturbation_gap,1,2026-04-21T19:56:58+08:00,20260421_195658_333125,controlled_perturbation_study,CTChest,perspective,tp_-13.70_90.66_-182.12,Near,1,CTChest__perspective__tp_-13.70_90.66_-182.12__shot2_16.17__shot3m3m1_0.40__shot3m3m2_15.89,Low,1,16.17,0.4,15.89,-13.69535542,90.66418457,-182.1198578,48.612081435790266,marker-only,2.0,8,1,0,3.729460641976863,6.752244897356669,1.779882187133846,0.0546412657555305,2.774137964050834,1,1
experiment_results1.csv,perturbation_run,perturbation_gap,1,2026-04-21T19:56:58+08:00,20260421_195658_637523,controlled_perturbation_study,CTChest,perspective,tp_-13.70_90.66_-182.12,Near,1,CTChest__perspective__tp_-13.70_90.66_-182.12__shot2_16.17__shot3m3m1_0.40__shot3m3m2_15.89,Low,1,16.17,0.4,15.89,-13.69535542,90.66418457,-182.1198578,48.612081435790266,marker-only,2.0,9,1,0,0.3955447002931678,4.171186893851494,0.2380592758419835,0.0546412657555305,2.451017715009995,1,1
experiment_results1.csv,perturbation_run,perturbation_gap,1,2026-04-21T19:56:58+08:00,20260421_195658_945114,controlled_perturbation_study,CTChest,perspective,tp_-13.70_90.66_-182.12,Near,1,CTChest__perspective__tp_-13.70_90.66_-182.12__shot2_16.17__shot3m3m1_0.40__shot3m3m2_15.89,Low,1,16.17,0.4,15.89,-13.69535542,90.66418457,-182.1198578,48.612081435790266,marker-only,2.0,10,1,0,3.1661221458134188,7.560157531938437,0.9084285565439778,0.0546412657555305,2.5396949790097074,1,1
experiment_results1.csv,perturbation_run,perturbation_gap,1,2026-04-21T19:56:59+08:00,20260421_195659_247421,controlled_perturbation_study,CTChest,perspective,tp_-13.70_90.66_-182.12,Near,1,CTChest__perspective__tp_-13.70_90.66_-182.12__shot2_16.17__shot3m3m1_0.40__shot3m3m2_15.89,Low,1,16.17,0.4,15.89,-13.69535542,90.66418457,-182.1198578,48.612081435790266,marker-only,2.0,11,1,0,1.0951782866204651,1.9563596071015392,1.4074992125729189,0.0546412657555305,2.461284578224624,1,1
experiment_results1.csv,perturbation_run,perturbation_gap,1,2026-04-21T19:56:59+08:00,20260421_195659_565258,controlled_perturbation_study,CTChest,perspective,tp_-13.70_90.66_-182.12,Near,1,CTChest__perspective__tp_-13.70_90.66_-182.12__shot2_16.17__shot3m3m1_0.40__shot3m3m2_15.89,Low,1,16.17,0.4,15.89,-13.69535542,90.66418457,-182.1198578,48.612081435790266,marker-only,2.0,12,1,0,2.7315366738912674,5.264498530569979,0.3757577558395849,0.0546412657555305,1.6552460276816994,1,1
experiment_results1.csv,perturbation_run,perturbation_gap,1,2026-04-21T19:56:59+08:00,20260421_195659_878242,controlled_perturbation_study,CTChest,perspective,tp_-13.70_90.66_-182.12,Near,1,CTChest__perspective__tp_-13.70_90.66_-182.12__shot2_16.17__shot3m3m1_0.40__shot3m3m2_15.89,Low,1,16.17,0.4,15.89,-13.69535542,90.66418457,-182.1198578,48.612081435790266,marker-only,2.0,13,1,0,1.5495235465534436,4.512731079261503,0.8929156776112531,0.0546412657555305,2.3934484300956465,1,1
experiment_results1.csv,perturbation_run,perturbation_gap,1,2026-04-21T19:57:00+08:00,20260421_195700_189117,controlled_perturbation_study,CTChest,perspective,tp_-13.70_90.66_-182.12,Near,1,CTChest__perspective__tp_-13.70_90.66_-182.12__shot2_16.17__shot3m3m1_0.40__shot3m3m2_15.89,Low,1,16.17,0.4,15.89,-13.69535542,90.66418457,-182.1198578,48.612081435790266,marker-only,2.0,14,1,0,4.210726476510157,7.513034903240951,0.2179888487829111,0.0546412657555305,2.505741622664434,1,1
experiment_results1.csv,perturbation_run,perturbation_gap,1,2026-04-21T19:57:00+08:00,20260421_195700_506337,controlled_perturbation_study,CTChest,perspective,tp_-13.70_90.66_-182.12,Near,1,CTChest__perspective__tp_-13.70_90.66_-182.12__shot2_16.17__shot3m3m1_0.40__shot3m3m2_15.89,Low,1,16.17,0.4,15.89,-13.69535542,90.66418457,-182.1198578,48.612081435790266,marker-only,2.0,15,1,0,4.189113747076734,10.243967633315918,0.4104350331333675,0.0546412657555305,2.331227160397221,1,1
experiment_results1.csv,perturbation_run,perturbation_gap,1,2026-04-21T19:57:00+08:00,20260421_195700_817790,controlled_perturbation_study,CTChest,perspective,tp_-13.70_90.66_-182.12,Near,1,CTChest__perspective__tp_-13.70_90.66_-182.12__shot2_16.17__shot3m3m1_0.40__shot3m3m2_15.89,Low,1,16.17,0.4,15.89,-13.69535542,90.66418457,-182.1198578,48.612081435790266,marker-only,2.0,16,1,0,2.534653256098223,2.6992389373656023,0.6935429525335572,0.0546412657555305,2.21310640626414,1,1
experiment_results1.csv,perturbation_run,perturbation_gap,1,2026-04-21T19:57:01+08:00,20260421_195701_111609,controlled_perturbation_study,CTChest,perspective,tp_-13.70_90.66_-182.12,Near,1,CTChest__perspective__tp_-13.70_90.66_-182.12__shot2_16.17__shot3m3m1_0.40__shot3m3m2_15.89,Low,1,16.17,0.4,15.89,-13.69535542,90.66418457,-182.1198578,48.612081435790266,marker-only,2.0,17,1,0,3.62059821321456,2.83785283972261,2.781959069285544,0.0546412657555305,2.227158606164834,1,1
experiment_results1.csv,perturbation_run,perturbation_gap,1,2026-04-21T19:57:01+08:00,20260421_195701_414653,controlled_perturbation_study,CTChest,perspective,tp_-13.70_90.66_-182.12,Near,1,CTChest__perspective__tp_-13.70_90.66_-182.12__shot2_16.17__shot3m3m1_0.40__shot3m3m2_15.89,Low,1,16.17,0.4,15.89,-13.69535542,90.66418457,-182.1198578,48.612081435790266,marker-only,2.0,18,1,0,5.153268779984641,3.3311855897957354,0.6824658167339597,0.0546412657555305,2.2922968443745466,1,1
experiment_results1.csv,perturbation_run,perturbation_gap,1,2026-04-21T19:57:01+08:00,20260421_195701_709546,controlled_perturbation_study,CTChest,perspective,tp_-13.70_90.66_-182.12,Near,1,CTChest__perspective__tp_-13.70_90.66_-182.12__shot2_16.17__shot3m3m1_0.40__shot3m3m2_15.89,Low,1,16.17,0.4,15.89,-13.69535542,90.66418457,-182.1198578,48.612081435790266,marker-only,2.0,19,1,0,2.0909457076999978,5.058057280052429,0.1479517491919446,0.0546412657555305,2.5704686618767068,1,1
experiment_results1.csv,perturbation_run,perturbation_gap,1,2026-04-21T19:57:02+08:00,20260421_195702_018721,controlled_perturbation_study,CTChest,perspective,tp_-13.70_90.66_-182.12,Near,1,CTChest__perspective__tp_-13.70_90.66_-182.12__shot2_16.17__shot3m3m1_0.40__shot3m3m2_15.89,Low,1,16.17,0.4,15.89,-13.69535542,90.66418457,-182.1198578,48.612081435790266,marker-only,2.0,20,1,0,2.261698717895156,5.343186209883141,0.6446474996349242,0.0546412657555305,2.202436547276544,1,1
experiment_results1.csv,perturbation_run,perturbation_gap,1,2026-04-21T19:57:02+08:00,20260421_195702_321471,controlled_perturbation_study,CTChest,perspective,tp_-13.70_90.66_-182.12,Near,1,CTChest__perspective__tp_-13.70_90.66_-182.12__shot2_16.17__shot3m3m1_0.40__shot3m3m2_15.89,Low,1,16.17,0.4,15.89,-13.69535542,90.66418457,-182.1198578,48.612081435790266,marker-only,2.0,21,1,0,1.5948915063624511,3.1797851662231182,1.5934741369623309,0.0546412657555305,2.36097269848324,1,1
experiment_results1.csv,perturbation_run,perturbation_gap,1,2026-04-21T19:57:02+08:00,20260421_195702_618850,controlled_perturbation_study,CTChest,perspective,tp_-13.70_90.66_-182.12,Near,1,CTChest__perspective__tp_-13.70_90.66_-182.12__shot2_16.17__shot3m3m1_0.40__shot3m3m2_15.89,Low,1,16.17,0.4,15.89,-13.69535542,90.66418457,-182.1198578,48.612081435790266,marker-only,2.0,22,1,0,0.9285896936839768,1.3087564348644605,0.7257658060974693,0.0546412657555305,2.601604485667028,1,1
experiment_results1.csv,perturbation_run,perturbation_gap,1,2026-04-21T19:57:02+08:00,20260421_195702_921309,controlled_perturbation_study,CTChest,perspective,tp_-13.70_90.66_-182.12,Near,1,CTChest__perspective__tp_-13.70_90.66_-182.12__shot2_16.17__shot3m3m1_0.40__shot3m3m2_15.89,Low,1,16.17,0.4,15.89,-13.69535542,90.66418457,-182.1198578,48.612081435790266,marker-only,2.0,23,1,0,4.889131902426977,7.655847112908271,1.3704595199652192,0.0546412657555305,2.583001590292505,1,1
experiment_results1.csv,perturbation_run,perturbation_gap,1,2026-04-21T19:57:03+08:00,20260421_195703_224350,controlled_perturbation_study,CTChest,perspective,tp_-13.70_90.66_-182.12,Near,1,CTChest__perspective__tp_-13.70_90.66_-182.12__shot2_16.17__shot3m3m1_0.40__shot3m3m2_15.89,Low,1,16.17,0.4,15.89,-13.69535542,90.66418457,-182.1198578,48.612081435790266,marker-only,2.0,24,1,0,5.210290791409965,4.189724395310842,1.262343636376692,0.0546412657555305,2.57236295121318,1,1
experiment_results1.csv,perturbation_run,perturbation_gap,1,2026-04-21T19:57:03+08:00,20260421_195703_545277,controlled_perturbation_study,CTChest,perspective,tp_-13.70_90.66_-182.12,Near,1,CTChest__perspective__tp_-13.70_90.66_-182.12__shot2_16.17__shot3m3m1_0.40__shot3m3m2_15.89,Low,1,16.17,0.4,15.89,-13.69535542,90.66418457,-182.1198578,48.612081435790266,marker-only,2.0,25,1,0,6.360955196248652,6.453161487831964,2.5463771496670526,0.0546412657555305,2.475563967532094,1,1
experiment_results1.csv,perturbation_run,perturbation_gap,1,2026-04-21T19:57:03+08:00,20260421_195703_859448,controlled_perturbation_study,CTChest,perspective,tp_-13.70_90.66_-182.12,Near,1,CTChest__perspective__tp_-13.70_90.66_-182.12__shot2_16.17__shot3m3m1_0.40__shot3m3m2_15.89,Low,1,16.17,0.4,15.89,-13.69535542,90.66418457,-182.1198578,48.612081435790266,marker-only,2.0,26,1,0,3.50674015269384,2.547795997287457,1.9464439129797064,0.0546412657555305,2.629719482595243,1,1
experiment_results1.csv,perturbation_run,perturbation_gap,1,2026-04-21T19:57:04+08:00,20260421_195704_180441,controlled_perturbation_study,CTChest,perspective,tp_-13.70_90.66_-182.12,Near,1,CTChest__perspective__tp_-13.70_90.66_-182.12__shot2_16.17__shot3m3m1_0.40__shot3m3m2_15.89,Low,1,16.17,0.4,15.89,-13.69535542,90.66418457,-182.1198578,48.612081435790266,marker-only,2.0,27,1,0,3.859011157000991,4.527803527405077,0.3077579383424442,0.0546412657555305,2.276252122916489,1,1
experiment_results1.csv,perturbation_run,perturbation_gap,1,2026-04-21T19:57:04+08:00,20260421_195704_519195,controlled_perturbation_study,CTChest,perspective,tp_-13.70_90.66_-182.12,Near,1,CTChest__perspective__tp_-13.70_90.66_-182.12__shot2_16.17__shot3m3m1_0.40__shot3m3m2_15.89,Low,1,16.17,0.4,15.89,-13.69535542,90.66418457,-182.1198578,48.612081435790266,marker-only,2.0,28,1,0,2.4228956185792123,5.261106370779213,0.0544196714656205,0.0546412657555305,2.2760339726512497,1,1
experiment_results1.csv,perturbation_run,perturbation_gap,1,2026-04-21T19:57:04+08:00,20260421_195704_853475,controlled_perturbation_study,CTChest,perspective,tp_-13.70_90.66_-182.12,Near,1,CTChest__perspective__tp_-13.70_90.66_-182.12__shot2_16.17__shot3m3m1_0.40__shot3m3m2_15.89,Low,1,16.17,0.4,15.89,-13.69535542,90.66418457,-182.1198578,48.612081435790266,marker-only,2.0,29,1,0,3.003741675018936,5.692319816301587,0.436661368980112,0.0546412657555305,2.287089119384214,1,1
experiment_results1.csv,perturbation_run,perturbation_gap,1,2026-04-21T19:57:05+08:00,20260421_195705_201424,controlled_perturbation_study,CTChest,perspective,tp_-13.70_90.66_-182.12,Near,1,CTChest__perspective__tp_-13.70_90.66_-182.12__shot2_16.17__shot3m3m1_0.40__shot3m3m2_15.89,Low,1,16.17,0.4,15.89,-13.69535542,90.66418457,-182.1198578,48.612081435790266,marker-only,2.0,30,1,0,2.7681489618660065,2.934036638271204,1.5499720371133905,0.0546412657555305,2.3262266435732184,1,1
experiment_results1.csv,perturbation_run,perturbation_gap,1,2026-04-21T19:57:05+08:00,20260421_195705_563693,controlled_perturbation_study,CTChest,perspective,tp_-13.70_90.66_-182.12,Near,1,CTChest__perspective__tp_-13.70_90.66_-182.12__shot2_16.17__shot3m3m1_0.40__shot3m3m2_15.89,Low,1,16.17,0.4,15.89,-13.69535542,90.66418457,-182.1198578,48.612081435790266,marker-only,2.0,31,1,0,1.9657201532646689,4.760570695629421,0.6422705410170856,0.0546412657555305,2.022363841226303,1,1
experiment_results1.csv,perturbation_run,perturbation_gap,1,2026-04-21T19:57:05+08:00,20260421_195705_912549,controlled_perturbation_study,CTChest,perspective,tp_-13.70_90.66_-182.12,Near,1,CTChest__perspective__tp_-13.70_90.66_-182.12__shot2_16.17__shot3m3m1_0.40__shot3m3m2_15.89,Low,1,16.17,0.4,15.89,-13.69535542,90.66418457,-182.1198578,48.612081435790266,marker-only,2.0,32,1,0,2.3543470257849903,1.5370166247260673,0.4793824405180976,0.0546412657555305,2.4741464235817503,1,1
experiment_results1.csv,perturbation_run,perturbation_gap,1,2026-04-21T19:57:06+08:00,20260421_195706_220492,controlled_perturbation_study,CTChest,perspective,tp_-13.70_90.66_-182.12,Near,1,CTChest__perspective__tp_-13.70_90.66_-182.12__shot2_16.17__shot3m3m1_0.40__shot3m3m2_15.89,Low,1,16.17,0.4,15.89,-13.69535542,90.66418457,-182.1198578,48.612081435790266,marker-only,2.0,33,1,0,4.163989139114551,5.313083314827212,0.9161590062171672,0.0546412657555305,2.2339762099105016,1,1
experiment_results1.csv,perturbation_run,perturbation_gap,1,2026-04-21T19:57:06+08:00,20260421_195706_522862,controlled_perturbation_study,CTChest,perspective,tp_-13.70_90.66_-182.12,Near,1,CTChest__perspective__tp_-13.70_90.66_-182.12__shot2_16.17__shot3m3m1_0.40__shot3m3m2_15.89,Low,1,16.17,0.4,15.89,-13.69535542,90.66418457,-182.1198578,48.612081435790266,marker-only,2.0,34,1,0,4.8607413602054885,6.413109820477568,0.940749898960994,0.0546412657555305,2.071022946760729,1,1
experiment_results1.csv,perturbation_run,perturbation_gap,1,2026-04-21T19:57:06+08:00,20260421_195706_818067,controlled_perturbation_study,CTChest,perspective,tp_-13.70_90.66_-182.12,Near,1,CTChest__perspective__tp_-13.70_90.66_-182.12__shot2_16.17__shot3m3m1_0.40__shot3m3m2_15.89,Low,1,16.17,0.4,15.89,-13.69535542,90.66418457,-182.1198578,48.612081435790266,marker-only,2.0,35,1,0,1.2355307512434492,2.646766253497961,0.833130731236849,0.0546412657555305,2.823589021675398,1,1
experiment_results1.csv,perturbation_run,perturbation_gap,1,2026-04-21T19:57:07+08:00,20260421_195707_116119,controlled_perturbation_study,CTChest,perspective,tp_-13.70_90.66_-182.12,Near,1,CTChest__perspective__tp_-13.70_90.66_-182.12__shot2_16.17__shot3m3m1_0.40__shot3m3m2_15.89,Low,1,16.17,0.4,15.89,-13.69535542,90.66418457,-182.1198578,48.612081435790266,marker-only,2.0,36,1,0,3.3624241229711527,5.412694737341396,2.7403415578850043,0.0546412657555305,2.132919981059055,1,1
experiment_results1.csv,perturbation_run,perturbation_gap,1,2026-04-21T19:57:07+08:00,20260421_195707_431487,controlled_perturbation_study,CTChest,perspective,tp_-13.70_90.66_-182.12,Near,1,CTChest__perspective__tp_-13.70_90.66_-182.12__shot2_16.17__shot3m3m1_0.40__shot3m3m2_15.89,Low,1,16.17,0.4,15.89,-13.69535542,90.66418457,-182.1198578,48.612081435790266,marker-only,2.0,37,1,0,2.7220100757547816,9.365442527164832,1.0652097150740267,0.0546412657555305,2.4652055880559254,1,1
experiment_results1.csv,perturbation_run,perturbation_gap,1,2026-04-21T19:57:07+08:00,20260421_195707_761881,controlled_perturbation_study,CTChest,perspective,tp_-13.70_90.66_-182.12,Near,1,CTChest__perspective__tp_-13.70_90.66_-182.12__shot2_16.17__shot3m3m1_0.40__shot3m3m2_15.89,Low,1,16.17,0.4,15.89,-13.69535542,90.66418457,-182.1198578,48.612081435790266,marker-only,2.0,38,1,0,3.745968287595676,4.457391203252292,0.2851162615225465,0.0546412657555305,2.219270251338056,1,1
experiment_results1.csv,perturbation_run,perturbation_gap,1,2026-04-21T19:57:08+08:00,20260421_195708_098726,controlled_perturbation_study,CTChest,perspective,tp_-13.70_90.66_-182.12,Near,1,CTChest__perspective__tp_-13.70_90.66_-182.12__shot2_16.17__shot3m3m1_0.40__shot3m3m2_15.89,Low,1,16.17,0.4,15.89,-13.69535542,90.66418457,-182.1198578,48.612081435790266,marker-only,2.0,39,1,0,1.6824296059923962,2.546304819045313,1.0310380637305725,0.0546412657555305,2.6274160913968747,1,1
experiment_results1.csv,perturbation_run,perturbation_gap,1,2026-04-21T19:57:08+08:00,20260421_195708_443519,controlled_perturbation_study,CTChest,perspective,tp_-13.70_90.66_-182.12,Near,1,CTChest__perspective__tp_-13.70_90.66_-182.12__shot2_16.17__shot3m3m1_0.40__shot3m3m2_15.89,Low,1,16.17,0.4,15.89,-13.69535542,90.66418457,-182.1198578,48.612081435790266,marker-only,2.0,40,1,0,2.450465514547351,6.266102831317526,2.432658907993968,0.0546412657555305,2.580697059923661,1,1
experiment_results1.csv,perturbation_run,perturbation_gap,1,2026-04-21T19:57:08+08:00,20260421_195708_802402,controlled_perturbation_study,CTChest,perspective,tp_-13.70_90.66_-182.12,Near,1,CTChest__perspective__tp_-13.70_90.66_-182.12__shot2_16.17__shot3m3m1_0.40__shot3m3m2_15.89,Low,1,16.17,0.4,15.89,-13.69535542,90.66418457,-182.1198578,48.612081435790266,marker-only,2.0,41,1,0,3.181333939539479,0.8594728972405066,0.2094927070501965,0.0546412657555305,2.183056192159851,1,1
experiment_results1.csv,perturbation_run,perturbation_gap,1,2026-04-21T19:57:09+08:00,20260421_195709_158728,controlled_perturbation_study,CTChest,perspective,tp_-13.70_90.66_-182.12,Near,1,CTChest__perspective__tp_-13.70_90.66_-182.12__shot2_16.17__shot3m3m1_0.40__shot3m3m2_15.89,Low,1,16.17,0.4,15.89,-13.69535542,90.66418457,-182.1198578,48.612081435790266,marker-only,2.0,42,1,0,1.9788617675392035,7.362162988052577,1.3387467587587802,0.0546412657555305,2.7105113353773778,1,1
experiment_results1.csv,perturbation_run,perturbation_gap,1,2026-04-21T19:57:09+08:00,20260421_195709_533736,controlled_perturbation_study,CTChest,perspective,tp_-13.70_90.66_-182.12,Near,1,CTChest__perspective__tp_-13.70_90.66_-182.12__shot2_16.17__shot3m3m1_0.40__shot3m3m2_15.89,Low,1,16.17,0.4,15.89,-13.69535542,90.66418457,-182.1198578,48.612081435790266,marker-only,2.0,43,1,0,0.7106000324725569,3.021415688487603,1.88057269353357,0.0546412657555305,2.34409817235832,1,1
experiment_results1.csv,perturbation_run,perturbation_gap,1,2026-04-21T19:57:09+08:00,20260421_195709_920766,controlled_perturbation_study,CTChest,perspective,tp_-13.70_90.66_-182.12,Near,1,CTChest__perspective__tp_-13.70_90.66_-182.12__shot2_16.17__shot3m3m1_0.40__shot3m3m2_15.89,Low,1,16.17,0.4,15.89,-13.69535542,90.66418457,-182.1198578,48.612081435790266,marker-only,2.0,44,1,0,4.882005347793417,9.654262404721797,1.07641881793289,0.0546412657555305,2.6674887102646085,1,1
experiment_results1.csv,perturbation_run,perturbation_gap,1,2026-04-21T19:57:10+08:00,20260421_195710_314349,controlled_perturbation_study,CTChest,perspective,tp_-13.70_90.66_-182.12,Near,1,CTChest__perspective__tp_-13.70_90.66_-182.12__shot2_16.17__shot3m3m1_0.40__shot3m3m2_15.89,Low,1,16.17,0.4,15.89,-13.69535542,90.66418457,-182.1198578,48.612081435790266,marker-only,2.0,45,1,0,2.4467883096067604,3.8785771582221007,1.807242810545928,0.0546412657555305,2.18087809880006,1,1
experiment_results1.csv,perturbation_run,perturbation_gap,1,2026-04-21T19:57:10+08:00,20260421_195710_724861,controlled_perturbation_study,CTChest,perspective,tp_-13.70_90.66_-182.12,Near,1,CTChest__perspective__tp_-13.70_90.66_-182.12__shot2_16.17__shot3m3m1_0.40__shot3m3m2_15.89,Low,1,16.17,0.4,15.89,-13.69535542,90.66418457,-182.1198578,48.612081435790266,marker-only,2.0,46,1,0,2.2499501914998814,7.154733729899585,0.7023802547631104,0.0546412657555305,2.100964858788237,1,1
experiment_results1.csv,perturbation_run,perturbation_gap,1,2026-04-21T19:57:11+08:00,20260421_195711_149669,controlled_perturbation_study,CTChest,perspective,tp_-13.70_90.66_-182.12,Near,1,CTChest__perspective__tp_-13.70_90.66_-182.12__shot2_16.17__shot3m3m1_0.40__shot3m3m2_15.89,Low,1,16.17,0.4,15.89,-13.69535542,90.66418457,-182.1198578,48.612081435790266,marker-only,2.0,47,1,0,0.7804639760092795,7.226555381265088,0.5615830663225064,0.0546412657555305,2.469000490310058,1,1
experiment_results1.csv,perturbation_run,perturbation_gap,1,2026-04-21T19:57:11+08:00,20260421_195711_567540,controlled_perturbation_study,CTChest,perspective,tp_-13.70_90.66_-182.12,Near,1,CTChest__perspective__tp_-13.70_90.66_-182.12__shot2_16.17__shot3m3m1_0.40__shot3m3m2_15.89,Low,1,16.17,0.4,15.89,-13.69535542,90.66418457,-182.1198578,48.612081435790266,marker-only,2.0,48,1,0,2.539334428776532,8.40867091443748,1.404775958963064,0.0546412657555305,2.3344687578910697,1,1
experiment_results1.csv,perturbation_run,perturbation_gap,1,2026-04-21T19:57:12+08:00,20260421_195712_003770,controlled_perturbation_study,CTChest,perspective,tp_-13.70_90.66_-182.12,Near,1,CTChest__perspective__tp_-13.70_90.66_-182.12__shot2_16.17__shot3m3m1_0.40__shot3m3m2_15.89,Low,1,16.17,0.4,15.89,-13.69535542,90.66418457,-182.1198578,48.612081435790266,marker-only,2.0,49,1,0,4.3152157455155296,2.919740333834215,1.9923620381470968,0.0546412657555305,2.2591646096762594,1,1
experiment_results1.csv,perturbation_run,perturbation_gap,1,2026-04-21T19:57:12+08:00,20260421_195712_444442,controlled_perturbation_study,CTChest,perspective,tp_-13.70_90.66_-182.12,Near,1,CTChest__perspective__tp_-13.70_90.66_-182.12__shot2_16.17__shot3m3m1_0.40__shot3m3m2_15.89,Low,1,16.17,0.4,15.89,-13.69535542,90.66418457,-182.1198578,48.612081435790266,marker-only,2.0,50,1,0,1.443566116066627,5.916848635603961,0.8213168200049102,0.0546412657555305,2.3783268776846898,1,1
experiment_results1.csv,perturbation_run,perturbation_gap,1,2026-04-21T19:57:19+08:00,20260421_195719_507290,controlled_perturbation_study,CTChest,perspective,tp_-13.70_90.66_-182.12,Near,1,CTChest__perspective__tp_-13.70_90.66_-182.12__shot2_16.17__shot3m3m1_0.40__shot3m3m2_15.89,Low,1,16.17,0.4,15.89,-13.69535542,90.66418457,-182.1198578,48.612081435790266,target-only,0.5,1,1,0,0.4674193536567652,0.3001600860583432,0.4114146940259905,0.0546412657555305,0.0539087757100752,1,1
experiment_results1.csv,perturbation_run,perturbation_gap,1,2026-04-21T19:57:19+08:00,20260421_195719_787552,controlled_perturbation_study,CTChest,perspective,tp_-13.70_90.66_-182.12,Near,1,CTChest__perspective__tp_-13.70_90.66_-182.12__shot2_16.17__shot3m3m1_0.40__shot3m3m2_15.89,Low,1,16.17,0.4,15.89,-13.69535542,90.66418457,-182.1198578,48.612081435790266,target-only,0.5,2,1,0,0.290522480373142,0.1905594504994228,0.194153235854923,0.0546412657555305,0.0539087757100752,1,1
experiment_results1.csv,perturbation_run,perturbation_gap,1,2026-04-21T19:57:20+08:00,20260421_195720_032809,controlled_perturbation_study,CTChest,perspective,tp_-13.70_90.66_-182.12,Near,1,CTChest__perspective__tp_-13.70_90.66_-182.12__shot2_16.17__shot3m3m1_0.40__shot3m3m2_15.89,Low,1,16.17,0.4,15.89,-13.69535542,90.66418457,-182.1198578,48.612081435790266,target-only,0.5,3,1,0,0.7320793307395296,0.5441650740851989,0.1121303360776732,0.0546412657555305,0.0539087757100752,1,1
experiment_results1.csv,perturbation_run,perturbation_gap,1,2026-04-21T19:57:20+08:00,20260421_195720_310871,controlled_perturbation_study,CTChest,perspective,tp_-13.70_90.66_-182.12,Near,1,CTChest__perspective__tp_-13.70_90.66_-182.12__shot2_16.17__shot3m3m1_0.40__shot3m3m2_15.89,Low,1,16.17,0.4,15.89,-13.69535542,90.66418457,-182.1198578,48.612081435790266,target-only,0.5,4,1,0,0.8259482528824885,0.757620171569205,0.0587843002922983,0.0546412657555305,0.0539087757100752,1,1
experiment_results1.csv,perturbation_run,perturbation_gap,1,2026-04-21T19:57:20+08:00,20260421_195720_547611,controlled_perturbation_study,CTChest,perspective,tp_-13.70_90.66_-182.12,Near,1,CTChest__perspective__tp_-13.70_90.66_-182.12__shot2_16.17__shot3m3m1_0.40__shot3m3m2_15.89,Low,1,16.17,0.4,15.89,-13.69535542,90.66418457,-182.1198578,48.612081435790266,target-only,0.5,5,1,0,0.3581249482090989,0.3753203909206187,0.7109288366630486,0.0546412657555305,0.0539087757100752,1,1
experiment_results1.csv,perturbation_run,perturbation_gap,1,2026-04-21T19:57:20+08:00,20260421_195720_811749,controlled_perturbation_study,CTChest,perspective,tp_-13.70_90.66_-182.12,Near,1,CTChest__perspective__tp_-13.70_90.66_-182.12__shot2_16.17__shot3m3m1_0.40__shot3m3m2_15.89,Low,1,16.17,0.4,15.89,-13.69535542,90.66418457,-182.1198578,48.612081435790266,target-only,0.5,6,1,0,0.7118168662756873,0.2041008318367878,0.1263084132206358,0.0546412657555305,0.0539087757100752,1,1
experiment_results1.csv,perturbation_run,perturbation_gap,1,2026-04-21T19:57:21+08:00,20260421_195721_091546,controlled_perturbation_study,CTChest,perspective,tp_-13.70_90.66_-182.12,Near,1,CTChest__perspective__tp_-13.70_90.66_-182.12__shot2_16.17__shot3m3m1_0.40__shot3m3m2_15.89,Low,1,16.17,0.4,15.89,-13.69535542,90.66418457,-182.1198578,48.612081435790266,target-only,0.5,7,1,0,0.9459646278034992,1.0166564981266426,0.0626843676522176,0.0546412657555305,0.0539087757100752,1,1
experiment_results1.csv,perturbation_run,perturbation_gap,1,2026-04-21T19:57:21+08:00,20260421_195721_327828,controlled_perturbation_study,CTChest,perspective,tp_-13.70_90.66_-182.12,Near,1,CTChest__perspective__tp_-13.70_90.66_-182.12__shot2_16.17__shot3m3m1_0.40__shot3m3m2_15.89,Low,1,16.17,0.4,15.89,-13.69535542,90.66418457,-182.1198578,48.612081435790266,target-only,0.5,8,1,0,0.9092221695049234,1.2300218138626888,0.0583327880643676,0.0546412657555305,0.0539087757100752,1,1
experiment_results1.csv,perturbation_run,perturbation_gap,1,2026-04-21T19:57:21+08:00,20260421_195721_596700,controlled_perturbation_study,CTChest,perspective,tp_-13.70_90.66_-182.12,Near,1,CTChest__perspective__tp_-13.70_90.66_-182.12__shot2_16.17__shot3m3m1_0.40__shot3m3m2_15.89,Low,1,16.17,0.4,15.89,-13.69535542,90.66418457,-182.1198578,48.612081435790266,target-only,0.5,9,1,0,0.7981077425638,0.1954486810943981,0.133736483095493,0.0546412657555305,0.0539087757100752,1,1
experiment_results1.csv,perturbation_run,perturbation_gap,1,2026-04-21T19:57:21+08:00,20260421_195721_865514,controlled_perturbation_study,CTChest,perspective,tp_-13.70_90.66_-182.12,Near,1,CTChest__perspective__tp_-13.70_90.66_-182.12__shot2_16.17__shot3m3m1_0.40__shot3m3m2_15.89,Low,1,16.17,0.4,15.89,-13.69535542,90.66418457,-182.1198578,48.612081435790266,target-only,0.5,10,1,0,0.3088695674793486,0.5749980230210718,0.1387462801399962,0.0546412657555305,0.0539087757100752,1,1
experiment_results1.csv,perturbation_run,perturbation_gap,1,2026-04-21T19:57:22+08:00,20260421_195722_130262,controlled_perturbation_study,CTChest,perspective,tp_-13.70_90.66_-182.12,Near,1,CTChest__perspective__tp_-13.70_90.66_-182.12__shot2_16.17__shot3m3m1_0.40__shot3m3m2_15.89,Low,1,16.17,0.4,15.89,-13.69535542,90.66418457,-182.1198578,48.612081435790266,target-only,0.5,11,1,0,0.4439200950874783,0.3035504921732648,0.292617030228293,0.0546412657555305,0.0539087757100752,1,1
experiment_results1.csv,perturbation_run,perturbation_gap,1,2026-04-21T19:57:22+08:00,20260421_195722_393106,controlled_perturbation_study,CTChest,perspective,tp_-13.70_90.66_-182.12,Near,1,CTChest__perspective__tp_-13.70_90.66_-182.12__shot2_16.17__shot3m3m1_0.40__shot3m3m2_15.89,Low,1,16.17,0.4,15.89,-13.69535542,90.66418457,-182.1198578,48.612081435790266,target-only,0.5,12,1,0,0.7117548995570242,0.2992803238485499,0.1864705779617865,0.0546412657555305,0.0539087757100752,1,1
experiment_results1.csv,perturbation_run,perturbation_gap,1,2026-04-21T19:57:22+08:00,20260421_195722_671840,controlled_perturbation_study,CTChest,perspective,tp_-13.70_90.66_-182.12,Near,1,CTChest__perspective__tp_-13.70_90.66_-182.12__shot2_16.17__shot3m3m1_0.40__shot3m3m2_15.89,Low,1,16.17,0.4,15.89,-13.69535542,90.66418457,-182.1198578,48.612081435790266,target-only,0.5,13,1,0,0.3198272892855817,0.6425006335856092,0.015835507698412,0.0546412657555305,0.0539087757100752,1,1
experiment_results1.csv,perturbation_run,perturbation_gap,1,2026-04-21T19:57:22+08:00,20260421_195722_915760,controlled_perturbation_study,CTChest,perspective,tp_-13.70_90.66_-182.12,Near,1,CTChest__perspective__tp_-13.70_90.66_-182.12__shot2_16.17__shot3m3m1_0.40__shot3m3m2_15.89,Low,1,16.17,0.4,15.89,-13.69535542,90.66418457,-182.1198578,48.612081435790266,target-only,0.5,14,1,0,1.944414050269723,0.9003741961962164,0.4336403718567038,0.0546412657555305,0.0539087757100752,1,1
experiment_results1.csv,perturbation_run,perturbation_gap,1,2026-04-21T19:57:23+08:00,20260421_195723_194829,controlled_perturbation_study,CTChest,perspective,tp_-13.70_90.66_-182.12,Near,1,CTChest__perspective__tp_-13.70_90.66_-182.12__shot2_16.17__shot3m3m1_0.40__shot3m3m2_15.89,Low,1,16.17,0.4,15.89,-13.69535542,90.66418457,-182.1198578,48.612081435790266,target-only,0.5,15,1,0,0.2105265980785766,0.392410270777368,0.1841567466930733,0.0546412657555305,0.0539087757100752,1,1
experiment_results1.csv,perturbation_run,perturbation_gap,1,2026-04-21T19:57:23+08:00,20260421_195723_476530,controlled_perturbation_study,CTChest,perspective,tp_-13.70_90.66_-182.12,Near,1,CTChest__perspective__tp_-13.70_90.66_-182.12__shot2_16.17__shot3m3m1_0.40__shot3m3m2_15.89,Low,1,16.17,0.4,15.89,-13.69535542,90.66418457,-182.1198578,48.612081435790266,target-only,0.5,16,1,0,0.0878155164187144,0.0987641113320296,0.2862821692691482,0.0546412657555305,0.0539087757100752,1,1
experiment_results1.csv,perturbation_run,perturbation_gap,1,2026-04-21T19:57:23+08:00,20260421_195723_763736,controlled_perturbation_study,CTChest,perspective,tp_-13.70_90.66_-182.12,Near,1,CTChest__perspective__tp_-13.70_90.66_-182.12__shot2_16.17__shot3m3m1_0.40__shot3m3m2_15.89,Low,1,16.17,0.4,15.89,-13.69535542,90.66418457,-182.1198578,48.612081435790266,target-only,0.5,17,1,0,0.5600458401471478,0.4707443389258511,0.0398243018573255,0.0546412657555305,0.0539087757100752,1,1
experiment_results1.csv,perturbation_run,perturbation_gap,1,2026-04-21T19:57:24+08:00,20260421_195724_052071,controlled_perturbation_study,CTChest,perspective,tp_-13.70_90.66_-182.12,Near,1,CTChest__perspective__tp_-13.70_90.66_-182.12__shot2_16.17__shot3m3m1_0.40__shot3m3m2_15.89,Low,1,16.17,0.4,15.89,-13.69535542,90.66418457,-182.1198578,48.612081435790266,target-only,0.5,18,1,0,1.7372857723206698,0.993336382526026,0.1094892961055969,0.0546412657555305,0.0539087757100752,1,1
experiment_results1.csv,perturbation_run,perturbation_gap,1,2026-04-21T19:57:24+08:00,20260421_195724_358956,controlled_perturbation_study,CTChest,perspective,tp_-13.70_90.66_-182.12,Near,1,CTChest__perspective__tp_-13.70_90.66_-182.12__shot2_16.17__shot3m3m1_0.40__shot3m3m2_15.89,Low,1,16.17,0.4,15.89,-13.69535542,90.66418457,-182.1198578,48.612081435790266,target-only,0.5,19,1,0,0.3818633615683661,0.6729098775700111,0.4718463796728934,0.0546412657555305,0.0539087757100752,1,1
experiment_results1.csv,perturbation_run,perturbation_gap,1,2026-04-21T19:57:24+08:00,20260421_195724_620610,controlled_perturbation_study,CTChest,perspective,tp_-13.70_90.66_-182.12,Near,1,CTChest__perspective__tp_-13.70_90.66_-182.12__shot2_16.17__shot3m3m1_0.40__shot3m3m2_15.89,Low,1,16.17,0.4,15.89,-13.69535542,90.66418457,-182.1198578,48.612081435790266,target-only,0.5,20,1,0,0.648925671247214,0.4394161642893452,0.303462890898261,0.0546412657555305,0.0539087757100752,1,1
experiment_results1.csv,perturbation_run,perturbation_gap,1,2026-04-21T19:57:24+08:00,20260421_195724_938468,controlled_perturbation_study,CTChest,perspective,tp_-13.70_90.66_-182.12,Near,1,CTChest__perspective__tp_-13.70_90.66_-182.12__shot2_16.17__shot3m3m1_0.40__shot3m3m2_15.89,Low,1,16.17,0.4,15.89,-13.69535542,90.66418457,-182.1198578,48.612081435790266,target-only,0.5,21,1,0,0.9052382081641126,0.7994406521997602,0.118558919537104,0.0546412657555305,0.0539087757100752,1,1
experiment_results1.csv,perturbation_run,perturbation_gap,1,2026-04-21T19:57:25+08:00,20260421_195725_218496,controlled_perturbation_study,CTChest,perspective,tp_-13.70_90.66_-182.12,Near,1,CTChest__perspective__tp_-13.70_90.66_-182.12__shot2_16.17__shot3m3m1_0.40__shot3m3m2_15.89,Low,1,16.17,0.4,15.89,-13.69535542,90.66418457,-182.1198578,48.612081435790266,target-only,0.5,22,1,0,0.7011729655147144,0.7141015417440058,0.3419887891280165,0.0546412657555305,0.0539087757100752,1,1
experiment_results1.csv,perturbation_run,perturbation_gap,1,2026-04-21T19:57:25+08:00,20260421_195725_551688,controlled_perturbation_study,CTChest,perspective,tp_-13.70_90.66_-182.12,Near,1,CTChest__perspective__tp_-13.70_90.66_-182.12__shot2_16.17__shot3m3m1_0.40__shot3m3m2_15.89,Low,1,16.17,0.4,15.89,-13.69535542,90.66418457,-182.1198578,48.612081435790266,target-only,0.5,23,1,0,1.0285316659803168,0.7055054288676548,0.317632842691647,0.0546412657555305,0.0539087757100752,1,1
experiment_results1.csv,perturbation_run,perturbation_gap,1,2026-04-21T19:57:25+08:00,20260421_195725_889160,controlled_perturbation_study,CTChest,perspective,tp_-13.70_90.66_-182.12,Near,1,CTChest__perspective__tp_-13.70_90.66_-182.12__shot2_16.17__shot3m3m1_0.40__shot3m3m2_15.89,Low,1,16.17,0.4,15.89,-13.69535542,90.66418457,-182.1198578,48.612081435790266,target-only,0.5,24,1,0,0.2034109927760133,0.3676039478042086,0.2404630440723454,0.0546412657555305,0.0539087757100752,1,1
experiment_results1.csv,perturbation_run,perturbation_gap,1,2026-04-21T19:57:26+08:00,20260421_195726_246716,controlled_perturbation_study,CTChest,perspective,tp_-13.70_90.66_-182.12,Near,1,CTChest__perspective__tp_-13.70_90.66_-182.12__shot2_16.17__shot3m3m1_0.40__shot3m3m2_15.89,Low,1,16.17,0.4,15.89,-13.69535542,90.66418457,-182.1198578,48.612081435790266,target-only,0.5,25,1,0,0.7797243294142332,0.9925646682741652,0.1834096968051841,0.0546412657555305,0.0539087757100752,1,1
experiment_results1.csv,perturbation_run,perturbation_gap,1,2026-04-21T19:57:26+08:00,20260421_195726_617359,controlled_perturbation_study,CTChest,perspective,tp_-13.70_90.66_-182.12,Near,1,CTChest__perspective__tp_-13.70_90.66_-182.12__shot2_16.17__shot3m3m1_0.40__shot3m3m2_15.89,Low,1,16.17,0.4,15.89,-13.69535542,90.66418457,-182.1198578,48.612081435790266,target-only,0.5,26,1,0,0.4559668623790189,0.6348080167261935,0.3764738501872025,0.0546412657555305,0.0539087757100752,1,1
experiment_results1.csv,perturbation_run,perturbation_gap,1,2026-04-21T19:57:26+08:00,20260421_195726_932136,controlled_perturbation_study,CTChest,perspective,tp_-13.70_90.66_-182.12,Near,1,CTChest__perspective__tp_-13.70_90.66_-182.12__shot2_16.17__shot3m3m1_0.40__shot3m3m2_15.89,Low,1,16.17,0.4,15.89,-13.69535542,90.66418457,-182.1198578,48.612081435790266,target-only,0.5,27,1,0,1.7832330657933455,1.2201863468361365,0.1467008456202212,0.0546412657555305,0.0539087757100752,1,1
experiment_results1.csv,perturbation_run,perturbation_gap,1,2026-04-21T19:57:27+08:00,20260421_195727_305983,controlled_perturbation_study,CTChest,perspective,tp_-13.70_90.66_-182.12,Near,1,CTChest__perspective__tp_-13.70_90.66_-182.12__shot2_16.17__shot3m3m1_0.40__shot3m3m2_15.89,Low,1,16.17,0.4,15.89,-13.69535542,90.66418457,-182.1198578,48.612081435790266,target-only,0.5,28,1,0,1.477581993084916,1.1068293099838595,0.0570550967464217,0.0546412657555305,0.0539087757100752,1,1
experiment_results1.csv,perturbation_run,perturbation_gap,1,2026-04-21T19:57:27+08:00,20260421_195727_695330,controlled_perturbation_study,CTChest,perspective,tp_-13.70_90.66_-182.12,Near,1,CTChest__perspective__tp_-13.70_90.66_-182.12__shot2_16.17__shot3m3m1_0.40__shot3m3m2_15.89,Low,1,16.17,0.4,15.89,-13.69535542,90.66418457,-182.1198578,48.612081435790266,target-only,0.5,29,1,0,0.5822844198813949,0.4908958629919754,0.0046871473320904,0.0546412657555305,0.0539087757100752,1,1
experiment_results1.csv,perturbation_run,perturbation_gap,1,2026-04-21T19:57:28+08:00,20260421_195728_031142,controlled_perturbation_study,CTChest,perspective,tp_-13.70_90.66_-182.12,Near,1,CTChest__perspective__tp_-13.70_90.66_-182.12__shot2_16.17__shot3m3m1_0.40__shot3m3m2_15.89,Low,1,16.17,0.4,15.89,-13.69535542,90.66418457,-182.1198578,48.612081435790266,target-only,0.5,30,1,0,1.3249586164399627,0.9618017036817392,0.4914465511551556,0.0546412657555305,0.0539087757100752,1,1
experiment_results1.csv,perturbation_run,perturbation_gap,1,2026-04-21T19:57:28+08:00,20260421_195728_366194,controlled_perturbation_study,CTChest,perspective,tp_-13.70_90.66_-182.12,Near,1,CTChest__perspective__tp_-13.70_90.66_-182.12__shot2_16.17__shot3m3m1_0.40__shot3m3m2_15.89,Low,1,16.17,0.4,15.89,-13.69535542,90.66418457,-182.1198578,48.612081435790266,target-only,0.5,31,1,0,1.480808690113652,0.7211325618774679,0.2264240215615015,0.0546412657555305,0.0539087757100752,1,1
experiment_results1.csv,perturbation_run,perturbation_gap,1,2026-04-21T19:57:28+08:00,20260421_195728_785693,controlled_perturbation_study,CTChest,perspective,tp_-13.70_90.66_-182.12,Near,1,CTChest__perspective__tp_-13.70_90.66_-182.12__shot2_16.17__shot3m3m1_0.40__shot3m3m2_15.89,Low,1,16.17,0.4,15.89,-13.69535542,90.66418457,-182.1198578,48.612081435790266,target-only,0.5,32,1,0,0.469287996773735,0.5919943253956986,0.2358164971956295,0.0546412657555305,0.0539087757100752,1,1
experiment_results1.csv,perturbation_run,perturbation_gap,1,2026-04-21T19:57:29+08:00,20260421_195729_140140,controlled_perturbation_study,CTChest,perspective,tp_-13.70_90.66_-182.12,Near,1,CTChest__perspective__tp_-13.70_90.66_-182.12__shot2_16.17__shot3m3m1_0.40__shot3m3m2_15.89,Low,1,16.17,0.4,15.89,-13.69535542,90.66418457,-182.1198578,48.612081435790266,target-only,0.5,33,1,0,0.9973472896187504,0.6399081566785091,0.2841609557143282,0.0546412657555305,0.0539087757100752,1,1
experiment_results1.csv,perturbation_run,perturbation_gap,1,2026-04-21T19:57:29+08:00,20260421_195729_430941,controlled_perturbation_study,CTChest,perspective,tp_-13.70_90.66_-182.12,Near,1,CTChest__perspective__tp_-13.70_90.66_-182.12__shot2_16.17__shot3m3m1_0.40__shot3m3m2_15.89,Low,1,16.17,0.4,15.89,-13.69535542,90.66418457,-182.1198578,48.612081435790266,target-only,0.5,34,1,0,1.2130514143509437,1.3532921343731377,0.5467949958143357,0.0546412657555305,0.0539087757100752,1,1
experiment_results1.csv,perturbation_run,perturbation_gap,1,2026-04-21T19:57:29+08:00,20260421_195729_704599,controlled_perturbation_study,CTChest,perspective,tp_-13.70_90.66_-182.12,Near,1,CTChest__perspective__tp_-13.70_90.66_-182.12__shot2_16.17__shot3m3m1_0.40__shot3m3m2_15.89,Low,1,16.17,0.4,15.89,-13.69535542,90.66418457,-182.1198578,48.612081435790266,target-only,0.5,35,1,0,0.8516150768616537,0.3007139643506298,0.2684154654237109,0.0546412657555305,0.0539087757100752,1,1
experiment_results1.csv,perturbation_run,perturbation_gap,1,2026-04-21T19:57:29+08:00,20260421_195729_975176,controlled_perturbation_study,CTChest,perspective,tp_-13.70_90.66_-182.12,Near,1,CTChest__perspective__tp_-13.70_90.66_-182.12__shot2_16.17__shot3m3m1_0.40__shot3m3m2_15.89,Low,1,16.17,0.4,15.89,-13.69535542,90.66418457,-182.1198578,48.612081435790266,target-only,0.5,36,1,0,0.6376275324762913,0.1263586250274135,0.1187788103869142,0.0546412657555305,0.0539087757100752,1,1
experiment_results1.csv,perturbation_run,perturbation_gap,1,2026-04-21T19:57:30+08:00,20260421_195730_244341,controlled_perturbation_study,CTChest,perspective,tp_-13.70_90.66_-182.12,Near,1,CTChest__perspective__tp_-13.70_90.66_-182.12__shot2_16.17__shot3m3m1_0.40__shot3m3m2_15.89,Low,1,16.17,0.4,15.89,-13.69535542,90.66418457,-182.1198578,48.612081435790266,target-only,0.5,37,1,0,0.274289936457514,0.3367262287452052,0.3727225459996518,0.0546412657555305,0.0539087757100752,1,1
experiment_results1.csv,perturbation_run,perturbation_gap,1,2026-04-21T19:57:30+08:00,20260421_195730_527467,controlled_perturbation_study,CTChest,perspective,tp_-13.70_90.66_-182.12,Near,1,CTChest__perspective__tp_-13.70_90.66_-182.12__shot2_16.17__shot3m3m1_0.40__shot3m3m2_15.89,Low,1,16.17,0.4,15.89,-13.69535542,90.66418457,-182.1198578,48.612081435790266,target-only,0.5,38,1,0,0.3343994168878944,0.3621199392489269,0.1625282527344159,0.0546412657555305,0.0539087757100752,1,1
experiment_results1.csv,perturbation_run,perturbation_gap,1,2026-04-21T19:57:30+08:00,20260421_195730_812938,controlled_perturbation_study,CTChest,perspective,tp_-13.70_90.66_-182.12,Near,1,CTChest__perspective__tp_-13.70_90.66_-182.12__shot2_16.17__shot3m3m1_0.40__shot3m3m2_15.89,Low,1,16.17,0.4,15.89,-13.69535542,90.66418457,-182.1198578,48.612081435790266,target-only,0.5,39,1,0,1.281518542137016,1.2360941409868955,0.5038851867087448,0.0546412657555305,0.0539087757100752,1,1
experiment_results1.csv,perturbation_run,perturbation_gap,1,2026-04-21T19:57:31+08:00,20260421_195731_065199,controlled_perturbation_study,CTChest,perspective,tp_-13.70_90.66_-182.12,Near,1,CTChest__perspective__tp_-13.70_90.66_-182.12__shot2_16.17__shot3m3m1_0.40__shot3m3m2_15.89,Low,1,16.17,0.4,15.89,-13.69535542,90.66418457,-182.1198578,48.612081435790266,target-only,0.5,40,1,0,0.3614187413797456,0.4447965284874198,0.203639530005301,0.0546412657555305,0.0539087757100752,1,1
experiment_results1.csv,perturbation_run,perturbation_gap,1,2026-04-21T19:57:31+08:00,20260421_195731_386948,controlled_perturbation_study,CTChest,perspective,tp_-13.70_90.66_-182.12,Near,1,CTChest__perspective__tp_-13.70_90.66_-182.12__shot2_16.17__shot3m3m1_0.40__shot3m3m2_15.89,Low,1,16.17,0.4,15.89,-13.69535542,90.66418457,-182.1198578,48.612081435790266,target-only,0.5,41,1,0,0.6533203588286426,0.7623895276726705,0.2239061719113388,0.0546412657555305,0.0539087757100752,1,1
experiment_results1.csv,perturbation_run,perturbation_gap,1,2026-04-21T19:57:31+08:00,20260421_195731_693613,controlled_perturbation_study,CTChest,perspective,tp_-13.70_90.66_-182.12,Near,1,CTChest__perspective__tp_-13.70_90.66_-182.12__shot2_16.17__shot3m3m1_0.40__shot3m3m2_15.89,Low,1,16.17,0.4,15.89,-13.69535542,90.66418457,-182.1198578,48.612081435790266,target-only,0.5,42,1,0,1.8227959897024744,1.0706972255260625,0.4115850950248176,0.0546412657555305,0.0539087757100752,1,1
experiment_results1.csv,perturbation_run,perturbation_gap,1,2026-04-21T19:57:32+08:00,20260421_195732_003329,controlled_perturbation_study,CTChest,perspective,tp_-13.70_90.66_-182.12,Near,1,CTChest__perspective__tp_-13.70_90.66_-182.12__shot2_16.17__shot3m3m1_0.40__shot3m3m2_15.89,Low,1,16.17,0.4,15.89,-13.69535542,90.66418457,-182.1198578,48.612081435790266,target-only,0.5,43,1,0,1.1716223010870157,1.295560957190943,0.0383303816626804,0.0546412657555305,0.0539087757100752,1,1
experiment_results1.csv,perturbation_run,perturbation_gap,1,2026-04-21T19:57:32+08:00,20260421_195732_335303,controlled_perturbation_study,CTChest,perspective,tp_-13.70_90.66_-182.12,Near,1,CTChest__perspective__tp_-13.70_90.66_-182.12__shot2_16.17__shot3m3m1_0.40__shot3m3m2_15.89,Low,1,16.17,0.4,15.89,-13.69535542,90.66418457,-182.1198578,48.612081435790266,target-only,0.5,44,1,0,0.7080049221801265,0.2742887175317542,0.1641275442852333,0.0546412657555305,0.0539087757100752,1,1
experiment_results1.csv,perturbation_run,perturbation_gap,1,2026-04-21T19:57:32+08:00,20260421_195732_686024,controlled_perturbation_study,CTChest,perspective,tp_-13.70_90.66_-182.12,Near,1,CTChest__perspective__tp_-13.70_90.66_-182.12__shot2_16.17__shot3m3m1_0.40__shot3m3m2_15.89,Low,1,16.17,0.4,15.89,-13.69535542,90.66418457,-182.1198578,48.612081435790266,target-only,0.5,45,1,0,0.8415211735687051,0.6352485121520558,0.4529666718752153,0.0546412657555305,0.0539087757100752,1,1
experiment_results1.csv,perturbation_run,perturbation_gap,1,2026-04-21T19:57:33+08:00,20260421_195733_036327,controlled_perturbation_study,CTChest,perspective,tp_-13.70_90.66_-182.12,Near,1,CTChest__perspective__tp_-13.70_90.66_-182.12__shot2_16.17__shot3m3m1_0.40__shot3m3m2_15.89,Low,1,16.17,0.4,15.89,-13.69535542,90.66418457,-182.1198578,48.612081435790266,target-only,0.5,46,1,0,0.4143619011894344,0.5358125710976841,0.1729002314710103,0.0546412657555305,0.0539087757100752,1,1
experiment_results1.csv,perturbation_run,perturbation_gap,1,2026-04-21T19:57:33+08:00,20260421_195733_382442,controlled_perturbation_study,CTChest,perspective,tp_-13.70_90.66_-182.12,Near,1,CTChest__perspective__tp_-13.70_90.66_-182.12__shot2_16.17__shot3m3m1_0.40__shot3m3m2_15.89,Low,1,16.17,0.4,15.89,-13.69535542,90.66418457,-182.1198578,48.612081435790266,target-only,0.5,47,1,0,0.4192439628863422,0.4349386692217635,0.0328961454353237,0.0546412657555305,0.0539087757100752,1,1
experiment_results1.csv,perturbation_run,perturbation_gap,1,2026-04-21T19:57:33+08:00,20260421_195733_748664,controlled_perturbation_study,CTChest,perspective,tp_-13.70_90.66_-182.12,Near,1,CTChest__perspective__tp_-13.70_90.66_-182.12__shot2_16.17__shot3m3m1_0.40__shot3m3m2_15.89,Low,1,16.17,0.4,15.89,-13.69535542,90.66418457,-182.1198578,48.612081435790266,target-only,0.5,48,1,0,0.4414319380924852,0.6397526414952943,0.4056268089702177,0.0546412657555305,0.0539087757100752,1,1
experiment_results1.csv,perturbation_run,perturbation_gap,1,2026-04-21T19:57:34+08:00,20260421_195734_130889,controlled_perturbation_study,CTChest,perspective,tp_-13.70_90.66_-182.12,Near,1,CTChest__perspective__tp_-13.70_90.66_-182.12__shot2_16.17__shot3m3m1_0.40__shot3m3m2_15.89,Low,1,16.17,0.4,15.89,-13.69535542,90.66418457,-182.1198578,48.612081435790266,target-only,0.5,49,1,0,0.1737740286009918,0.1616151819154891,0.2855329532237935,0.0546412657555305,0.0539087757100752,1,1
experiment_results1.csv,perturbation_run,perturbation_gap,1,2026-04-21T19:57:34+08:00,20260421_195734_516592,controlled_perturbation_study,CTChest,perspective,tp_-13.70_90.66_-182.12,Near,1,CTChest__perspective__tp_-13.70_90.66_-182.12__shot2_16.17__shot3m3m1_0.40__shot3m3m2_15.89,Low,1,16.17,0.4,15.89,-13.69535542,90.66418457,-182.1198578,48.612081435790266,target-only,0.5,50,1,0,0.3574449197108936,0.5777863489081224,0.2323421965419668,0.0546412657555305,0.0539087757100752,1,1
experiment_results1.csv,perturbation_run,perturbation_gap,1,2026-04-21T19:57:40+08:00,20260421_195740_863367,controlled_perturbation_study,CTChest,perspective,tp_-13.70_90.66_-182.12,Near,1,CTChest__perspective__tp_-13.70_90.66_-182.12__shot2_16.17__shot3m3m1_0.40__shot3m3m2_15.89,Low,1,16.17,0.4,15.89,-13.69535542,90.66418457,-182.1198578,48.612081435790266,target-only,1.0,1,1,0,2.1989716126603045,1.536093283450545,0.1147548375948186,0.0546412657555305,0.0539087757100752,1,1
experiment_results1.csv,perturbation_run,perturbation_gap,1,2026-04-21T19:57:41+08:00,20260421_195741_288935,controlled_perturbation_study,CTChest,perspective,tp_-13.70_90.66_-182.12,Near,1,CTChest__perspective__tp_-13.70_90.66_-182.12__shot2_16.17__shot3m3m1_0.40__shot3m3m2_15.89,Low,1,16.17,0.4,15.89,-13.69535542,90.66418457,-182.1198578,48.612081435790266,target-only,1.0,2,1,0,0.9596307330625606,1.4155637858232215,0.5517213370773184,0.0546412657555305,0.0539087757100752,1,1
experiment_results1.csv,perturbation_run,perturbation_gap,1,2026-04-21T19:57:41+08:00,20260421_195741_621512,controlled_perturbation_study,CTChest,perspective,tp_-13.70_90.66_-182.12,Near,1,CTChest__perspective__tp_-13.70_90.66_-182.12__shot2_16.17__shot3m3m1_0.40__shot3m3m2_15.89,Low,1,16.17,0.4,15.89,-13.69535542,90.66418457,-182.1198578,48.612081435790266,target-only,1.0,3,1,0,1.2836271439597142,1.451773594083181,1.472928988093208,0.0546412657555305,0.0539087757100752,1,1
experiment_results1.csv,perturbation_run,perturbation_gap,1,2026-04-21T19:57:41+08:00,20260421_195741_894532,controlled_perturbation_study,CTChest,perspective,tp_-13.70_90.66_-182.12,Near,1,CTChest__perspective__tp_-13.70_90.66_-182.12__shot2_16.17__shot3m3m1_0.40__shot3m3m2_15.89,Low,1,16.17,0.4,15.89,-13.69535542,90.66418457,-182.1198578,48.612081435790266,target-only,1.0,4,1,0,1.8009394332821569,0.5677644165395426,0.2222346162899467,0.0546412657555305,0.0539087757100752,1,1
experiment_results1.csv,perturbation_run,perturbation_gap,1,2026-04-21T19:57:42+08:00,20260421_195742_166442,controlled_perturbation_study,CTChest,perspective,tp_-13.70_90.66_-182.12,Near,1,CTChest__perspective__tp_-13.70_90.66_-182.12__shot2_16.17__shot3m3m1_0.40__shot3m3m2_15.89,Low,1,16.17,0.4,15.89,-13.69535542,90.66418457,-182.1198578,48.612081435790266,target-only,1.0,5,1,0,0.8039729232839538,0.1186863780019517,0.4549969456021918,0.0546412657555305,0.0539087757100752,1,1
experiment_results1.csv,perturbation_run,perturbation_gap,1,2026-04-21T19:57:42+08:00,20260421_195742_438843,controlled_perturbation_study,CTChest,perspective,tp_-13.70_90.66_-182.12,Near,1,CTChest__perspective__tp_-13.70_90.66_-182.12__shot2_16.17__shot3m3m1_0.40__shot3m3m2_15.89,Low,1,16.17,0.4,15.89,-13.69535542,90.66418457,-182.1198578,48.612081435790266,target-only,1.0,6,1,0,1.027390406045536,0.8182182484098947,0.3890927086420261,0.0546412657555305,0.0539087757100752,1,1
experiment_results1.csv,perturbation_run,perturbation_gap,1,2026-04-21T19:57:42+08:00,20260421_195742_704982,controlled_perturbation_study,CTChest,perspective,tp_-13.70_90.66_-182.12,Near,1,CTChest__perspective__tp_-13.70_90.66_-182.12__shot2_16.17__shot3m3m1_0.40__shot3m3m2_15.89,Low,1,16.17,0.4,15.89,-13.69535542,90.66418457,-182.1198578,48.612081435790266,target-only,1.0,7,1,0,5.877534424893903,3.589025899833743,1.760614102190351,0.0546412657555305,0.0539087757100752,1,1
experiment_results1.csv,perturbation_run,perturbation_gap,1,2026-04-21T19:57:42+08:00,20260421_195742_980717,controlled_perturbation_study,CTChest,perspective,tp_-13.70_90.66_-182.12,Near,1,CTChest__perspective__tp_-13.70_90.66_-182.12__shot2_16.17__shot3m3m1_0.40__shot3m3m2_15.89,Low,1,16.17,0.4,15.89,-13.69535542,90.66418457,-182.1198578,48.612081435790266,target-only,1.0,8,1,0,4.367421958180573,2.4494439503495347,1.1387457523199809,0.0546412657555305,0.0539087757100752,1,1
experiment_results1.csv,perturbation_run,perturbation_gap,1,2026-04-21T19:57:43+08:00,20260421_195743_256359,controlled_perturbation_study,CTChest,perspective,tp_-13.70_90.66_-182.12,Near,1,CTChest__perspective__tp_-13.70_90.66_-182.12__shot2_16.17__shot3m3m1_0.40__shot3m3m2_15.89,Low,1,16.17,0.4,15.89,-13.69535542,90.66418457,-182.1198578,48.612081435790266,target-only,1.0,9,1,0,0.7642531617489917,1.2823352015050828,1.4713339733658326,0.0546412657555305,0.0539087757100752,1,1
experiment_results1.csv,perturbation_run,perturbation_gap,1,2026-04-21T19:57:43+08:00,20260421_195743_541502,controlled_perturbation_study,CTChest,perspective,tp_-13.70_90.66_-182.12,Near,1,CTChest__perspective__tp_-13.70_90.66_-182.12__shot2_16.17__shot3m3m1_0.40__shot3m3m2_15.89,Low,1,16.17,0.4,15.89,-13.69535542,90.66418457,-182.1198578,48.612081435790266,target-only,1.0,10,1,0,1.6141634574699228,1.2534406236894733,0.7394759109530592,0.0546412657555305,0.0539087757100752,1,1
experiment_results1.csv,perturbation_run,perturbation_gap,1,2026-04-21T19:57:43+08:00,20260421_195743_788207,controlled_perturbation_study,CTChest,perspective,tp_-13.70_90.66_-182.12,Near,1,CTChest__perspective__tp_-13.70_90.66_-182.12__shot2_16.17__shot3m3m1_0.40__shot3m3m2_15.89,Low,1,16.17,0.4,15.89,-13.69535542,90.66418457,-182.1198578,48.612081435790266,target-only,1.0,11,1,0,2.970478698480373,1.8654059953253008,0.1648857094083372,0.0546412657555305,0.0539087757100752,1,1
experiment_results1.csv,perturbation_run,perturbation_gap,1,2026-04-21T19:57:44+08:00,20260421_195744_041625,controlled_perturbation_study,CTChest,perspective,tp_-13.70_90.66_-182.12,Near,1,CTChest__perspective__tp_-13.70_90.66_-182.12__shot2_16.17__shot3m3m1_0.40__shot3m3m2_15.89,Low,1,16.17,0.4,15.89,-13.69535542,90.66418457,-182.1198578,48.612081435790266,target-only,1.0,12,1,0,2.521066046059884,1.8884610726007096,0.005221042489452,0.0546412657555305,0.0539087757100752,1,1
experiment_results1.csv,perturbation_run,perturbation_gap,1,2026-04-21T19:57:44+08:00,20260421_195744_334220,controlled_perturbation_study,CTChest,perspective,tp_-13.70_90.66_-182.12,Near,1,CTChest__perspective__tp_-13.70_90.66_-182.12__shot2_16.17__shot3m3m1_0.40__shot3m3m2_15.89,Low,1,16.17,0.4,15.89,-13.69535542,90.66418457,-182.1198578,48.612081435790266,target-only,1.0,13,1,0,0.6586642499675396,0.8899945005867294,0.4272454813733035,0.0546412657555305,0.0539087757100752,1,1
experiment_results1.csv,perturbation_run,perturbation_gap,1,2026-04-21T19:57:44+08:00,20260421_195744_638610,controlled_perturbation_study,CTChest,perspective,tp_-13.70_90.66_-182.12,Near,1,CTChest__perspective__tp_-13.70_90.66_-182.12__shot2_16.17__shot3m3m1_0.40__shot3m3m2_15.89,Low,1,16.17,0.4,15.89,-13.69535542,90.66418457,-182.1198578,48.612081435790266,target-only,1.0,14,1,0,1.0748253570203292,0.751182819514483,1.2124993165180953,0.0546412657555305,0.0539087757100752,1,1
experiment_results1.csv,perturbation_run,perturbation_gap,1,2026-04-21T19:57:44+08:00,20260421_195744_946716,controlled_perturbation_study,CTChest,perspective,tp_-13.70_90.66_-182.12,Near,1,CTChest__perspective__tp_-13.70_90.66_-182.12__shot2_16.17__shot3m3m1_0.40__shot3m3m2_15.89,Low,1,16.17,0.4,15.89,-13.69535542,90.66418457,-182.1198578,48.612081435790266,target-only,1.0,15,1,0,1.3247325410917354,0.781367049173331,0.1422987094117816,0.0546412657555305,0.0539087757100752,1,1
experiment_results1.csv,perturbation_run,perturbation_gap,1,2026-04-21T19:57:45+08:00,20260421_195745_265947,controlled_perturbation_study,CTChest,perspective,tp_-13.70_90.66_-182.12,Near,1,CTChest__perspective__tp_-13.70_90.66_-182.12__shot2_16.17__shot3m3m1_0.40__shot3m3m2_15.89,Low,1,16.17,0.4,15.89,-13.69535542,90.66418457,-182.1198578,48.612081435790266,target-only,1.0,16,1,0,1.916668380953916,1.381312915073407,0.9514777445469348,0.0546412657555305,0.0539087757100752,1,1
experiment_results1.csv,perturbation_run,perturbation_gap,1,2026-04-21T19:57:45+08:00,20260421_195745_543460,controlled_perturbation_study,CTChest,perspective,tp_-13.70_90.66_-182.12,Near,1,CTChest__perspective__tp_-13.70_90.66_-182.12__shot2_16.17__shot3m3m1_0.40__shot3m3m2_15.89,Low,1,16.17,0.4,15.89,-13.69535542,90.66418457,-182.1198578,48.612081435790266,target-only,1.0,17,1,0,4.001710051807206,2.252036081196495,0.7797433542504378,0.0546412657555305,0.0539087757100752,1,1
experiment_results1.csv,perturbation_run,perturbation_gap,1,2026-04-21T19:57:45+08:00,20260421_195745_876368,controlled_perturbation_study,CTChest,perspective,tp_-13.70_90.66_-182.12,Near,1,CTChest__perspective__tp_-13.70_90.66_-182.12__shot2_16.17__shot3m3m1_0.40__shot3m3m2_15.89,Low,1,16.17,0.4,15.89,-13.69535542,90.66418457,-182.1198578,48.612081435790266,target-only,1.0,18,1,0,2.3077073424400845,2.1866760609046194,0.4054836636652923,0.0546412657555305,0.0539087757100752,1,1
experiment_results1.csv,perturbation_run,perturbation_gap,1,2026-04-21T19:57:46+08:00,20260421_195746_220934,controlled_perturbation_study,CTChest,perspective,tp_-13.70_90.66_-182.12,Near,1,CTChest__perspective__tp_-13.70_90.66_-182.12__shot2_16.17__shot3m3m1_0.40__shot3m3m2_15.89,Low,1,16.17,0.4,15.89,-13.69535542,90.66418457,-182.1198578,48.612081435790266,target-only,1.0,19,1,0,0.6030847128472756,0.9384806704941324,0.5712451438178715,0.0546412657555305,0.0539087757100752,1,1
experiment_results1.csv,perturbation_run,perturbation_gap,1,2026-04-21T19:57:46+08:00,20260421_195746_567128,controlled_perturbation_study,CTChest,perspective,tp_-13.70_90.66_-182.12,Near,1,CTChest__perspective__tp_-13.70_90.66_-182.12__shot2_16.17__shot3m3m1_0.40__shot3m3m2_15.89,Low,1,16.17,0.4,15.89,-13.69535542,90.66418457,-182.1198578,48.612081435790266,target-only,1.0,20,1,0,0.9641159845634888,0.5788689785883105,0.8973183925857652,0.0546412657555305,0.0539087757100752,1,1
experiment_results1.csv,perturbation_run,perturbation_gap,1,2026-04-21T19:57:46+08:00,20260421_195746_919241,controlled_perturbation_study,CTChest,perspective,tp_-13.70_90.66_-182.12,Near,1,CTChest__perspective__tp_-13.70_90.66_-182.12__shot2_16.17__shot3m3m1_0.40__shot3m3m2_15.89,Low,1,16.17,0.4,15.89,-13.69535542,90.66418457,-182.1198578,48.612081435790266,target-only,1.0,21,1,0,2.116554613975488,2.463008137026653,0.1302975022112409,0.0546412657555305,0.0539087757100752,1,1
experiment_results1.csv,perturbation_run,perturbation_gap,1,2026-04-21T19:57:47+08:00,20260421_195747_230417,controlled_perturbation_study,CTChest,perspective,tp_-13.70_90.66_-182.12,Near,1,CTChest__perspective__tp_-13.70_90.66_-182.12__shot2_16.17__shot3m3m1_0.40__shot3m3m2_15.89,Low,1,16.17,0.4,15.89,-13.69535542,90.66418457,-182.1198578,48.612081435790266,target-only,1.0,22,1,0,3.147421350498376,2.3345772354196304,0.2054797930467019,0.0546412657555305,0.0539087757100752,1,1
experiment_results1.csv,perturbation_run,perturbation_gap,1,2026-04-21T19:57:47+08:00,20260421_195747_606952,controlled_perturbation_study,CTChest,perspective,tp_-13.70_90.66_-182.12,Near,1,CTChest__perspective__tp_-13.70_90.66_-182.12__shot2_16.17__shot3m3m1_0.40__shot3m3m2_15.89,Low,1,16.17,0.4,15.89,-13.69535542,90.66418457,-182.1198578,48.612081435790266,target-only,1.0,23,1,0,1.2369332980072487,1.039018015460322,0.7854172831770924,0.0546412657555305,0.0539087757100752,1,1
experiment_results1.csv,perturbation_run,perturbation_gap,1,2026-04-21T19:57:47+08:00,20260421_195747_989382,controlled_perturbation_study,CTChest,perspective,tp_-13.70_90.66_-182.12,Near,1,CTChest__perspective__tp_-13.70_90.66_-182.12__shot2_16.17__shot3m3m1_0.40__shot3m3m2_15.89,Low,1,16.17,0.4,15.89,-13.69535542,90.66418457,-182.1198578,48.612081435790266,target-only,1.0,24,1,0,0.4335725304553564,0.5202200906480563,1.2154329358225298,0.0546412657555305,0.0539087757100752,1,1
experiment_results1.csv,perturbation_run,perturbation_gap,1,2026-04-21T19:57:48+08:00,20260421_195748_431882,controlled_perturbation_study,CTChest,perspective,tp_-13.70_90.66_-182.12,Near,1,CTChest__perspective__tp_-13.70_90.66_-182.12__shot2_16.17__shot3m3m1_0.40__shot3m3m2_15.89,Low,1,16.17,0.4,15.89,-13.69535542,90.66418457,-182.1198578,48.612081435790266,target-only,1.0,25,1,0,1.337621048528978,0.3987034547011993,0.4014621667614094,0.0546412657555305,0.0539087757100752,1,1
experiment_results1.csv,perturbation_run,perturbation_gap,1,2026-04-21T19:57:48+08:00,20260421_195748_780192,controlled_perturbation_study,CTChest,perspective,tp_-13.70_90.66_-182.12,Near,1,CTChest__perspective__tp_-13.70_90.66_-182.12__shot2_16.17__shot3m3m1_0.40__shot3m3m2_15.89,Low,1,16.17,0.4,15.89,-13.69535542,90.66418457,-182.1198578,48.612081435790266,target-only,1.0,26,1,0,0.7455448171722957,0.5353182578633863,0.518031713317381,0.0546412657555305,0.0539087757100752,1,1
experiment_results1.csv,perturbation_run,perturbation_gap,1,2026-04-21T19:57:49+08:00,20260421_195749_176315,controlled_perturbation_study,CTChest,perspective,tp_-13.70_90.66_-182.12,Near,1,CTChest__perspective__tp_-13.70_90.66_-182.12__shot2_16.17__shot3m3m1_0.40__shot3m3m2_15.89,Low,1,16.17,0.4,15.89,-13.69535542,90.66418457,-182.1198578,48.612081435790266,target-only,1.0,27,1,0,1.7698581883757216,1.4554090676423417,0.6407974251733436,0.0546412657555305,0.0539087757100752,1,1
experiment_results1.csv,perturbation_run,perturbation_gap,1,2026-04-21T19:57:49+08:00,20260421_195749_533261,controlled_perturbation_study,CTChest,perspective,tp_-13.70_90.66_-182.12,Near,1,CTChest__perspective__tp_-13.70_90.66_-182.12__shot2_16.17__shot3m3m1_0.40__shot3m3m2_15.89,Low,1,16.17,0.4,15.89,-13.69535542,90.66418457,-182.1198578,48.612081435790266,target-only,1.0,28,1,0,0.5171071544541622,0.8188354915298364,0.4042511616404193,0.0546412657555305,0.0539087757100752,1,1
experiment_results1.csv,perturbation_run,perturbation_gap,1,2026-04-21T19:57:49+08:00,20260421_195749_946639,controlled_perturbation_study,CTChest,perspective,tp_-13.70_90.66_-182.12,Near,1,CTChest__perspective__tp_-13.70_90.66_-182.12__shot2_16.17__shot3m3m1_0.40__shot3m3m2_15.89,Low,1,16.17,0.4,15.89,-13.69535542,90.66418457,-182.1198578,48.612081435790266,target-only,1.0,29,1,0,2.100656094066784,2.680173322216846,1.8499459351333087,0.0546412657555305,0.0539087757100752,1,1
experiment_results1.csv,perturbation_run,perturbation_gap,1,2026-04-21T19:57:50+08:00,20260421_195750_292953,controlled_perturbation_study,CTChest,perspective,tp_-13.70_90.66_-182.12,Near,1,CTChest__perspective__tp_-13.70_90.66_-182.12__shot2_16.17__shot3m3m1_0.40__shot3m3m2_15.89,Low,1,16.17,0.4,15.89,-13.69535542,90.66418457,-182.1198578,48.612081435790266,target-only,1.0,30,1,0,0.3197437965788203,0.5421879056682832,0.5820183434292779,0.0546412657555305,0.0539087757100752,1,1
experiment_results1.csv,perturbation_run,perturbation_gap,1,2026-04-21T19:57:50+08:00,20260421_195750_708333,controlled_perturbation_study,CTChest,perspective,tp_-13.70_90.66_-182.12,Near,1,CTChest__perspective__tp_-13.70_90.66_-182.12__shot2_16.17__shot3m3m1_0.40__shot3m3m2_15.89,Low,1,16.17,0.4,15.89,-13.69535542,90.66418457,-182.1198578,48.612081435790266,target-only,1.0,31,1,0,1.2110990275058124,0.7079902746408697,0.4952932047501212,0.0546412657555305,0.0539087757100752,1,1
experiment_results1.csv,perturbation_run,perturbation_gap,1,2026-04-21T19:57:51+08:00,20260421_195751_073448,controlled_perturbation_study,CTChest,perspective,tp_-13.70_90.66_-182.12,Near,1,CTChest__perspective__tp_-13.70_90.66_-182.12__shot2_16.17__shot3m3m1_0.40__shot3m3m2_15.89,Low,1,16.17,0.4,15.89,-13.69535542,90.66418457,-182.1198578,48.612081435790266,target-only,1.0,32,1,0,1.2517490146379682,0.8132733565112077,1.2212826078984953,0.0546412657555305,0.0539087757100752,1,1
experiment_results1.csv,perturbation_run,perturbation_gap,1,2026-04-21T19:57:51+08:00,20260421_195751_439538,controlled_perturbation_study,CTChest,perspective,tp_-13.70_90.66_-182.12,Near,1,CTChest__perspective__tp_-13.70_90.66_-182.12__shot2_16.17__shot3m3m1_0.40__shot3m3m2_15.89,Low,1,16.17,0.4,15.89,-13.69535542,90.66418457,-182.1198578,48.612081435790266,target-only,1.0,33,1,0,0.6112515277187347,0.824821330956452,0.1454826804614312,0.0546412657555305,0.0539087757100752,1,1
experiment_results1.csv,perturbation_run,perturbation_gap,1,2026-04-21T19:57:51+08:00,20260421_195751_869190,controlled_perturbation_study,CTChest,perspective,tp_-13.70_90.66_-182.12,Near,1,CTChest__perspective__tp_-13.70_90.66_-182.12__shot2_16.17__shot3m3m1_0.40__shot3m3m2_15.89,Low,1,16.17,0.4,15.89,-13.69535542,90.66418457,-182.1198578,48.612081435790266,target-only,1.0,34,1,0,0.9242613314957132,1.1704567319348556,0.2018953309915068,0.0546412657555305,0.0539087757100752,1,1
experiment_results1.csv,perturbation_run,perturbation_gap,1,2026-04-21T19:57:52+08:00,20260421_195752_315791,controlled_perturbation_study,CTChest,perspective,tp_-13.70_90.66_-182.12,Near,1,CTChest__perspective__tp_-13.70_90.66_-182.12__shot2_16.17__shot3m3m1_0.40__shot3m3m2_15.89,Low,1,16.17,0.4,15.89,-13.69535542,90.66418457,-182.1198578,48.612081435790266,target-only,1.0,35,1,0,0.8769277873737347,1.0718463409012922,0.0132017700311182,0.0546412657555305,0.0539087757100752,1,1
experiment_results1.csv,perturbation_run,perturbation_gap,1,2026-04-21T19:57:52+08:00,20260421_195752_770772,controlled_perturbation_study,CTChest,perspective,tp_-13.70_90.66_-182.12,Near,1,CTChest__perspective__tp_-13.70_90.66_-182.12__shot2_16.17__shot3m3m1_0.40__shot3m3m2_15.89,Low,1,16.17,0.4,15.89,-13.69535542,90.66418457,-182.1198578,48.612081435790266,target-only,1.0,36,1,0,0.6032554919418313,0.2179673279272673,1.7067618553471129,0.0546412657555305,0.0539087757100752,1,1
experiment_results1.csv,perturbation_run,perturbation_gap,1,2026-04-21T19:57:53+08:00,20260421_195753_222011,controlled_perturbation_study,CTChest,perspective,tp_-13.70_90.66_-182.12,Near,1,CTChest__perspective__tp_-13.70_90.66_-182.12__shot2_16.17__shot3m3m1_0.40__shot3m3m2_15.89,Low,1,16.17,0.4,15.89,-13.69535542,90.66418457,-182.1198578,48.612081435790266,target-only,1.0,37,1,0,0.7045243908127503,0.8587360813949275,0.7878778990984593,0.0546412657555305,0.0539087757100752,1,1
experiment_results1.csv,perturbation_run,perturbation_gap,1,2026-04-21T19:57:53+08:00,20260421_195753_667851,controlled_perturbation_study,CTChest,perspective,tp_-13.70_90.66_-182.12,Near,1,CTChest__perspective__tp_-13.70_90.66_-182.12__shot2_16.17__shot3m3m1_0.40__shot3m3m2_15.89,Low,1,16.17,0.4,15.89,-13.69535542,90.66418457,-182.1198578,48.612081435790266,target-only,1.0,38,1,0,1.7389819370112574,1.6510377394096036,0.4918508722979492,0.0546412657555305,0.0539087757100752,1,1
experiment_results1.csv,perturbation_run,perturbation_gap,1,2026-04-21T19:57:54+08:00,20260421_195754_122569,controlled_perturbation_study,CTChest,perspective,tp_-13.70_90.66_-182.12,Near,1,CTChest__perspective__tp_-13.70_90.66_-182.12__shot2_16.17__shot3m3m1_0.40__shot3m3m2_15.89,Low,1,16.17,0.4,15.89,-13.69535542,90.66418457,-182.1198578,48.612081435790266,target-only,1.0,39,1,0,1.4312370760412128,1.3828746106884238,0.7334016276654043,0.0546412657555305,0.0539087757100752,1,1
experiment_results1.csv,perturbation_run,perturbation_gap,1,2026-04-21T19:57:54+08:00,20260421_195754_571322,controlled_perturbation_study,CTChest,perspective,tp_-13.70_90.66_-182.12,Near,1,CTChest__perspective__tp_-13.70_90.66_-182.12__shot2_16.17__shot3m3m1_0.40__shot3m3m2_15.89,Low,1,16.17,0.4,15.89,-13.69535542,90.66418457,-182.1198578,48.612081435790266,target-only,1.0,40,1,0,0.6262295533615659,0.4526669409876293,1.125889157092816,0.0546412657555305,0.0539087757100752,1,1
experiment_results1.csv,perturbation_run,perturbation_gap,1,2026-04-21T19:57:55+08:00,20260421_195755_017414,controlled_perturbation_study,CTChest,perspective,tp_-13.70_90.66_-182.12,Near,1,CTChest__perspective__tp_-13.70_90.66_-182.12__shot2_16.17__shot3m3m1_0.40__shot3m3m2_15.89,Low,1,16.17,0.4,15.89,-13.69535542,90.66418457,-182.1198578,48.612081435790266,target-only,1.0,41,1,0,3.423168007741749,2.246328435745278,0.7155134489200891,0.0546412657555305,0.0539087757100752,1,1
experiment_results1.csv,perturbation_run,perturbation_gap,1,2026-04-21T19:57:55+08:00,20260421_195755_400851,controlled_perturbation_study,CTChest,perspective,tp_-13.70_90.66_-182.12,Near,1,CTChest__perspective__tp_-13.70_90.66_-182.12__shot2_16.17__shot3m3m1_0.40__shot3m3m2_15.89,Low,1,16.17,0.4,15.89,-13.69535542,90.66418457,-182.1198578,48.612081435790266,target-only,1.0,42,1,0,1.3280584744747015,0.663668036337333,0.8721937899901157,0.0546412657555305,0.0539087757100752,1,1
experiment_results1.csv,perturbation_run,perturbation_gap,1,2026-04-21T19:57:55+08:00,20260421_195755_776878,controlled_perturbation_study,CTChest,perspective,tp_-13.70_90.66_-182.12,Near,1,CTChest__perspective__tp_-13.70_90.66_-182.12__shot2_16.17__shot3m3m1_0.40__shot3m3m2_15.89,Low,1,16.17,0.4,15.89,-13.69535542,90.66418457,-182.1198578,48.612081435790266,target-only,1.0,43,1,0,2.4149352839997844,1.8629345776581507,0.9644519129869517,0.0546412657555305,0.0539087757100752,1,1
experiment_results1.csv,perturbation_run,perturbation_gap,1,2026-04-21T19:57:56+08:00,20260421_195756_226518,controlled_perturbation_study,CTChest,perspective,tp_-13.70_90.66_-182.12,Near,1,CTChest__perspective__tp_-13.70_90.66_-182.12__shot2_16.17__shot3m3m1_0.40__shot3m3m2_15.89,Low,1,16.17,0.4,15.89,-13.69535542,90.66418457,-182.1198578,48.612081435790266,target-only,1.0,44,1,0,2.129377285507824,0.7308488180648962,0.5373041166517356,0.0546412657555305,0.0539087757100752,1,1
experiment_results1.csv,perturbation_run,perturbation_gap,1,2026-04-21T19:57:56+08:00,20260421_195756_683291,controlled_perturbation_study,CTChest,perspective,tp_-13.70_90.66_-182.12,Near,1,CTChest__perspective__tp_-13.70_90.66_-182.12__shot2_16.17__shot3m3m1_0.40__shot3m3m2_15.89,Low,1,16.17,0.4,15.89,-13.69535542,90.66418457,-182.1198578,48.612081435790266,target-only,1.0,45,1,0,2.115496529912594,0.8771595320001533,1.0828747264230647,0.0546412657555305,0.0539087757100752,1,1
experiment_results1.csv,perturbation_run,perturbation_gap,1,2026-04-21T19:57:57+08:00,20260421_195757_128437,controlled_perturbation_study,CTChest,perspective,tp_-13.70_90.66_-182.12,Near,1,CTChest__perspective__tp_-13.70_90.66_-182.12__shot2_16.17__shot3m3m1_0.40__shot3m3m2_15.89,Low,1,16.17,0.4,15.89,-13.69535542,90.66418457,-182.1198578,48.612081435790266,target-only,1.0,46,1,0,1.7718614094685314,1.6199774120016797,0.7202480914604584,0.0546412657555305,0.0539087757100752,1,1
experiment_results1.csv,perturbation_run,perturbation_gap,1,2026-04-21T19:57:57+08:00,20260421_195757_507083,controlled_perturbation_study,CTChest,perspective,tp_-13.70_90.66_-182.12,Near,1,CTChest__perspective__tp_-13.70_90.66_-182.12__shot2_16.17__shot3m3m1_0.40__shot3m3m2_15.89,Low,1,16.17,0.4,15.89,-13.69535542,90.66418457,-182.1198578,48.612081435790266,target-only,1.0,47,1,0,0.5694005279808588,0.7299208768126207,1.01879905009523,0.0546412657555305,0.0539087757100752,1,1
experiment_results1.csv,perturbation_run,perturbation_gap,1,2026-04-21T19:57:57+08:00,20260421_195757_950372,controlled_perturbation_study,CTChest,perspective,tp_-13.70_90.66_-182.12,Near,1,CTChest__perspective__tp_-13.70_90.66_-182.12__shot2_16.17__shot3m3m1_0.40__shot3m3m2_15.89,Low,1,16.17,0.4,15.89,-13.69535542,90.66418457,-182.1198578,48.612081435790266,target-only,1.0,48,1,0,3.1705162054859577,2.0460452535273377,0.3344643671145251,0.0546412657555305,0.0539087757100752,1,1
experiment_results1.csv,perturbation_run,perturbation_gap,1,2026-04-21T19:57:58+08:00,20260421_195758_404928,controlled_perturbation_study,CTChest,perspective,tp_-13.70_90.66_-182.12,Near,1,CTChest__perspective__tp_-13.70_90.66_-182.12__shot2_16.17__shot3m3m1_0.40__shot3m3m2_15.89,Low,1,16.17,0.4,15.89,-13.69535542,90.66418457,-182.1198578,48.612081435790266,target-only,1.0,49,1,0,2.3921729572170665,1.3886862873365418,0.8077463483641891,0.0546412657555305,0.0539087757100752,1,1
experiment_results1.csv,perturbation_run,perturbation_gap,1,2026-04-21T19:57:58+08:00,20260421_195758_850164,controlled_perturbation_study,CTChest,perspective,tp_-13.70_90.66_-182.12,Near,1,CTChest__perspective__tp_-13.70_90.66_-182.12__shot2_16.17__shot3m3m1_0.40__shot3m3m2_15.89,Low,1,16.17,0.4,15.89,-13.69535542,90.66418457,-182.1198578,48.612081435790266,target-only,1.0,50,1,0,0.9552742583168028,0.9494137642382652,0.2372665774423755,0.0546412657555305,0.0539087757100752,1,1
experiment_results1.csv,perturbation_run,perturbation_gap,1,2026-04-21T19:58:04+08:00,20260421_195804_559026,controlled_perturbation_study,CTChest,perspective,tp_-13.70_90.66_-182.12,Near,1,CTChest__perspective__tp_-13.70_90.66_-182.12__shot2_16.17__shot3m3m1_0.40__shot3m3m2_15.89,Low,1,16.17,0.4,15.89,-13.69535542,90.66418457,-182.1198578,48.612081435790266,target-only,2.0,1,1,0,7.572418262871976,5.691212149816982,1.0801355080916382,0.0546412657555305,0.0539087757100752,1,1
experiment_results1.csv,perturbation_run,perturbation_gap,1,2026-04-21T19:58:04+08:00,20260421_195804_957217,controlled_perturbation_study,CTChest,perspective,tp_-13.70_90.66_-182.12,Near,1,CTChest__perspective__tp_-13.70_90.66_-182.12__shot2_16.17__shot3m3m1_0.40__shot3m3m2_15.89,Low,1,16.17,0.4,15.89,-13.69535542,90.66418457,-182.1198578,48.612081435790266,target-only,2.0,2,1,0,4.857278979590516,4.108789107427027,0.7818580268879762,0.0546412657555305,0.0539087757100752,1,1
experiment_results1.csv,perturbation_run,perturbation_gap,1,2026-04-21T19:58:05+08:00,20260421_195805_309339,controlled_perturbation_study,CTChest,perspective,tp_-13.70_90.66_-182.12,Near,1,CTChest__perspective__tp_-13.70_90.66_-182.12__shot2_16.17__shot3m3m1_0.40__shot3m3m2_15.89,Low,1,16.17,0.4,15.89,-13.69535542,90.66418457,-182.1198578,48.612081435790266,target-only,2.0,3,1,0,5.038218293952338,2.457497271035328,0.0323295565811152,0.0546412657555305,0.0539087757100752,1,1
experiment_results1.csv,perturbation_run,perturbation_gap,1,2026-04-21T19:58:05+08:00,20260421_195805_583607,controlled_perturbation_study,CTChest,perspective,tp_-13.70_90.66_-182.12,Near,1,CTChest__perspective__tp_-13.70_90.66_-182.12__shot2_16.17__shot3m3m1_0.40__shot3m3m2_15.89,Low,1,16.17,0.4,15.89,-13.69535542,90.66418457,-182.1198578,48.612081435790266,target-only,2.0,4,1,0,1.400071386493102,0.5682932210370266,1.979542029985309,0.0546412657555305,0.0539087757100752,1,1
experiment_results1.csv,perturbation_run,perturbation_gap,1,2026-04-21T19:58:05+08:00,20260421_195805_862927,controlled_perturbation_study,CTChest,perspective,tp_-13.70_90.66_-182.12,Near,1,CTChest__perspective__tp_-13.70_90.66_-182.12__shot2_16.17__shot3m3m1_0.40__shot3m3m2_15.89,Low,1,16.17,0.4,15.89,-13.69535542,90.66418457,-182.1198578,48.612081435790266,target-only,2.0,5,1,0,1.7291763746791398,2.2972790775301526,0.3392492715578196,0.0546412657555305,0.0539087757100752,1,1
experiment_results1.csv,perturbation_run,perturbation_gap,1,2026-04-21T19:58:06+08:00,20260421_195806_132956,controlled_perturbation_study,CTChest,perspective,tp_-13.70_90.66_-182.12,Near,1,CTChest__perspective__tp_-13.70_90.66_-182.12__shot2_16.17__shot3m3m1_0.40__shot3m3m2_15.89,Low,1,16.17,0.4,15.89,-13.69535542,90.66418457,-182.1198578,48.612081435790266,target-only,2.0,6,1,0,2.0599192586229305,1.791009728812086,0.3798710170832576,0.0546412657555305,0.0539087757100752,1,1
experiment_results1.csv,perturbation_run,perturbation_gap,1,2026-04-21T19:58:06+08:00,20260421_195806_375532,controlled_perturbation_study,CTChest,perspective,tp_-13.70_90.66_-182.12,Near,1,CTChest__perspective__tp_-13.70_90.66_-182.12__shot2_16.17__shot3m3m1_0.40__shot3m3m2_15.89,Low,1,16.17,0.4,15.89,-13.69535542,90.66418457,-182.1198578,48.612081435790266,target-only,2.0,7,1,0,4.334885831401311,2.8723157544875835,1.171661716493266,0.0546412657555305,0.0539087757100752,1,1
experiment_results1.csv,perturbation_run,perturbation_gap,1,2026-04-21T19:58:06+08:00,20260421_195806_647224,controlled_perturbation_study,CTChest,perspective,tp_-13.70_90.66_-182.12,Near,1,CTChest__perspective__tp_-13.70_90.66_-182.12__shot2_16.17__shot3m3m1_0.40__shot3m3m2_15.89,Low,1,16.17,0.4,15.89,-13.69535542,90.66418457,-182.1198578,48.612081435790266,target-only,2.0,8,1,0,3.9608838715239054,4.1799027688858175,0.8030382872593664,0.0546412657555305,0.0539087757100752,1,1
experiment_results1.csv,perturbation_run,perturbation_gap,1,2026-04-21T19:58:06+08:00,20260421_195806_919378,controlled_perturbation_study,CTChest,perspective,tp_-13.70_90.66_-182.12,Near,1,CTChest__perspective__tp_-13.70_90.66_-182.12__shot2_16.17__shot3m3m1_0.40__shot3m3m2_15.89,Low,1,16.17,0.4,15.89,-13.69535542,90.66418457,-182.1198578,48.612081435790266,target-only,2.0,9,1,0,4.255315426572496,5.575251630581279,1.7570651216947912,0.0546412657555305,0.0539087757100752,1,1
experiment_results1.csv,perturbation_run,perturbation_gap,1,2026-04-21T19:58:07+08:00,20260421_195807_203530,controlled_perturbation_study,CTChest,perspective,tp_-13.70_90.66_-182.12,Near,1,CTChest__perspective__tp_-13.70_90.66_-182.12__shot2_16.17__shot3m3m1_0.40__shot3m3m2_15.89,Low,1,16.17,0.4,15.89,-13.69535542,90.66418457,-182.1198578,48.612081435790266,target-only,2.0,10,1,0,0.9609971505413786,1.165003491446167,2.846189506928176,0.0546412657555305,0.0539087757100752,1,1
experiment_results1.csv,perturbation_run,perturbation_gap,1,2026-04-21T19:58:07+08:00,20260421_195807_477614,controlled_perturbation_study,CTChest,perspective,tp_-13.70_90.66_-182.12,Near,1,CTChest__perspective__tp_-13.70_90.66_-182.12__shot2_16.17__shot3m3m1_0.40__shot3m3m2_15.89,Low,1,16.17,0.4,15.89,-13.69535542,90.66418457,-182.1198578,48.612081435790266,target-only,2.0,11,1,0,1.6109326932913102,0.98470654055141,0.9624567583842836,0.0546412657555305,0.0539087757100752,1,1
experiment_results1.csv,perturbation_run,perturbation_gap,1,2026-04-21T19:58:07+08:00,20260421_195807_760164,controlled_perturbation_study,CTChest,perspective,tp_-13.70_90.66_-182.12,Near,1,CTChest__perspective__tp_-13.70_90.66_-182.12__shot2_16.17__shot3m3m1_0.40__shot3m3m2_15.89,Low,1,16.17,0.4,15.89,-13.69535542,90.66418457,-182.1198578,48.612081435790266,target-only,2.0,12,1,0,3.7702369183208457,4.410788787949658,0.1966362247451808,0.0546412657555305,0.0539087757100752,1,1
experiment_results1.csv,perturbation_run,perturbation_gap,1,2026-04-21T19:58:08+08:00,20260421_195808_035695,controlled_perturbation_study,CTChest,perspective,tp_-13.70_90.66_-182.12,Near,1,CTChest__perspective__tp_-13.70_90.66_-182.12__shot2_16.17__shot3m3m1_0.40__shot3m3m2_15.89,Low,1,16.17,0.4,15.89,-13.69535542,90.66418457,-182.1198578,48.612081435790266,target-only,2.0,13,1,0,4.995070530092002,1.6569558588679063,1.4746880488859315,0.0546412657555305,0.0539087757100752,1,1
experiment_results1.csv,perturbation_run,perturbation_gap,1,2026-04-21T19:58:08+08:00,20260421_195808_315563,controlled_perturbation_study,CTChest,perspective,tp_-13.70_90.66_-182.12,Near,1,CTChest__perspective__tp_-13.70_90.66_-182.12__shot2_16.17__shot3m3m1_0.40__shot3m3m2_15.89,Low,1,16.17,0.4,15.89,-13.69535542,90.66418457,-182.1198578,48.612081435790266,target-only,2.0,14,1,0,10.207831022242754,7.09122061080057,2.4342999516055177,0.0546412657555305,0.0539087757100752,1,1
experiment_results1.csv,perturbation_run,perturbation_gap,1,2026-04-21T19:58:08+08:00,20260421_195808_563974,controlled_perturbation_study,CTChest,perspective,tp_-13.70_90.66_-182.12,Near,1,CTChest__perspective__tp_-13.70_90.66_-182.12__shot2_16.17__shot3m3m1_0.40__shot3m3m2_15.89,Low,1,16.17,0.4,15.89,-13.69535542,90.66418457,-182.1198578,48.612081435790266,target-only,2.0,15,1,0,0.7981752453305526,0.9433362098030432,1.1127055493571485,0.0546412657555305,0.0539087757100752,1,1
experiment_results1.csv,perturbation_run,perturbation_gap,1,2026-04-21T19:58:08+08:00,20260421_195808_850870,controlled_perturbation_study,CTChest,perspective,tp_-13.70_90.66_-182.12,Near,1,CTChest__perspective__tp_-13.70_90.66_-182.12__shot2_16.17__shot3m3m1_0.40__shot3m3m2_15.89,Low,1,16.17,0.4,15.89,-13.69535542,90.66418457,-182.1198578,48.612081435790266,target-only,2.0,16,1,0,2.842573364116299,3.331358614086891,2.1751921524396107,0.0546412657555305,0.0539087757100752,1,1
experiment_results1.csv,perturbation_run,perturbation_gap,1,2026-04-21T19:58:09+08:00,20260421_195809_107347,controlled_perturbation_study,CTChest,perspective,tp_-13.70_90.66_-182.12,Near,1,CTChest__perspective__tp_-13.70_90.66_-182.12__shot2_16.17__shot3m3m1_0.40__shot3m3m2_15.89,Low,1,16.17,0.4,15.89,-13.69535542,90.66418457,-182.1198578,48.612081435790266,target-only,2.0,17,1,0,5.829177753831122,2.704959417748603,3.1961294288154227,0.0546412657555305,0.0539087757100752,1,1
experiment_results1.csv,perturbation_run,perturbation_gap,1,2026-04-21T19:58:09+08:00,20260421_195809_417220,controlled_perturbation_study,CTChest,perspective,tp_-13.70_90.66_-182.12,Near,1,CTChest__perspective__tp_-13.70_90.66_-182.12__shot2_16.17__shot3m3m1_0.40__shot3m3m2_15.89,Low,1,16.17,0.4,15.89,-13.69535542,90.66418457,-182.1198578,48.612081435790266,target-only,2.0,18,1,0,1.0551979836403012,1.6477040876105622,0.1296364951194631,0.0546412657555305,0.0539087757100752,1,1
experiment_results1.csv,perturbation_run,perturbation_gap,1,2026-04-21T19:58:09+08:00,20260421_195809_716069,controlled_perturbation_study,CTChest,perspective,tp_-13.70_90.66_-182.12,Near,1,CTChest__perspective__tp_-13.70_90.66_-182.12__shot2_16.17__shot3m3m1_0.40__shot3m3m2_15.89,Low,1,16.17,0.4,15.89,-13.69535542,90.66418457,-182.1198578,48.612081435790266,target-only,2.0,19,1,0,1.582995569099246,1.8989931202527537,0.2744403721207269,0.0546412657555305,0.0539087757100752,1,1
experiment_results1.csv,perturbation_run,perturbation_gap,1,2026-04-21T19:58:10+08:00,20260421_195810_072286,controlled_perturbation_study,CTChest,perspective,tp_-13.70_90.66_-182.12,Near,1,CTChest__perspective__tp_-13.70_90.66_-182.12__shot2_16.17__shot3m3m1_0.40__shot3m3m2_15.89,Low,1,16.17,0.4,15.89,-13.69535542,90.66418457,-182.1198578,48.612081435790266,target-only,2.0,20,1,0,1.4084325810486378,1.2407992248064457,4.009463326512547,0.0546412657555305,0.0539087757100752,1,1
experiment_results1.csv,perturbation_run,perturbation_gap,1,2026-04-21T19:58:10+08:00,20260421_195810_386088,controlled_perturbation_study,CTChest,perspective,tp_-13.70_90.66_-182.12,Near,1,CTChest__perspective__tp_-13.70_90.66_-182.12__shot2_16.17__shot3m3m1_0.40__shot3m3m2_15.89,Low,1,16.17,0.4,15.89,-13.69535542,90.66418457,-182.1198578,48.612081435790266,target-only,2.0,21,1,0,1.751072141085596,3.06813383433832,2.203217088329592,0.0546412657555305,0.0539087757100752,1,1
experiment_results1.csv,perturbation_run,perturbation_gap,1,2026-04-21T19:58:10+08:00,20260421_195810_715235,controlled_perturbation_study,CTChest,perspective,tp_-13.70_90.66_-182.12,Near,1,CTChest__perspective__tp_-13.70_90.66_-182.12__shot2_16.17__shot3m3m1_0.40__shot3m3m2_15.89,Low,1,16.17,0.4,15.89,-13.69535542,90.66418457,-182.1198578,48.612081435790266,target-only,2.0,22,1,0,5.190665455976744,2.94673610090466,1.6014295502155649,0.0546412657555305,0.0539087757100752,1,1
experiment_results1.csv,perturbation_run,perturbation_gap,1,2026-04-21T19:58:11+08:00,20260421_195811_046240,controlled_perturbation_study,CTChest,perspective,tp_-13.70_90.66_-182.12,Near,1,CTChest__perspective__tp_-13.70_90.66_-182.12__shot2_16.17__shot3m3m1_0.40__shot3m3m2_15.89,Low,1,16.17,0.4,15.89,-13.69535542,90.66418457,-182.1198578,48.612081435790266,target-only,2.0,23,1,0,1.7483117692969956,0.6439346591667957,1.5932975116505186,0.0546412657555305,0.0539087757100752,1,1
experiment_results1.csv,perturbation_run,perturbation_gap,1,2026-04-21T19:58:11+08:00,20260421_195811_399773,controlled_perturbation_study,CTChest,perspective,tp_-13.70_90.66_-182.12,Near,1,CTChest__perspective__tp_-13.70_90.66_-182.12__shot2_16.17__shot3m3m1_0.40__shot3m3m2_15.89,Low,1,16.17,0.4,15.89,-13.69535542,90.66418457,-182.1198578,48.612081435790266,target-only,2.0,24,1,0,3.0228783738202765,2.7147765752094246,1.3559822961569734,0.0546412657555305,0.0539087757100752,1,1
experiment_results1.csv,perturbation_run,perturbation_gap,1,2026-04-21T19:58:11+08:00,20260421_195811_755044,controlled_perturbation_study,CTChest,perspective,tp_-13.70_90.66_-182.12,Near,1,CTChest__perspective__tp_-13.70_90.66_-182.12__shot2_16.17__shot3m3m1_0.40__shot3m3m2_15.89,Low,1,16.17,0.4,15.89,-13.69535542,90.66418457,-182.1198578,48.612081435790266,target-only,2.0,25,1,0,0.3253050690428644,0.1205173977066975,2.13052487764204,0.0546412657555305,0.0539087757100752,1,1
experiment_results1.csv,perturbation_run,perturbation_gap,1,2026-04-21T19:58:12+08:00,20260421_195812_063004,controlled_perturbation_study,CTChest,perspective,tp_-13.70_90.66_-182.12,Near,1,CTChest__perspective__tp_-13.70_90.66_-182.12__shot2_16.17__shot3m3m1_0.40__shot3m3m2_15.89,Low,1,16.17,0.4,15.89,-13.69535542,90.66418457,-182.1198578,48.612081435790266,target-only,2.0,26,1,0,1.8943244351122188,1.996045038895477,0.212360849450982,0.0546412657555305,0.0539087757100752,1,1
experiment_results1.csv,perturbation_run,perturbation_gap,1,2026-04-21T19:58:12+08:00,20260421_195812_420672,controlled_perturbation_study,CTChest,perspective,tp_-13.70_90.66_-182.12,Near,1,CTChest__perspective__tp_-13.70_90.66_-182.12__shot2_16.17__shot3m3m1_0.40__shot3m3m2_15.89,Low,1,16.17,0.4,15.89,-13.69535542,90.66418457,-182.1198578,48.612081435790266,target-only,2.0,27,1,0,0.5418584033945856,0.9420112216838408,1.7922139019146752,0.0546412657555305,0.0539087757100752,1,1
experiment_results1.csv,perturbation_run,perturbation_gap,1,2026-04-21T19:58:12+08:00,20260421_195812_794262,controlled_perturbation_study,CTChest,perspective,tp_-13.70_90.66_-182.12,Near,1,CTChest__perspective__tp_-13.70_90.66_-182.12__shot2_16.17__shot3m3m1_0.40__shot3m3m2_15.89,Low,1,16.17,0.4,15.89,-13.69535542,90.66418457,-182.1198578,48.612081435790266,target-only,2.0,28,1,0,2.5170414831016115,1.420870331056801,2.15981939034831,0.0546412657555305,0.0539087757100752,1,1
experiment_results1.csv,perturbation_run,perturbation_gap,1,2026-04-21T19:58:13+08:00,20260421_195813_173921,controlled_perturbation_study,CTChest,perspective,tp_-13.70_90.66_-182.12,Near,1,CTChest__perspective__tp_-13.70_90.66_-182.12__shot2_16.17__shot3m3m1_0.40__shot3m3m2_15.89,Low,1,16.17,0.4,15.89,-13.69535542,90.66418457,-182.1198578,48.612081435790266,target-only,2.0,29,1,0,1.612782479329422,2.362176905082365,0.8743055713247914,0.0546412657555305,0.0539087757100752,1,1
experiment_results1.csv,perturbation_run,perturbation_gap,1,2026-04-21T19:58:13+08:00,20260421_195813_553462,controlled_perturbation_study,CTChest,perspective,tp_-13.70_90.66_-182.12,Near,1,CTChest__perspective__tp_-13.70_90.66_-182.12__shot2_16.17__shot3m3m1_0.40__shot3m3m2_15.89,Low,1,16.17,0.4,15.89,-13.69535542,90.66418457,-182.1198578,48.612081435790266,target-only,2.0,30,1,0,5.019702314492138,3.147989696081956,0.35171188777547,0.0546412657555305,0.0539087757100752,1,1
experiment_results1.csv,perturbation_run,perturbation_gap,1,2026-04-21T19:58:13+08:00,20260421_195813_895179,controlled_perturbation_study,CTChest,perspective,tp_-13.70_90.66_-182.12,Near,1,CTChest__perspective__tp_-13.70_90.66_-182.12__shot2_16.17__shot3m3m1_0.40__shot3m3m2_15.89,Low,1,16.17,0.4,15.89,-13.69535542,90.66418457,-182.1198578,48.612081435790266,target-only,2.0,31,1,0,4.975007945660008,2.4210139565493787,0.6420888335201895,0.0546412657555305,0.0539087757100752,1,1
experiment_results1.csv,perturbation_run,perturbation_gap,1,2026-04-21T19:58:14+08:00,20260421_195814_294791,controlled_perturbation_study,CTChest,perspective,tp_-13.70_90.66_-182.12,Near,1,CTChest__perspective__tp_-13.70_90.66_-182.12__shot2_16.17__shot3m3m1_0.40__shot3m3m2_15.89,Low,1,16.17,0.4,15.89,-13.69535542,90.66418457,-182.1198578,48.612081435790266,target-only,2.0,32,1,0,1.723332172707889,2.5229952459668747,0.6150217298922354,0.0546412657555305,0.0539087757100752,1,1
experiment_results1.csv,perturbation_run,perturbation_gap,1,2026-04-21T19:58:14+08:00,20260421_195814_631499,controlled_perturbation_study,CTChest,perspective,tp_-13.70_90.66_-182.12,Near,1,CTChest__perspective__tp_-13.70_90.66_-182.12__shot2_16.17__shot3m3m1_0.40__shot3m3m2_15.89,Low,1,16.17,0.4,15.89,-13.69535542,90.66418457,-182.1198578,48.612081435790266,target-only,2.0,33,1,0,5.897795979691145,3.826370740159937,1.1739836371273649,0.0546412657555305,0.0539087757100752,1,1
experiment_results1.csv,perturbation_run,perturbation_gap,1,2026-04-21T19:58:14+08:00,20260421_195814_979995,controlled_perturbation_study,CTChest,perspective,tp_-13.70_90.66_-182.12,Near,1,CTChest__perspective__tp_-13.70_90.66_-182.12__shot2_16.17__shot3m3m1_0.40__shot3m3m2_15.89,Low,1,16.17,0.4,15.89,-13.69535542,90.66418457,-182.1198578,48.612081435790266,target-only,2.0,34,1,0,3.875449822420687,0.8766845622732703,0.446594391477267,0.0546412657555305,0.0539087757100752,1,1
experiment_results1.csv,perturbation_run,perturbation_gap,1,2026-04-21T19:58:15+08:00,20260421_195815_392467,controlled_perturbation_study,CTChest,perspective,tp_-13.70_90.66_-182.12,Near,1,CTChest__perspective__tp_-13.70_90.66_-182.12__shot2_16.17__shot3m3m1_0.40__shot3m3m2_15.89,Low,1,16.17,0.4,15.89,-13.69535542,90.66418457,-182.1198578,48.612081435790266,target-only,2.0,35,1,0,1.4450200900886796,1.45747068087509,0.8338832210915094,0.0546412657555305,0.0539087757100752,1,1
experiment_results1.csv,perturbation_run,perturbation_gap,1,2026-04-21T19:58:15+08:00,20260421_195815_825600,controlled_perturbation_study,CTChest,perspective,tp_-13.70_90.66_-182.12,Near,1,CTChest__perspective__tp_-13.70_90.66_-182.12__shot2_16.17__shot3m3m1_0.40__shot3m3m2_15.89,Low,1,16.17,0.4,15.89,-13.69535542,90.66418457,-182.1198578,48.612081435790266,target-only,2.0,36,1,0,2.350274670387297,2.756237414333039,0.6940881641276602,0.0546412657555305,0.0539087757100752,1,1
experiment_results1.csv,perturbation_run,perturbation_gap,1,2026-04-21T19:58:16+08:00,20260421_195816_257688,controlled_perturbation_study,CTChest,perspective,tp_-13.70_90.66_-182.12,Near,1,CTChest__perspective__tp_-13.70_90.66_-182.12__shot2_16.17__shot3m3m1_0.40__shot3m3m2_15.89,Low,1,16.17,0.4,15.89,-13.69535542,90.66418457,-182.1198578,48.612081435790266,target-only,2.0,37,1,0,4.44896806120568,1.826607557965547,1.970794851863593,0.0546412657555305,0.0539087757100752,1,1
experiment_results1.csv,perturbation_run,perturbation_gap,1,2026-04-21T19:58:16+08:00,20260421_195816_680035,controlled_perturbation_study,CTChest,perspective,tp_-13.70_90.66_-182.12,Near,1,CTChest__perspective__tp_-13.70_90.66_-182.12__shot2_16.17__shot3m3m1_0.40__shot3m3m2_15.89,Low,1,16.17,0.4,15.89,-13.69535542,90.66418457,-182.1198578,48.612081435790266,target-only,2.0,38,1,0,1.5753116878854212,2.779867118989112,1.0393543720331964,0.0546412657555305,0.0539087757100752,1,1
experiment_results1.csv,perturbation_run,perturbation_gap,1,2026-04-21T19:58:17+08:00,20260421_195817_130198,controlled_perturbation_study,CTChest,perspective,tp_-13.70_90.66_-182.12,Near,1,CTChest__perspective__tp_-13.70_90.66_-182.12__shot2_16.17__shot3m3m1_0.40__shot3m3m2_15.89,Low,1,16.17,0.4,15.89,-13.69535542,90.66418457,-182.1198578,48.612081435790266,target-only,2.0,39,1,0,2.2189080918969872,1.881057492836604,1.3654051557907976,0.0546412657555305,0.0539087757100752,1,1
experiment_results1.csv,perturbation_run,perturbation_gap,1,2026-04-21T19:58:17+08:00,20260421_195817_518014,controlled_perturbation_study,CTChest,perspective,tp_-13.70_90.66_-182.12,Near,1,CTChest__perspective__tp_-13.70_90.66_-182.12__shot2_16.17__shot3m3m1_0.40__shot3m3m2_15.89,Low,1,16.17,0.4,15.89,-13.69535542,90.66418457,-182.1198578,48.612081435790266,target-only,2.0,40,1,0,3.3127784562400624,2.612844003576839,0.5148732091346143,0.0546412657555305,0.0539087757100752,1,1
experiment_results1.csv,perturbation_run,perturbation_gap,1,2026-04-21T19:58:17+08:00,20260421_195817_968009,controlled_perturbation_study,CTChest,perspective,tp_-13.70_90.66_-182.12,Near,1,CTChest__perspective__tp_-13.70_90.66_-182.12__shot2_16.17__shot3m3m1_0.40__shot3m3m2_15.89,Low,1,16.17,0.4,15.89,-13.69535542,90.66418457,-182.1198578,48.612081435790266,target-only,2.0,41,1,0,5.816797212311562,2.8867242856222943,1.95656820164026,0.0546412657555305,0.0539087757100752,1,1
experiment_results1.csv,perturbation_run,perturbation_gap,1,2026-04-21T19:58:18+08:00,20260421_195818_425338,controlled_perturbation_study,CTChest,perspective,tp_-13.70_90.66_-182.12,Near,1,CTChest__perspective__tp_-13.70_90.66_-182.12__shot2_16.17__shot3m3m1_0.40__shot3m3m2_15.89,Low,1,16.17,0.4,15.89,-13.69535542,90.66418457,-182.1198578,48.612081435790266,target-only,2.0,42,1,0,1.3479204669925595,1.2900695509458884,1.7638973822902222,0.0546412657555305,0.0539087757100752,1,1
experiment_results1.csv,perturbation_run,perturbation_gap,1,2026-04-21T19:58:18+08:00,20260421_195818_809556,controlled_perturbation_study,CTChest,perspective,tp_-13.70_90.66_-182.12,Near,1,CTChest__perspective__tp_-13.70_90.66_-182.12__shot2_16.17__shot3m3m1_0.40__shot3m3m2_15.89,Low,1,16.17,0.4,15.89,-13.69535542,90.66418457,-182.1198578,48.612081435790266,target-only,2.0,43,1,0,2.0876463593627834,1.7299444492785676,0.0654770992421902,0.0546412657555305,0.0539087757100752,1,1
experiment_results1.csv,perturbation_run,perturbation_gap,1,2026-04-21T19:58:19+08:00,20260421_195819_192047,controlled_perturbation_study,CTChest,perspective,tp_-13.70_90.66_-182.12,Near,1,CTChest__perspective__tp_-13.70_90.66_-182.12__shot2_16.17__shot3m3m1_0.40__shot3m3m2_15.89,Low,1,16.17,0.4,15.89,-13.69535542,90.66418457,-182.1198578,48.612081435790266,target-only,2.0,44,1,0,3.155667692228754,1.2630592297465135,1.6013033956663143,0.0546412657555305,0.0539087757100752,1,1
experiment_results1.csv,perturbation_run,perturbation_gap,1,2026-04-21T19:58:19+08:00,20260421_195819_636457,controlled_perturbation_study,CTChest,perspective,tp_-13.70_90.66_-182.12,Near,1,CTChest__perspective__tp_-13.70_90.66_-182.12__shot2_16.17__shot3m3m1_0.40__shot3m3m2_15.89,Low,1,16.17,0.4,15.89,-13.69535542,90.66418457,-182.1198578,48.612081435790266,target-only,2.0,45,1,0,2.4115613558845106,3.493102979810057,0.428544820108942,0.0546412657555305,0.0539087757100752,1,1
experiment_results1.csv,perturbation_run,perturbation_gap,1,2026-04-21T19:58:20+08:00,20260421_195820_087299,controlled_perturbation_study,CTChest,perspective,tp_-13.70_90.66_-182.12,Near,1,CTChest__perspective__tp_-13.70_90.66_-182.12__shot2_16.17__shot3m3m1_0.40__shot3m3m2_15.89,Low,1,16.17,0.4,15.89,-13.69535542,90.66418457,-182.1198578,48.612081435790266,target-only,2.0,46,1,0,1.5231594534063384,1.2606018241234065,1.3203230792791196,0.0546412657555305,0.0539087757100752,1,1
experiment_results1.csv,perturbation_run,perturbation_gap,1,2026-04-21T19:58:20+08:00,20260421_195820_471099,controlled_perturbation_study,CTChest,perspective,tp_-13.70_90.66_-182.12,Near,1,CTChest__perspective__tp_-13.70_90.66_-182.12__shot2_16.17__shot3m3m1_0.40__shot3m3m2_15.89,Low,1,16.17,0.4,15.89,-13.69535542,90.66418457,-182.1198578,48.612081435790266,target-only,2.0,47,1,0,1.1840064956608674,2.126895754473798,0.9506339900214652,0.0546412657555305,0.0539087757100752,1,1
experiment_results1.csv,perturbation_run,perturbation_gap,1,2026-04-21T19:58:20+08:00,20260421_195820_919241,controlled_perturbation_study,CTChest,perspective,tp_-13.70_90.66_-182.12,Near,1,CTChest__perspective__tp_-13.70_90.66_-182.12__shot2_16.17__shot3m3m1_0.40__shot3m3m2_15.89,Low,1,16.17,0.4,15.89,-13.69535542,90.66418457,-182.1198578,48.612081435790266,target-only,2.0,48,1,0,5.182648585945662,3.4944339190449853,1.812685079650956,0.0546412657555305,0.0539087757100752,1,1
experiment_results1.csv,perturbation_run,perturbation_gap,1,2026-04-21T19:58:21+08:00,20260421_195821_372457,controlled_perturbation_study,CTChest,perspective,tp_-13.70_90.66_-182.12,Near,1,CTChest__perspective__tp_-13.70_90.66_-182.12__shot2_16.17__shot3m3m1_0.40__shot3m3m2_15.89,Low,1,16.17,0.4,15.89,-13.69535542,90.66418457,-182.1198578,48.612081435790266,target-only,2.0,49,1,0,2.718748935640982,1.59056063838168,0.1116517126378025,0.0546412657555305,0.0539087757100752,1,1
experiment_results1.csv,perturbation_run,perturbation_gap,1,2026-04-21T19:58:21+08:00,20260421_195821_823987,controlled_perturbation_study,CTChest,perspective,tp_-13.70_90.66_-182.12,Near,1,CTChest__perspective__tp_-13.70_90.66_-182.12__shot2_16.17__shot3m3m1_0.40__shot3m3m2_15.89,Low,1,16.17,0.4,15.89,-13.69535542,90.66418457,-182.1198578,48.612081435790266,target-only,2.0,50,1,0,4.270270685538622,3.148436155521828,0.1061739988987,0.0546412657555305,0.0539087757100752,1,1
experiment_results1.csv,perturbation_run,perturbation_gap,1,2026-04-21T19:59:53+08:00,20260421_195953_287842,controlled_perturbation_study,CTChest,perspective,tp_-13.70_90.66_-182.12,Near,1,CTChest__perspective__tp_-13.70_90.66_-182.12__shot2_79.61__shot3m3m1_73.60__shot3m3m2_85.47,High,3,79.61,73.6,85.47,-13.69535542,90.66418457,-182.1198578,54.65451673226613,target-only,0.5,1,1,0,0.2938012459282411,0.3131399530000726,0.0860919274553215,0.0579080503732488,0.0576855980788051,1,1
experiment_results1.csv,perturbation_run,perturbation_gap,1,2026-04-21T19:59:53+08:00,20260421_195953_557560,controlled_perturbation_study,CTChest,perspective,tp_-13.70_90.66_-182.12,Near,1,CTChest__perspective__tp_-13.70_90.66_-182.12__shot2_79.61__shot3m3m1_73.60__shot3m3m2_85.47,High,3,79.61,73.6,85.47,-13.69535542,90.66418457,-182.1198578,54.65451673226613,target-only,0.5,2,1,0,0.4163423740617161,0.5130020396300942,0.0761958369434473,0.0579080503732488,0.0576855980788051,1,1
experiment_results1.csv,perturbation_run,perturbation_gap,1,2026-04-21T19:59:53+08:00,20260421_195953_826592,controlled_perturbation_study,CTChest,perspective,tp_-13.70_90.66_-182.12,Near,1,CTChest__perspective__tp_-13.70_90.66_-182.12__shot2_79.61__shot3m3m1_73.60__shot3m3m2_85.47,High,3,79.61,73.6,85.47,-13.69535542,90.66418457,-182.1198578,54.65451673226613,target-only,0.5,3,1,0,0.3296442802025367,0.4211514544484029,0.6271584613414143,0.0579080503732488,0.0576855980788051,1,1
experiment_results1.csv,perturbation_run,perturbation_gap,1,2026-04-21T19:59:54+08:00,20260421_195954_082314,controlled_perturbation_study,CTChest,perspective,tp_-13.70_90.66_-182.12,Near,1,CTChest__perspective__tp_-13.70_90.66_-182.12__shot2_79.61__shot3m3m1_73.60__shot3m3m2_85.47,High,3,79.61,73.6,85.47,-13.69535542,90.66418457,-182.1198578,54.65451673226613,target-only,0.5,4,1,0,0.4175785753987419,0.5243406295569388,0.12564793090425,0.0579080503732488,0.0576855980788051,1,1
experiment_results1.csv,perturbation_run,perturbation_gap,1,2026-04-21T19:59:54+08:00,20260421_195954_334967,controlled_perturbation_study,CTChest,perspective,tp_-13.70_90.66_-182.12,Near,1,CTChest__perspective__tp_-13.70_90.66_-182.12__shot2_79.61__shot3m3m1_73.60__shot3m3m2_85.47,High,3,79.61,73.6,85.47,-13.69535542,90.66418457,-182.1198578,54.65451673226613,target-only,0.5,5,1,0,0.2660832306266428,0.2383585724558388,0.6361064121915028,0.0579080503732488,0.0576855980788051,1,1
experiment_results1.csv,perturbation_run,perturbation_gap,1,2026-04-21T19:59:54+08:00,20260421_195954_557910,controlled_perturbation_study,CTChest,perspective,tp_-13.70_90.66_-182.12,Near,1,CTChest__perspective__tp_-13.70_90.66_-182.12__shot2_79.61__shot3m3m1_73.60__shot3m3m2_85.47,High,3,79.61,73.6,85.47,-13.69535542,90.66418457,-182.1198578,54.65451673226613,target-only,0.5,6,1,0,0.6462449660374889,1.3839750529934547,0.6615665372679681,0.0579080503732488,0.0576855980788051,1,1
experiment_results1.csv,perturbation_run,perturbation_gap,1,2026-04-21T19:59:54+08:00,20260421_195954_812949,controlled_perturbation_study,CTChest,perspective,tp_-13.70_90.66_-182.12,Near,1,CTChest__perspective__tp_-13.70_90.66_-182.12__shot2_79.61__shot3m3m1_73.60__shot3m3m2_85.47,High,3,79.61,73.6,85.47,-13.69535542,90.66418457,-182.1198578,54.65451673226613,target-only,0.5,7,1,0,0.4947189561107336,1.087394437555908,0.0524716116090508,0.0579080503732488,0.0576855980788051,1,1
experiment_results1.csv,perturbation_run,perturbation_gap,1,2026-04-21T19:59:55+08:00,20260421_195955_072762,controlled_perturbation_study,CTChest,perspective,tp_-13.70_90.66_-182.12,Near,1,CTChest__perspective__tp_-13.70_90.66_-182.12__shot2_79.61__shot3m3m1_73.60__shot3m3m2_85.47,High,3,79.61,73.6,85.47,-13.69535542,90.66418457,-182.1198578,54.65451673226613,target-only,0.5,8,1,0,0.2401237371788022,0.4125287198499236,0.3411680034859914,0.0579080503732488,0.0576855980788051,1,1
experiment_results1.csv,perturbation_run,perturbation_gap,1,2026-04-21T19:59:55+08:00,20260421_195955_297906,controlled_perturbation_study,CTChest,perspective,tp_-13.70_90.66_-182.12,Near,1,CTChest__perspective__tp_-13.70_90.66_-182.12__shot2_79.61__shot3m3m1_73.60__shot3m3m2_85.47,High,3,79.61,73.6,85.47,-13.69535542,90.66418457,-182.1198578,54.65451673226613,target-only,0.5,9,1,0,0.3551489634575601,0.759966454491961,0.6213280456126662,0.0579080503732488,0.0576855980788051,1,1
experiment_results1.csv,perturbation_run,perturbation_gap,1,2026-04-21T19:59:55+08:00,20260421_195955_557378,controlled_perturbation_study,CTChest,perspective,tp_-13.70_90.66_-182.12,Near,1,CTChest__perspective__tp_-13.70_90.66_-182.12__shot2_79.61__shot3m3m1_73.60__shot3m3m2_85.47,High,3,79.61,73.6,85.47,-13.69535542,90.66418457,-182.1198578,54.65451673226613,target-only,0.5,10,1,0,0.3659238591211146,0.7580595279078393,0.3126090971734954,0.0579080503732488,0.0576855980788051,1,1
experiment_results1.csv,perturbation_run,perturbation_gap,1,2026-04-21T19:59:55+08:00,20260421_195955_784297,controlled_perturbation_study,CTChest,perspective,tp_-13.70_90.66_-182.12,Near,1,CTChest__perspective__tp_-13.70_90.66_-182.12__shot2_79.61__shot3m3m1_73.60__shot3m3m2_85.47,High,3,79.61,73.6,85.47,-13.69535542,90.66418457,-182.1198578,54.65451673226613,target-only,0.5,11,1,0,0.3325101350555419,0.6591412307928122,0.0865290573005672,0.0579080503732488,0.0576855980788051,1,1
experiment_results1.csv,perturbation_run,perturbation_gap,1,2026-04-21T19:59:56+08:00,20260421_195956_047962,controlled_perturbation_study,CTChest,perspective,tp_-13.70_90.66_-182.12,Near,1,CTChest__perspective__tp_-13.70_90.66_-182.12__shot2_79.61__shot3m3m1_73.60__shot3m3m2_85.47,High,3,79.61,73.6,85.47,-13.69535542,90.66418457,-182.1198578,54.65451673226613,target-only,0.5,12,1,0,0.7163998003647838,1.5763301411057755,0.2198997705273734,0.0579080503732488,0.0576855980788051,1,1
experiment_results1.csv,perturbation_run,perturbation_gap,1,2026-04-21T19:59:56+08:00,20260421_195956_320886,controlled_perturbation_study,CTChest,perspective,tp_-13.70_90.66_-182.12,Near,1,CTChest__perspective__tp_-13.70_90.66_-182.12__shot2_79.61__shot3m3m1_73.60__shot3m3m2_85.47,High,3,79.61,73.6,85.47,-13.69535542,90.66418457,-182.1198578,54.65451673226613,target-only,0.5,13,1,0,0.6272263044937859,1.3256239173165478,0.1594363604111763,0.0579080503732488,0.0576855980788051,1,1
experiment_results1.csv,perturbation_run,perturbation_gap,1,2026-04-21T19:59:56+08:00,20260421_195956_596428,controlled_perturbation_study,CTChest,perspective,tp_-13.70_90.66_-182.12,Near,1,CTChest__perspective__tp_-13.70_90.66_-182.12__shot2_79.61__shot3m3m1_73.60__shot3m3m2_85.47,High,3,79.61,73.6,85.47,-13.69535542,90.66418457,-182.1198578,54.65451673226613,target-only,0.5,14,1,0,0.2747178474804479,0.5375091657285774,0.737091590639162,0.0579080503732488,0.0576855980788051,1,1
experiment_results1.csv,perturbation_run,perturbation_gap,1,2026-04-21T19:59:56+08:00,20260421_195956_870605,controlled_perturbation_study,CTChest,perspective,tp_-13.70_90.66_-182.12,Near,1,CTChest__perspective__tp_-13.70_90.66_-182.12__shot2_79.61__shot3m3m1_73.60__shot3m3m2_85.47,High,3,79.61,73.6,85.47,-13.69535542,90.66418457,-182.1198578,54.65451673226613,target-only,0.5,15,1,0,0.5696229587597434,1.0641219149024197,0.0348356496576565,0.0579080503732488,0.0576855980788051,1,1
experiment_results1.csv,perturbation_run,perturbation_gap,1,2026-04-21T19:59:57+08:00,20260421_195957_149794,controlled_perturbation_study,CTChest,perspective,tp_-13.70_90.66_-182.12,Near,1,CTChest__perspective__tp_-13.70_90.66_-182.12__shot2_79.61__shot3m3m1_73.60__shot3m3m2_85.47,High,3,79.61,73.6,85.47,-13.69535542,90.66418457,-182.1198578,54.65451673226613,target-only,0.5,16,1,0,0.384576173020532,0.8020530216755336,0.2286317659864706,0.0579080503732488,0.0576855980788051,1,1
experiment_results1.csv,perturbation_run,perturbation_gap,1,2026-04-21T19:59:57+08:00,20260421_195957_434521,controlled_perturbation_study,CTChest,perspective,tp_-13.70_90.66_-182.12,Near,1,CTChest__perspective__tp_-13.70_90.66_-182.12__shot2_79.61__shot3m3m1_73.60__shot3m3m2_85.47,High,3,79.61,73.6,85.47,-13.69535542,90.66418457,-182.1198578,54.65451673226613,target-only,0.5,17,1,0,0.6110990295492474,0.6946829284064879,0.5217124993158483,0.0579080503732488,0.0576855980788051,1,1
experiment_results1.csv,perturbation_run,perturbation_gap,1,2026-04-21T19:59:57+08:00,20260421_195957_718316,controlled_perturbation_study,CTChest,perspective,tp_-13.70_90.66_-182.12,Near,1,CTChest__perspective__tp_-13.70_90.66_-182.12__shot2_79.61__shot3m3m1_73.60__shot3m3m2_85.47,High,3,79.61,73.6,85.47,-13.69535542,90.66418457,-182.1198578,54.65451673226613,target-only,0.5,18,1,0,0.3349214496379822,0.5821382496263817,0.6116220211247658,0.0579080503732488,0.0576855980788051,1,1
experiment_results1.csv,perturbation_run,perturbation_gap,1,2026-04-21T19:59:58+08:00,20260421_195958_011754,controlled_perturbation_study,CTChest,perspective,tp_-13.70_90.66_-182.12,Near,1,CTChest__perspective__tp_-13.70_90.66_-182.12__shot2_79.61__shot3m3m1_73.60__shot3m3m2_85.47,High,3,79.61,73.6,85.47,-13.69535542,90.66418457,-182.1198578,54.65451673226613,target-only,0.5,19,1,0,0.0551872676145203,0.0825461715516003,0.6732496570345151,0.0579080503732488,0.0576855980788051,1,1
experiment_results1.csv,perturbation_run,perturbation_gap,1,2026-04-21T19:59:58+08:00,20260421_195958_300703,controlled_perturbation_study,CTChest,perspective,tp_-13.70_90.66_-182.12,Near,1,CTChest__perspective__tp_-13.70_90.66_-182.12__shot2_79.61__shot3m3m1_73.60__shot3m3m2_85.47,High,3,79.61,73.6,85.47,-13.69535542,90.66418457,-182.1198578,54.65451673226613,target-only,0.5,20,1,0,0.1796925470719714,0.366502247636466,0.210150787887148,0.0579080503732488,0.0576855980788051,1,1
experiment_results1.csv,perturbation_run,perturbation_gap,1,2026-04-21T19:59:58+08:00,20260421_195958_551765,controlled_perturbation_study,CTChest,perspective,tp_-13.70_90.66_-182.12,Near,1,CTChest__perspective__tp_-13.70_90.66_-182.12__shot2_79.61__shot3m3m1_73.60__shot3m3m2_85.47,High,3,79.61,73.6,85.47,-13.69535542,90.66418457,-182.1198578,54.65451673226613,target-only,0.5,21,1,0,0.536095932138755,1.189163592110295,0.0608357832630288,0.0579080503732488,0.0576855980788051,1,1
experiment_results1.csv,perturbation_run,perturbation_gap,1,2026-04-21T19:59:58+08:00,20260421_195958_799761,controlled_perturbation_study,CTChest,perspective,tp_-13.70_90.66_-182.12,Near,1,CTChest__perspective__tp_-13.70_90.66_-182.12__shot2_79.61__shot3m3m1_73.60__shot3m3m2_85.47,High,3,79.61,73.6,85.47,-13.69535542,90.66418457,-182.1198578,54.65451673226613,target-only,0.5,22,1,0,0.2525709831472107,0.548753835965086,0.4784486680945679,0.0579080503732488,0.0576855980788051,1,1
experiment_results1.csv,perturbation_run,perturbation_gap,1,2026-04-21T19:59:59+08:00,20260421_195959_050625,controlled_perturbation_study,CTChest,perspective,tp_-13.70_90.66_-182.12,Near,1,CTChest__perspective__tp_-13.70_90.66_-182.12__shot2_79.61__shot3m3m1_73.60__shot3m3m2_85.47,High,3,79.61,73.6,85.47,-13.69535542,90.66418457,-182.1198578,54.65451673226613,target-only,0.5,23,1,0,0.1367273685492455,0.2694484966320463,0.0071602604480165,0.0579080503732488,0.0576855980788051,1,1
experiment_results1.csv,perturbation_run,perturbation_gap,1,2026-04-21T19:59:59+08:00,20260421_195959_301460,controlled_perturbation_study,CTChest,perspective,tp_-13.70_90.66_-182.12,Near,1,CTChest__perspective__tp_-13.70_90.66_-182.12__shot2_79.61__shot3m3m1_73.60__shot3m3m2_85.47,High,3,79.61,73.6,85.47,-13.69535542,90.66418457,-182.1198578,54.65451673226613,target-only,0.5,24,1,0,0.3569052814853642,0.7237755056668702,0.3267135902561253,0.0579080503732488,0.0576855980788051,1,1
experiment_results1.csv,perturbation_run,perturbation_gap,1,2026-04-21T19:59:59+08:00,20260421_195959_586051,controlled_perturbation_study,CTChest,perspective,tp_-13.70_90.66_-182.12,Near,1,CTChest__perspective__tp_-13.70_90.66_-182.12__shot2_79.61__shot3m3m1_73.60__shot3m3m2_85.47,High,3,79.61,73.6,85.47,-13.69535542,90.66418457,-182.1198578,54.65451673226613,target-only,0.5,25,1,0,0.1588852627607953,0.3643875414571605,0.1263788889330422,0.0579080503732488,0.0576855980788051,1,1
experiment_results1.csv,perturbation_run,perturbation_gap,1,2026-04-21T19:59:59+08:00,20260421_195959_869475,controlled_perturbation_study,CTChest,perspective,tp_-13.70_90.66_-182.12,Near,1,CTChest__perspective__tp_-13.70_90.66_-182.12__shot2_79.61__shot3m3m1_73.60__shot3m3m2_85.47,High,3,79.61,73.6,85.47,-13.69535542,90.66418457,-182.1198578,54.65451673226613,target-only,0.5,26,1,0,0.1712023577740341,0.274759863620547,0.3150729157648256,0.0579080503732488,0.0576855980788051,1,1
experiment_results1.csv,perturbation_run,perturbation_gap,1,2026-04-21T20:00:00+08:00,20260421_200000_124227,controlled_perturbation_study,CTChest,perspective,tp_-13.70_90.66_-182.12,Near,1,CTChest__perspective__tp_-13.70_90.66_-182.12__shot2_79.61__shot3m3m1_73.60__shot3m3m2_85.47,High,3,79.61,73.6,85.47,-13.69535542,90.66418457,-182.1198578,54.65451673226613,target-only,0.5,27,1,0,0.3804650521677148,0.7545082869077123,0.150148107469024,0.0579080503732488,0.0576855980788051,1,1
experiment_results1.csv,perturbation_run,perturbation_gap,1,2026-04-21T20:00:00+08:00,20260421_200000_406852,controlled_perturbation_study,CTChest,perspective,tp_-13.70_90.66_-182.12,Near,1,CTChest__perspective__tp_-13.70_90.66_-182.12__shot2_79.61__shot3m3m1_73.60__shot3m3m2_85.47,High,3,79.61,73.6,85.47,-13.69535542,90.66418457,-182.1198578,54.65451673226613,target-only,0.5,28,1,0,0.3025723394476508,0.4832467485835165,0.2291056628994917,0.0579080503732488,0.0576855980788051,1,1
experiment_results1.csv,perturbation_run,perturbation_gap,1,2026-04-21T20:00:00+08:00,20260421_200000_689558,controlled_perturbation_study,CTChest,perspective,tp_-13.70_90.66_-182.12,Near,1,CTChest__perspective__tp_-13.70_90.66_-182.12__shot2_79.61__shot3m3m1_73.60__shot3m3m2_85.47,High,3,79.61,73.6,85.47,-13.69535542,90.66418457,-182.1198578,54.65451673226613,target-only,0.5,29,1,0,0.3300566322953918,0.6418133358595912,0.2804869661116145,0.0579080503732488,0.0576855980788051,1,1
experiment_results1.csv,perturbation_run,perturbation_gap,1,2026-04-21T20:00:00+08:00,20260421_200000_917964,controlled_perturbation_study,CTChest,perspective,tp_-13.70_90.66_-182.12,Near,1,CTChest__perspective__tp_-13.70_90.66_-182.12__shot2_79.61__shot3m3m1_73.60__shot3m3m2_85.47,High,3,79.61,73.6,85.47,-13.69535542,90.66418457,-182.1198578,54.65451673226613,target-only,0.5,30,1,0,0.1694230865469402,0.3344404253200941,0.6416826973449802,0.0579080503732488,0.0576855980788051,1,1
experiment_results1.csv,perturbation_run,perturbation_gap,1,2026-04-21T20:00:01+08:00,20260421_200001_142985,controlled_perturbation_study,CTChest,perspective,tp_-13.70_90.66_-182.12,Near,1,CTChest__perspective__tp_-13.70_90.66_-182.12__shot2_79.61__shot3m3m1_73.60__shot3m3m2_85.47,High,3,79.61,73.6,85.47,-13.69535542,90.66418457,-182.1198578,54.65451673226613,target-only,0.5,31,1,0,0.4768518576107974,0.9879804596297131,0.1590150385643441,0.0579080503732488,0.0576855980788051,1,1
experiment_results1.csv,perturbation_run,perturbation_gap,1,2026-04-21T20:00:01+08:00,20260421_200001_395770,controlled_perturbation_study,CTChest,perspective,tp_-13.70_90.66_-182.12,Near,1,CTChest__perspective__tp_-13.70_90.66_-182.12__shot2_79.61__shot3m3m1_73.60__shot3m3m2_85.47,High,3,79.61,73.6,85.47,-13.69535542,90.66418457,-182.1198578,54.65451673226613,target-only,0.5,32,1,0,0.2917700972545359,0.4903311003897505,0.1851583894577606,0.0579080503732488,0.0576855980788051,1,1
experiment_results1.csv,perturbation_run,perturbation_gap,1,2026-04-21T20:00:01+08:00,20260421_200001_619413,controlled_perturbation_study,CTChest,perspective,tp_-13.70_90.66_-182.12,Near,1,CTChest__perspective__tp_-13.70_90.66_-182.12__shot2_79.61__shot3m3m1_73.60__shot3m3m2_85.47,High,3,79.61,73.6,85.47,-13.69535542,90.66418457,-182.1198578,54.65451673226613,target-only,0.5,33,1,0,0.4233749120021958,0.9111363186801796,0.2892430095981251,0.0579080503732488,0.0576855980788051,1,1
experiment_results1.csv,perturbation_run,perturbation_gap,1,2026-04-21T20:00:01+08:00,20260421_200001_845246,controlled_perturbation_study,CTChest,perspective,tp_-13.70_90.66_-182.12,Near,1,CTChest__perspective__tp_-13.70_90.66_-182.12__shot2_79.61__shot3m3m1_73.60__shot3m3m2_85.47,High,3,79.61,73.6,85.47,-13.69535542,90.66418457,-182.1198578,54.65451673226613,target-only,0.5,34,1,0,0.5690705416727077,1.16821180760876,0.4684018295449476,0.0579080503732488,0.0576855980788051,1,1
experiment_results1.csv,perturbation_run,perturbation_gap,1,2026-04-21T20:00:02+08:00,20260421_200002_098158,controlled_perturbation_study,CTChest,perspective,tp_-13.70_90.66_-182.12,Near,1,CTChest__perspective__tp_-13.70_90.66_-182.12__shot2_79.61__shot3m3m1_73.60__shot3m3m2_85.47,High,3,79.61,73.6,85.47,-13.69535542,90.66418457,-182.1198578,54.65451673226613,target-only,0.5,35,1,0,0.1450701243433283,0.1659114712335906,0.7106828068116011,0.0579080503732488,0.0576855980788051,1,1
experiment_results1.csv,perturbation_run,perturbation_gap,1,2026-04-21T20:00:02+08:00,20260421_200002_343057,controlled_perturbation_study,CTChest,perspective,tp_-13.70_90.66_-182.12,Near,1,CTChest__perspective__tp_-13.70_90.66_-182.12__shot2_79.61__shot3m3m1_73.60__shot3m3m2_85.47,High,3,79.61,73.6,85.47,-13.69535542,90.66418457,-182.1198578,54.65451673226613,target-only,0.5,36,1,0,0.5236001458754067,0.9415269840541324,0.3119747713776124,0.0579080503732488,0.0576855980788051,1,1
experiment_results1.csv,perturbation_run,perturbation_gap,1,2026-04-21T20:00:02+08:00,20260421_200002_597061,controlled_perturbation_study,CTChest,perspective,tp_-13.70_90.66_-182.12,Near,1,CTChest__perspective__tp_-13.70_90.66_-182.12__shot2_79.61__shot3m3m1_73.60__shot3m3m2_85.47,High,3,79.61,73.6,85.47,-13.69535542,90.66418457,-182.1198578,54.65451673226613,target-only,0.5,37,1,0,0.1584039823688521,0.2466304481597173,0.1860231720902787,0.0579080503732488,0.0576855980788051,1,1
experiment_results1.csv,perturbation_run,perturbation_gap,1,2026-04-21T20:00:02+08:00,20260421_200002_850586,controlled_perturbation_study,CTChest,perspective,tp_-13.70_90.66_-182.12,Near,1,CTChest__perspective__tp_-13.70_90.66_-182.12__shot2_79.61__shot3m3m1_73.60__shot3m3m2_85.47,High,3,79.61,73.6,85.47,-13.69535542,90.66418457,-182.1198578,54.65451673226613,target-only,0.5,38,1,0,0.3079158695446742,0.263876039595717,0.0937019378513288,0.0579080503732488,0.0576855980788051,1,1
experiment_results1.csv,perturbation_run,perturbation_gap,1,2026-04-21T20:00:03+08:00,20260421_200003_072182,controlled_perturbation_study,CTChest,perspective,tp_-13.70_90.66_-182.12,Near,1,CTChest__perspective__tp_-13.70_90.66_-182.12__shot2_79.61__shot3m3m1_73.60__shot3m3m2_85.47,High,3,79.61,73.6,85.47,-13.69535542,90.66418457,-182.1198578,54.65451673226613,target-only,0.5,39,1,0,0.1561107814069625,0.3529165700611248,0.7759537638903984,0.0579080503732488,0.0576855980788051,1,1
experiment_results1.csv,perturbation_run,perturbation_gap,1,2026-04-21T20:00:03+08:00,20260421_200003_295763,controlled_perturbation_study,CTChest,perspective,tp_-13.70_90.66_-182.12,Near,1,CTChest__perspective__tp_-13.70_90.66_-182.12__shot2_79.61__shot3m3m1_73.60__shot3m3m2_85.47,High,3,79.61,73.6,85.47,-13.69535542,90.66418457,-182.1198578,54.65451673226613,target-only,0.5,40,1,0,0.4604281596542077,0.9344845978387664,0.5650023778281775,0.0579080503732488,0.0576855980788051,1,1
experiment_results1.csv,perturbation_run,perturbation_gap,1,2026-04-21T20:00:03+08:00,20260421_200003_562654,controlled_perturbation_study,CTChest,perspective,tp_-13.70_90.66_-182.12,Near,1,CTChest__perspective__tp_-13.70_90.66_-182.12__shot2_79.61__shot3m3m1_73.60__shot3m3m2_85.47,High,3,79.61,73.6,85.47,-13.69535542,90.66418457,-182.1198578,54.65451673226613,target-only,0.5,41,1,0,0.0583688690717763,0.1069149538332029,0.0326459616269422,0.0579080503732488,0.0576855980788051,1,1
experiment_results1.csv,perturbation_run,perturbation_gap,1,2026-04-21T20:00:03+08:00,20260421_200003_835913,controlled_perturbation_study,CTChest,perspective,tp_-13.70_90.66_-182.12,Near,1,CTChest__perspective__tp_-13.70_90.66_-182.12__shot2_79.61__shot3m3m1_73.60__shot3m3m2_85.47,High,3,79.61,73.6,85.47,-13.69535542,90.66418457,-182.1198578,54.65451673226613,target-only,0.5,42,1,0,0.267440222193024,0.0820580922098268,0.6417767579767947,0.0579080503732488,0.0576855980788051,1,1
experiment_results1.csv,perturbation_run,perturbation_gap,1,2026-04-21T20:00:04+08:00,20260421_200004_107517,controlled_perturbation_study,CTChest,perspective,tp_-13.70_90.66_-182.12,Near,1,CTChest__perspective__tp_-13.70_90.66_-182.12__shot2_79.61__shot3m3m1_73.60__shot3m3m2_85.47,High,3,79.61,73.6,85.47,-13.69535542,90.66418457,-182.1198578,54.65451673226613,target-only,0.5,43,1,0,0.330547953125705,0.5572318786161368,0.2909195697880892,0.0579080503732488,0.0576855980788051,1,1
experiment_results1.csv,perturbation_run,perturbation_gap,1,2026-04-21T20:00:04+08:00,20260421_200004_353081,controlled_perturbation_study,CTChest,perspective,tp_-13.70_90.66_-182.12,Near,1,CTChest__perspective__tp_-13.70_90.66_-182.12__shot2_79.61__shot3m3m1_73.60__shot3m3m2_85.47,High,3,79.61,73.6,85.47,-13.69535542,90.66418457,-182.1198578,54.65451673226613,target-only,0.5,44,1,0,0.5143406756658055,1.06817988702876,0.1007367729976099,0.0579080503732488,0.0576855980788051,1,1
experiment_results1.csv,perturbation_run,perturbation_gap,1,2026-04-21T20:00:04+08:00,20260421_200004_633455,controlled_perturbation_study,CTChest,perspective,tp_-13.70_90.66_-182.12,Near,1,CTChest__perspective__tp_-13.70_90.66_-182.12__shot2_79.61__shot3m3m1_73.60__shot3m3m2_85.47,High,3,79.61,73.6,85.47,-13.69535542,90.66418457,-182.1198578,54.65451673226613,target-only,0.5,45,1,0,0.5002237038445769,1.1163268394836845,0.6381960263886964,0.0579080503732488,0.0576855980788051,1,1
experiment_results1.csv,perturbation_run,perturbation_gap,1,2026-04-21T20:00:04+08:00,20260421_200004_888029,controlled_perturbation_study,CTChest,perspective,tp_-13.70_90.66_-182.12,Near,1,CTChest__perspective__tp_-13.70_90.66_-182.12__shot2_79.61__shot3m3m1_73.60__shot3m3m2_85.47,High,3,79.61,73.6,85.47,-13.69535542,90.66418457,-182.1198578,54.65451673226613,target-only,0.5,46,1,0,0.7042811698323888,1.3714462947577062,0.0277181801349295,0.0579080503732488,0.0576855980788051,1,1
experiment_results1.csv,perturbation_run,perturbation_gap,1,2026-04-21T20:00:05+08:00,20260421_200005_175797,controlled_perturbation_study,CTChest,perspective,tp_-13.70_90.66_-182.12,Near,1,CTChest__perspective__tp_-13.70_90.66_-182.12__shot2_79.61__shot3m3m1_73.60__shot3m3m2_85.47,High,3,79.61,73.6,85.47,-13.69535542,90.66418457,-182.1198578,54.65451673226613,target-only,0.5,47,1,0,0.4773654450861473,1.0371224316012972,0.3213574882915867,0.0579080503732488,0.0576855980788051,1,1
experiment_results1.csv,perturbation_run,perturbation_gap,1,2026-04-21T20:00:05+08:00,20260421_200005_456828,controlled_perturbation_study,CTChest,perspective,tp_-13.70_90.66_-182.12,Near,1,CTChest__perspective__tp_-13.70_90.66_-182.12__shot2_79.61__shot3m3m1_73.60__shot3m3m2_85.47,High,3,79.61,73.6,85.47,-13.69535542,90.66418457,-182.1198578,54.65451673226613,target-only,0.5,48,1,0,0.5143257402205761,1.1189119807296368,0.8464947618050613,0.0579080503732488,0.0576855980788051,1,1
experiment_results1.csv,perturbation_run,perturbation_gap,1,2026-04-21T20:00:05+08:00,20260421_200005_706826,controlled_perturbation_study,CTChest,perspective,tp_-13.70_90.66_-182.12,Near,1,CTChest__perspective__tp_-13.70_90.66_-182.12__shot2_79.61__shot3m3m1_73.60__shot3m3m2_85.47,High,3,79.61,73.6,85.47,-13.69535542,90.66418457,-182.1198578,54.65451673226613,target-only,0.5,49,1,0,0.6762394452993165,1.458589780189086,0.4479564335080829,0.0579080503732488,0.0576855980788051,1,1
experiment_results1.csv,perturbation_run,perturbation_gap,1,2026-04-21T20:00:05+08:00,20260421_200005_994367,controlled_perturbation_study,CTChest,perspective,tp_-13.70_90.66_-182.12,Near,1,CTChest__perspective__tp_-13.70_90.66_-182.12__shot2_79.61__shot3m3m1_73.60__shot3m3m2_85.47,High,3,79.61,73.6,85.47,-13.69535542,90.66418457,-182.1198578,54.65451673226613,target-only,0.5,50,1,0,0.5376128606496164,0.7934340689013489,0.377252503530317,0.0579080503732488,0.0576855980788051,1,1
experiment_results1.csv,perturbation_run,perturbation_gap,1,2026-04-21T20:00:15+08:00,20260421_200015_116389,controlled_perturbation_study,CTChest,perspective,tp_-13.70_90.66_-182.12,Near,1,CTChest__perspective__tp_-13.70_90.66_-182.12__shot2_79.61__shot3m3m1_73.60__shot3m3m2_85.47,High,3,79.61,73.6,85.47,-13.69535542,90.66418457,-182.1198578,54.65451673226613,target-only,1.0,1,1,0,0.4509733181729515,0.8008982713917957,0.2416739265631713,0.0579080503732488,0.0576855980788051,1,1
experiment_results1.csv,perturbation_run,perturbation_gap,1,2026-04-21T20:00:15+08:00,20260421_200015_347684,controlled_perturbation_study,CTChest,perspective,tp_-13.70_90.66_-182.12,Near,1,CTChest__perspective__tp_-13.70_90.66_-182.12__shot2_79.61__shot3m3m1_73.60__shot3m3m2_85.47,High,3,79.61,73.6,85.47,-13.69535542,90.66418457,-182.1198578,54.65451673226613,target-only,1.0,2,1,0,1.2980098217245917,2.6459451088019468,1.0497279078373596,0.0579080503732488,0.0576855980788051,1,1
experiment_results1.csv,perturbation_run,perturbation_gap,1,2026-04-21T20:00:15+08:00,20260421_200015_572929,controlled_perturbation_study,CTChest,perspective,tp_-13.70_90.66_-182.12,Near,1,CTChest__perspective__tp_-13.70_90.66_-182.12__shot2_79.61__shot3m3m1_73.60__shot3m3m2_85.47,High,3,79.61,73.6,85.47,-13.69535542,90.66418457,-182.1198578,54.65451673226613,target-only,1.0,3,1,0,1.2003716514077931,1.5579986276406392,0.0022160731007721,0.0579080503732488,0.0576855980788051,1,1
experiment_results1.csv,perturbation_run,perturbation_gap,1,2026-04-21T20:00:15+08:00,20260421_200015_826232,controlled_perturbation_study,CTChest,perspective,tp_-13.70_90.66_-182.12,Near,1,CTChest__perspective__tp_-13.70_90.66_-182.12__shot2_79.61__shot3m3m1_73.60__shot3m3m2_85.47,High,3,79.61,73.6,85.47,-13.69535542,90.66418457,-182.1198578,54.65451673226613,target-only,1.0,4,1,0,1.3122391676269467,2.521923966766582,0.4287913798554464,0.0579080503732488,0.0576855980788051,1,1
experiment_results1.csv,perturbation_run,perturbation_gap,1,2026-04-21T20:00:16+08:00,20260421_200016_074931,controlled_perturbation_study,CTChest,perspective,tp_-13.70_90.66_-182.12,Near,1,CTChest__perspective__tp_-13.70_90.66_-182.12__shot2_79.61__shot3m3m1_73.60__shot3m3m2_85.47,High,3,79.61,73.6,85.47,-13.69535542,90.66418457,-182.1198578,54.65451673226613,target-only,1.0,5,1,0,1.263008988180438,2.6719700360743928,0.3277604870122951,0.0579080503732488,0.0576855980788051,1,1
experiment_results1.csv,perturbation_run,perturbation_gap,1,2026-04-21T20:00:16+08:00,20260421_200016_343756,controlled_perturbation_study,CTChest,perspective,tp_-13.70_90.66_-182.12,Near,1,CTChest__perspective__tp_-13.70_90.66_-182.12__shot2_79.61__shot3m3m1_73.60__shot3m3m2_85.47,High,3,79.61,73.6,85.47,-13.69535542,90.66418457,-182.1198578,54.65451673226613,target-only,1.0,6,1,0,0.7287721273917637,1.5774842844061632,1.8338485643703315,0.0579080503732488,0.0576855980788051,1,1
experiment_results1.csv,perturbation_run,perturbation_gap,1,2026-04-21T20:00:16+08:00,20260421_200016_594350,controlled_perturbation_study,CTChest,perspective,tp_-13.70_90.66_-182.12,Near,1,CTChest__perspective__tp_-13.70_90.66_-182.12__shot2_79.61__shot3m3m1_73.60__shot3m3m2_85.47,High,3,79.61,73.6,85.47,-13.69535542,90.66418457,-182.1198578,54.65451673226613,target-only,1.0,7,1,0,1.1327385152239982,2.481077022736367,0.7776520983805063,0.0579080503732488,0.0576855980788051,1,1
experiment_results1.csv,perturbation_run,perturbation_gap,1,2026-04-21T20:00:16+08:00,20260421_200016_844478,controlled_perturbation_study,CTChest,perspective,tp_-13.70_90.66_-182.12,Near,1,CTChest__perspective__tp_-13.70_90.66_-182.12__shot2_79.61__shot3m3m1_73.60__shot3m3m2_85.47,High,3,79.61,73.6,85.47,-13.69535542,90.66418457,-182.1198578,54.65451673226613,target-only,1.0,8,1,0,1.2516102429845768,2.621791484542186,0.222031896452706,0.0579080503732488,0.0576855980788051,1,1
experiment_results1.csv,perturbation_run,perturbation_gap,1,2026-04-21T20:00:17+08:00,20260421_200017_095167,controlled_perturbation_study,CTChest,perspective,tp_-13.70_90.66_-182.12,Near,1,CTChest__perspective__tp_-13.70_90.66_-182.12__shot2_79.61__shot3m3m1_73.60__shot3m3m2_85.47,High,3,79.61,73.6,85.47,-13.69535542,90.66418457,-182.1198578,54.65451673226613,target-only,1.0,9,1,0,1.021720608901722,2.246524825043266,0.8164138185453418,0.0579080503732488,0.0576855980788051,1,1
experiment_results1.csv,perturbation_run,perturbation_gap,1,2026-04-21T20:00:17+08:00,20260421_200017_350446,controlled_perturbation_study,CTChest,perspective,tp_-13.70_90.66_-182.12,Near,1,CTChest__perspective__tp_-13.70_90.66_-182.12__shot2_79.61__shot3m3m1_73.60__shot3m3m2_85.47,High,3,79.61,73.6,85.47,-13.69535542,90.66418457,-182.1198578,54.65451673226613,target-only,1.0,10,1,0,0.1933657509354024,0.1422764574903671,0.0028943928400846,0.0579080503732488,0.0576855980788051,1,1
experiment_results1.csv,perturbation_run,perturbation_gap,1,2026-04-21T20:00:17+08:00,20260421_200017_604726,controlled_perturbation_study,CTChest,perspective,tp_-13.70_90.66_-182.12,Near,1,CTChest__perspective__tp_-13.70_90.66_-182.12__shot2_79.61__shot3m3m1_73.60__shot3m3m2_85.47,High,3,79.61,73.6,85.47,-13.69535542,90.66418457,-182.1198578,54.65451673226613,target-only,1.0,11,1,0,0.2657358331534973,0.5255262374877266,0.6178992176376777,0.0579080503732488,0.0576855980788051,1,1
experiment_results1.csv,perturbation_run,perturbation_gap,1,2026-04-21T20:00:17+08:00,20260421_200017_866375,controlled_perturbation_study,CTChest,perspective,tp_-13.70_90.66_-182.12,Near,1,CTChest__perspective__tp_-13.70_90.66_-182.12__shot2_79.61__shot3m3m1_73.60__shot3m3m2_85.47,High,3,79.61,73.6,85.47,-13.69535542,90.66418457,-182.1198578,54.65451673226613,target-only,1.0,12,1,0,0.6947144074216021,1.4229330070241095,0.6960579806114061,0.0579080503732488,0.0576855980788051,1,1
experiment_results1.csv,perturbation_run,perturbation_gap,1,2026-04-21T20:00:18+08:00,20260421_200018_100723,controlled_perturbation_study,CTChest,perspective,tp_-13.70_90.66_-182.12,Near,1,CTChest__perspective__tp_-13.70_90.66_-182.12__shot2_79.61__shot3m3m1_73.60__shot3m3m2_85.47,High,3,79.61,73.6,85.47,-13.69535542,90.66418457,-182.1198578,54.65451673226613,target-only,1.0,13,1,0,0.6137975373135216,1.2939294547315434,0.3165093018876671,0.0579080503732488,0.0576855980788051,1,1
experiment_results1.csv,perturbation_run,perturbation_gap,1,2026-04-21T20:00:18+08:00,20260421_200018_368177,controlled_perturbation_study,CTChest,perspective,tp_-13.70_90.66_-182.12,Near,1,CTChest__perspective__tp_-13.70_90.66_-182.12__shot2_79.61__shot3m3m1_73.60__shot3m3m2_85.47,High,3,79.61,73.6,85.47,-13.69535542,90.66418457,-182.1198578,54.65451673226613,target-only,1.0,14,1,0,0.3879778194541558,0.6642223470463037,0.3725771925683321,0.0579080503732488,0.0576855980788051,1,1
experiment_results1.csv,perturbation_run,perturbation_gap,1,2026-04-21T20:00:18+08:00,20260421_200018_642303,controlled_perturbation_study,CTChest,perspective,tp_-13.70_90.66_-182.12,Near,1,CTChest__perspective__tp_-13.70_90.66_-182.12__shot2_79.61__shot3m3m1_73.60__shot3m3m2_85.47,High,3,79.61,73.6,85.47,-13.69535542,90.66418457,-182.1198578,54.65451673226613,target-only,1.0,15,1,0,1.3626653014250731,2.971654907901422,0.4665979912497984,0.0579080503732488,0.0576855980788051,1,1
experiment_results1.csv,perturbation_run,perturbation_gap,1,2026-04-21T20:00:18+08:00,20260421_200018_913019,controlled_perturbation_study,CTChest,perspective,tp_-13.70_90.66_-182.12,Near,1,CTChest__perspective__tp_-13.70_90.66_-182.12__shot2_79.61__shot3m3m1_73.60__shot3m3m2_85.47,High,3,79.61,73.6,85.47,-13.69535542,90.66418457,-182.1198578,54.65451673226613,target-only,1.0,16,1,0,0.232221856198051,0.4278348082263329,0.0106976916872998,0.0579080503732488,0.0576855980788051,1,1
experiment_results1.csv,perturbation_run,perturbation_gap,1,2026-04-21T20:00:19+08:00,20260421_200019_189160,controlled_perturbation_study,CTChest,perspective,tp_-13.70_90.66_-182.12,Near,1,CTChest__perspective__tp_-13.70_90.66_-182.12__shot2_79.61__shot3m3m1_73.60__shot3m3m2_85.47,High,3,79.61,73.6,85.47,-13.69535542,90.66418457,-182.1198578,54.65451673226613,target-only,1.0,17,1,0,0.5901320707657168,1.2803241071245282,0.8284743693044394,0.0579080503732488,0.0576855980788051,1,1
experiment_results1.csv,perturbation_run,perturbation_gap,1,2026-04-21T20:00:19+08:00,20260421_200019_465452,controlled_perturbation_study,CTChest,perspective,tp_-13.70_90.66_-182.12,Near,1,CTChest__perspective__tp_-13.70_90.66_-182.12__shot2_79.61__shot3m3m1_73.60__shot3m3m2_85.47,High,3,79.61,73.6,85.47,-13.69535542,90.66418457,-182.1198578,54.65451673226613,target-only,1.0,18,1,0,0.460390701191087,1.0235091479675569,0.3717517390469744,0.0579080503732488,0.0576855980788051,1,1
experiment_results1.csv,perturbation_run,perturbation_gap,1,2026-04-21T20:00:19+08:00,20260421_200019_752628,controlled_perturbation_study,CTChest,perspective,tp_-13.70_90.66_-182.12,Near,1,CTChest__perspective__tp_-13.70_90.66_-182.12__shot2_79.61__shot3m3m1_73.60__shot3m3m2_85.47,High,3,79.61,73.6,85.47,-13.69535542,90.66418457,-182.1198578,54.65451673226613,target-only,1.0,19,1,0,0.6856261723802485,1.124328186950206,0.3595147576516881,0.0579080503732488,0.0576855980788051,1,1
experiment_results1.csv,perturbation_run,perturbation_gap,1,2026-04-21T20:00:20+08:00,20260421_200020_000401,controlled_perturbation_study,CTChest,perspective,tp_-13.70_90.66_-182.12,Near,1,CTChest__perspective__tp_-13.70_90.66_-182.12__shot2_79.61__shot3m3m1_73.60__shot3m3m2_85.47,High,3,79.61,73.6,85.47,-13.69535542,90.66418457,-182.1198578,54.65451673226613,target-only,1.0,20,1,0,1.0256250861283436,2.2641016219351617,0.2741655493267754,0.0579080503732488,0.0576855980788051,1,1
experiment_results1.csv,perturbation_run,perturbation_gap,1,2026-04-21T20:00:20+08:00,20260421_200020_286148,controlled_perturbation_study,CTChest,perspective,tp_-13.70_90.66_-182.12,Near,1,CTChest__perspective__tp_-13.70_90.66_-182.12__shot2_79.61__shot3m3m1_73.60__shot3m3m2_85.47,High,3,79.61,73.6,85.47,-13.69535542,90.66418457,-182.1198578,54.65451673226613,target-only,1.0,21,1,0,1.6644520271924408,3.6617242952025393,1.5424432272441928,0.0579080503732488,0.0576855980788051,1,1
experiment_results1.csv,perturbation_run,perturbation_gap,1,2026-04-21T20:00:20+08:00,20260421_200020_536055,controlled_perturbation_study,CTChest,perspective,tp_-13.70_90.66_-182.12,Near,1,CTChest__perspective__tp_-13.70_90.66_-182.12__shot2_79.61__shot3m3m1_73.60__shot3m3m2_85.47,High,3,79.61,73.6,85.47,-13.69535542,90.66418457,-182.1198578,54.65451673226613,target-only,1.0,22,1,0,0.3473308516156073,0.6830348555310147,0.9750861721787202,0.0579080503732488,0.0576855980788051,1,1
experiment_results1.csv,perturbation_run,perturbation_gap,1,2026-04-21T20:00:20+08:00,20260421_200020_824430,controlled_perturbation_study,CTChest,perspective,tp_-13.70_90.66_-182.12,Near,1,CTChest__perspective__tp_-13.70_90.66_-182.12__shot2_79.61__shot3m3m1_73.60__shot3m3m2_85.47,High,3,79.61,73.6,85.47,-13.69535542,90.66418457,-182.1198578,54.65451673226613,target-only,1.0,23,1,0,1.2776858956449455,2.793805293149857,1.0160983230480252,0.0579080503732488,0.0576855980788051,1,1
experiment_results1.csv,perturbation_run,perturbation_gap,1,2026-04-21T20:00:21+08:00,20260421_200021_105586,controlled_perturbation_study,CTChest,perspective,tp_-13.70_90.66_-182.12,Near,1,CTChest__perspective__tp_-13.70_90.66_-182.12__shot2_79.61__shot3m3m1_73.60__shot3m3m2_85.47,High,3,79.61,73.6,85.47,-13.69535542,90.66418457,-182.1198578,54.65451673226613,target-only,1.0,24,1,0,1.2841360867332456,2.640975324716286,0.2747171659171167,0.0579080503732488,0.0576855980788051,1,1
experiment_results1.csv,perturbation_run,perturbation_gap,1,2026-04-21T20:00:21+08:00,20260421_200021_389646,controlled_perturbation_study,CTChest,perspective,tp_-13.70_90.66_-182.12,Near,1,CTChest__perspective__tp_-13.70_90.66_-182.12__shot2_79.61__shot3m3m1_73.60__shot3m3m2_85.47,High,3,79.61,73.6,85.47,-13.69535542,90.66418457,-182.1198578,54.65451673226613,target-only,1.0,25,1,0,0.9219014904046798,1.7409567677023985,1.096849912433825,0.0579080503732488,0.0576855980788051,1,1
experiment_results1.csv,perturbation_run,perturbation_gap,1,2026-04-21T20:00:21+08:00,20260421_200021_641096,controlled_perturbation_study,CTChest,perspective,tp_-13.70_90.66_-182.12,Near,1,CTChest__perspective__tp_-13.70_90.66_-182.12__shot2_79.61__shot3m3m1_73.60__shot3m3m2_85.47,High,3,79.61,73.6,85.47,-13.69535542,90.66418457,-182.1198578,54.65451673226613,target-only,1.0,26,1,0,0.2982966882866241,0.2702966280675154,0.8169308815989607,0.0579080503732488,0.0576855980788051,1,1
experiment_results1.csv,perturbation_run,perturbation_gap,1,2026-04-21T20:00:21+08:00,20260421_200021_930481,controlled_perturbation_study,CTChest,perspective,tp_-13.70_90.66_-182.12,Near,1,CTChest__perspective__tp_-13.70_90.66_-182.12__shot2_79.61__shot3m3m1_73.60__shot3m3m2_85.47,High,3,79.61,73.6,85.47,-13.69535542,90.66418457,-182.1198578,54.65451673226613,target-only,1.0,27,1,0,0.9129622155338656,0.8878166970448366,0.6855415641411039,0.0579080503732488,0.0576855980788051,1,1
experiment_results1.csv,perturbation_run,perturbation_gap,1,2026-04-21T20:00:22+08:00,20260421_200022_182797,controlled_perturbation_study,CTChest,perspective,tp_-13.70_90.66_-182.12,Near,1,CTChest__perspective__tp_-13.70_90.66_-182.12__shot2_79.61__shot3m3m1_73.60__shot3m3m2_85.47,High,3,79.61,73.6,85.47,-13.69535542,90.66418457,-182.1198578,54.65451673226613,target-only,1.0,28,1,0,1.0764063688335677,2.072665684601014,1.289156426412837,0.0579080503732488,0.0576855980788051,1,1
experiment_results1.csv,perturbation_run,perturbation_gap,1,2026-04-21T20:00:22+08:00,20260421_200022_437152,controlled_perturbation_study,CTChest,perspective,tp_-13.70_90.66_-182.12,Near,1,CTChest__perspective__tp_-13.70_90.66_-182.12__shot2_79.61__shot3m3m1_73.60__shot3m3m2_85.47,High,3,79.61,73.6,85.47,-13.69535542,90.66418457,-182.1198578,54.65451673226613,target-only,1.0,29,1,0,0.925256088651715,2.000662630034312,1.3410183896647516,0.0579080503732488,0.0576855980788051,1,1
experiment_results1.csv,perturbation_run,perturbation_gap,1,2026-04-21T20:00:22+08:00,20260421_200022_721181,controlled_perturbation_study,CTChest,perspective,tp_-13.70_90.66_-182.12,Near,1,CTChest__perspective__tp_-13.70_90.66_-182.12__shot2_79.61__shot3m3m1_73.60__shot3m3m2_85.47,High,3,79.61,73.6,85.47,-13.69535542,90.66418457,-182.1198578,54.65451673226613,target-only,1.0,30,1,0,0.9574125719770944,2.081634229257563,0.4458798507897685,0.0579080503732488,0.0576855980788051,1,1
experiment_results1.csv,perturbation_run,perturbation_gap,1,2026-04-21T20:00:23+08:00,20260421_200023_017952,controlled_perturbation_study,CTChest,perspective,tp_-13.70_90.66_-182.12,Near,1,CTChest__perspective__tp_-13.70_90.66_-182.12__shot2_79.61__shot3m3m1_73.60__shot3m3m2_85.47,High,3,79.61,73.6,85.47,-13.69535542,90.66418457,-182.1198578,54.65451673226613,target-only,1.0,31,1,0,0.1620433035758915,0.2679900842482486,0.9557103035849038,0.0579080503732488,0.0576855980788051,1,1
experiment_results1.csv,perturbation_run,perturbation_gap,1,2026-04-21T20:00:23+08:00,20260421_200023_270658,controlled_perturbation_study,CTChest,perspective,tp_-13.70_90.66_-182.12,Near,1,CTChest__perspective__tp_-13.70_90.66_-182.12__shot2_79.61__shot3m3m1_73.60__shot3m3m2_85.47,High,3,79.61,73.6,85.47,-13.69535542,90.66418457,-182.1198578,54.65451673226613,target-only,1.0,32,1,0,1.3527574137680622,2.992592862457084,0.0942158137211482,0.0579080503732488,0.0576855980788051,1,1
experiment_results1.csv,perturbation_run,perturbation_gap,1,2026-04-21T20:00:23+08:00,20260421_200023_562742,controlled_perturbation_study,CTChest,perspective,tp_-13.70_90.66_-182.12,Near,1,CTChest__perspective__tp_-13.70_90.66_-182.12__shot2_79.61__shot3m3m1_73.60__shot3m3m2_85.47,High,3,79.61,73.6,85.47,-13.69535542,90.66418457,-182.1198578,54.65451673226613,target-only,1.0,33,1,0,1.6229395218966232,3.5640344917937434,0.3940213336416922,0.0579080503732488,0.0576855980788051,1,1
experiment_results1.csv,perturbation_run,perturbation_gap,1,2026-04-21T20:00:23+08:00,20260421_200023_847719,controlled_perturbation_study,CTChest,perspective,tp_-13.70_90.66_-182.12,Near,1,CTChest__perspective__tp_-13.70_90.66_-182.12__shot2_79.61__shot3m3m1_73.60__shot3m3m2_85.47,High,3,79.61,73.6,85.47,-13.69535542,90.66418457,-182.1198578,54.65451673226613,target-only,1.0,34,1,0,0.9835961432639226,2.1682573813357653,0.1693313675987859,0.0579080503732488,0.0576855980788051,1,1
experiment_results1.csv,perturbation_run,perturbation_gap,1,2026-04-21T20:00:24+08:00,20260421_200024_138517,controlled_perturbation_study,CTChest,perspective,tp_-13.70_90.66_-182.12,Near,1,CTChest__perspective__tp_-13.70_90.66_-182.12__shot2_79.61__shot3m3m1_73.60__shot3m3m2_85.47,High,3,79.61,73.6,85.47,-13.69535542,90.66418457,-182.1198578,54.65451673226613,target-only,1.0,35,1,0,0.5885919681302274,1.2397391681638048,0.6497872279360595,0.0579080503732488,0.0576855980788051,1,1
experiment_results1.csv,perturbation_run,perturbation_gap,1,2026-04-21T20:00:24+08:00,20260421_200024_421564,controlled_perturbation_study,CTChest,perspective,tp_-13.70_90.66_-182.12,Near,1,CTChest__perspective__tp_-13.70_90.66_-182.12__shot2_79.61__shot3m3m1_73.60__shot3m3m2_85.47,High,3,79.61,73.6,85.47,-13.69535542,90.66418457,-182.1198578,54.65451673226613,target-only,1.0,36,1,0,1.372003399383391,2.881296497016092,0.2672381464940765,0.0579080503732488,0.0576855980788051,1,1
experiment_results1.csv,perturbation_run,perturbation_gap,1,2026-04-21T20:00:24+08:00,20260421_200024_713474,controlled_perturbation_study,CTChest,perspective,tp_-13.70_90.66_-182.12,Near,1,CTChest__perspective__tp_-13.70_90.66_-182.12__shot2_79.61__shot3m3m1_73.60__shot3m3m2_85.47,High,3,79.61,73.6,85.47,-13.69535542,90.66418457,-182.1198578,54.65451673226613,target-only,1.0,37,1,0,0.8944051496240228,1.6584380705845716,0.488558904738996,0.0579080503732488,0.0576855980788051,1,1
experiment_results1.csv,perturbation_run,perturbation_gap,1,2026-04-21T20:00:24+08:00,20260421_200024_995658,controlled_perturbation_study,CTChest,perspective,tp_-13.70_90.66_-182.12,Near,1,CTChest__perspective__tp_-13.70_90.66_-182.12__shot2_79.61__shot3m3m1_73.60__shot3m3m2_85.47,High,3,79.61,73.6,85.47,-13.69535542,90.66418457,-182.1198578,54.65451673226613,target-only,1.0,38,1,0,0.3915723868184186,0.0870481788445128,0.5635817187928064,0.0579080503732488,0.0576855980788051,1,1
experiment_results1.csv,perturbation_run,perturbation_gap,1,2026-04-21T20:00:25+08:00,20260421_200025_286949,controlled_perturbation_study,CTChest,perspective,tp_-13.70_90.66_-182.12,Near,1,CTChest__perspective__tp_-13.70_90.66_-182.12__shot2_79.61__shot3m3m1_73.60__shot3m3m2_85.47,High,3,79.61,73.6,85.47,-13.69535542,90.66418457,-182.1198578,54.65451673226613,target-only,1.0,39,1,0,0.6929028075319752,1.374761942811402,0.2503203381746004,0.0579080503732488,0.0576855980788051,1,1
experiment_results1.csv,perturbation_run,perturbation_gap,1,2026-04-21T20:00:25+08:00,20260421_200025_567381,controlled_perturbation_study,CTChest,perspective,tp_-13.70_90.66_-182.12,Near,1,CTChest__perspective__tp_-13.70_90.66_-182.12__shot2_79.61__shot3m3m1_73.60__shot3m3m2_85.47,High,3,79.61,73.6,85.47,-13.69535542,90.66418457,-182.1198578,54.65451673226613,target-only,1.0,40,1,0,1.235873610439939,2.414932273754516,1.2932266731442592,0.0579080503732488,0.0576855980788051,1,1
experiment_results1.csv,perturbation_run,perturbation_gap,1,2026-04-21T20:00:25+08:00,20260421_200025_858797,controlled_perturbation_study,CTChest,perspective,tp_-13.70_90.66_-182.12,Near,1,CTChest__perspective__tp_-13.70_90.66_-182.12__shot2_79.61__shot3m3m1_73.60__shot3m3m2_85.47,High,3,79.61,73.6,85.47,-13.69535542,90.66418457,-182.1198578,54.65451673226613,target-only,1.0,41,1,0,0.4230023612143015,0.7547865455914964,0.4034024842936605,0.0579080503732488,0.0576855980788051,1,1
experiment_results1.csv,perturbation_run,perturbation_gap,1,2026-04-21T20:00:26+08:00,20260421_200026_134849,controlled_perturbation_study,CTChest,perspective,tp_-13.70_90.66_-182.12,Near,1,CTChest__perspective__tp_-13.70_90.66_-182.12__shot2_79.61__shot3m3m1_73.60__shot3m3m2_85.47,High,3,79.61,73.6,85.47,-13.69535542,90.66418457,-182.1198578,54.65451673226613,target-only,1.0,42,1,0,1.394471569898074,3.0722791485616514,0.0999878196906196,0.0579080503732488,0.0576855980788051,1,1
experiment_results1.csv,perturbation_run,perturbation_gap,1,2026-04-21T20:00:26+08:00,20260421_200026_423083,controlled_perturbation_study,CTChest,perspective,tp_-13.70_90.66_-182.12,Near,1,CTChest__perspective__tp_-13.70_90.66_-182.12__shot2_79.61__shot3m3m1_73.60__shot3m3m2_85.47,High,3,79.61,73.6,85.47,-13.69535542,90.66418457,-182.1198578,54.65451673226613,target-only,1.0,43,1,0,1.360206307569797,3.001038008190893,0.3586382245604647,0.0579080503732488,0.0576855980788051,1,1
experiment_results1.csv,perturbation_run,perturbation_gap,1,2026-04-21T20:00:26+08:00,20260421_200026_673525,controlled_perturbation_study,CTChest,perspective,tp_-13.70_90.66_-182.12,Near,1,CTChest__perspective__tp_-13.70_90.66_-182.12__shot2_79.61__shot3m3m1_73.60__shot3m3m2_85.47,High,3,79.61,73.6,85.47,-13.69535542,90.66418457,-182.1198578,54.65451673226613,target-only,1.0,44,1,0,0.7651383698493505,1.0329370607866697,1.2360726331633127,0.0579080503732488,0.0576855980788051,1,1
experiment_results1.csv,perturbation_run,perturbation_gap,1,2026-04-21T20:00:26+08:00,20260421_200026_965089,controlled_perturbation_study,CTChest,perspective,tp_-13.70_90.66_-182.12,Near,1,CTChest__perspective__tp_-13.70_90.66_-182.12__shot2_79.61__shot3m3m1_73.60__shot3m3m2_85.47,High,3,79.61,73.6,85.47,-13.69535542,90.66418457,-182.1198578,54.65451673226613,target-only,1.0,45,1,0,1.1777073501405264,2.367133598914897,0.0269854173572824,0.0579080503732488,0.0576855980788051,1,1
experiment_results1.csv,perturbation_run,perturbation_gap,1,2026-04-21T20:00:27+08:00,20260421_200027_251698,controlled_perturbation_study,CTChest,perspective,tp_-13.70_90.66_-182.12,Near,1,CTChest__perspective__tp_-13.70_90.66_-182.12__shot2_79.61__shot3m3m1_73.60__shot3m3m2_85.47,High,3,79.61,73.6,85.47,-13.69535542,90.66418457,-182.1198578,54.65451673226613,target-only,1.0,46,1,0,0.776758975952109,1.23745923349458,0.2938527022680464,0.0579080503732488,0.0576855980788051,1,1
experiment_results1.csv,perturbation_run,perturbation_gap,1,2026-04-21T20:00:27+08:00,20260421_200027_536141,controlled_perturbation_study,CTChest,perspective,tp_-13.70_90.66_-182.12,Near,1,CTChest__perspective__tp_-13.70_90.66_-182.12__shot2_79.61__shot3m3m1_73.60__shot3m3m2_85.47,High,3,79.61,73.6,85.47,-13.69535542,90.66418457,-182.1198578,54.65451673226613,target-only,1.0,47,1,0,1.2436031969526,2.695378450163703,0.7265655399619605,0.0579080503732488,0.0576855980788051,1,1
experiment_results1.csv,perturbation_run,perturbation_gap,1,2026-04-21T20:00:27+08:00,20260421_200027_851285,controlled_perturbation_study,CTChest,perspective,tp_-13.70_90.66_-182.12,Near,1,CTChest__perspective__tp_-13.70_90.66_-182.12__shot2_79.61__shot3m3m1_73.60__shot3m3m2_85.47,High,3,79.61,73.6,85.47,-13.69535542,90.66418457,-182.1198578,54.65451673226613,target-only,1.0,48,1,0,1.2735473878975985,2.791734406117813,0.3736875829069934,0.0579080503732488,0.0576855980788051,1,1
experiment_results1.csv,perturbation_run,perturbation_gap,1,2026-04-21T20:00:28+08:00,20260421_200028_130751,controlled_perturbation_study,CTChest,perspective,tp_-13.70_90.66_-182.12,Near,1,CTChest__perspective__tp_-13.70_90.66_-182.12__shot2_79.61__shot3m3m1_73.60__shot3m3m2_85.47,High,3,79.61,73.6,85.47,-13.69535542,90.66418457,-182.1198578,54.65451673226613,target-only,1.0,49,1,0,0.5424471032489789,0.8386053423845606,1.1810864407368913,0.0579080503732488,0.0576855980788051,1,1
experiment_results1.csv,perturbation_run,perturbation_gap,1,2026-04-21T20:00:28+08:00,20260421_200028_418020,controlled_perturbation_study,CTChest,perspective,tp_-13.70_90.66_-182.12,Near,1,CTChest__perspective__tp_-13.70_90.66_-182.12__shot2_79.61__shot3m3m1_73.60__shot3m3m2_85.47,High,3,79.61,73.6,85.47,-13.69535542,90.66418457,-182.1198578,54.65451673226613,target-only,1.0,50,1,0,1.3529749406822085,2.8430941446760447,0.6311958707943705,0.0579080503732488,0.0576855980788051,1,1
experiment_results1.csv,perturbation_run,perturbation_gap,1,2026-04-21T20:00:35+08:00,20260421_200035_741232,controlled_perturbation_study,CTChest,perspective,tp_-13.70_90.66_-182.12,Near,1,CTChest__perspective__tp_-13.70_90.66_-182.12__shot2_79.61__shot3m3m1_73.60__shot3m3m2_85.47,High,3,79.61,73.6,85.47,-13.69535542,90.66418457,-182.1198578,54.65451673226613,target-only,2.0,1,1,0,2.349681900975862,4.6899170083570905,0.7398755524076581,0.0579080503732488,0.0576855980788051,1,1
experiment_results1.csv,perturbation_run,perturbation_gap,1,2026-04-21T20:00:36+08:00,20260421_200036_002798,controlled_perturbation_study,CTChest,perspective,tp_-13.70_90.66_-182.12,Near,1,CTChest__perspective__tp_-13.70_90.66_-182.12__shot2_79.61__shot3m3m1_73.60__shot3m3m2_85.47,High,3,79.61,73.6,85.47,-13.69535542,90.66418457,-182.1198578,54.65451673226613,target-only,2.0,2,1,0,2.2751505176864355,4.280026906602771,0.1987478766217992,0.0579080503732488,0.0576855980788051,1,1
experiment_results1.csv,perturbation_run,perturbation_gap,1,2026-04-21T20:00:36+08:00,20260421_200036_288672,controlled_perturbation_study,CTChest,perspective,tp_-13.70_90.66_-182.12,Near,1,CTChest__perspective__tp_-13.70_90.66_-182.12__shot2_79.61__shot3m3m1_73.60__shot3m3m2_85.47,High,3,79.61,73.6,85.47,-13.69535542,90.66418457,-182.1198578,54.65451673226613,target-only,2.0,3,1,0,1.512111795635389,2.8520549384848546,0.1929352651277395,0.0579080503732488,0.0576855980788051,1,1
experiment_results1.csv,perturbation_run,perturbation_gap,1,2026-04-21T20:00:36+08:00,20260421_200036_569686,controlled_perturbation_study,CTChest,perspective,tp_-13.70_90.66_-182.12,Near,1,CTChest__perspective__tp_-13.70_90.66_-182.12__shot2_79.61__shot3m3m1_73.60__shot3m3m2_85.47,High,3,79.61,73.6,85.47,-13.69535542,90.66418457,-182.1198578,54.65451673226613,target-only,2.0,4,1,0,4.139573190706024,7.879625014369837,1.014847597613489,0.0579080503732488,0.0576855980788051,1,1
experiment_results1.csv,perturbation_run,perturbation_gap,1,2026-04-21T20:00:36+08:00,20260421_200036_842447,controlled_perturbation_study,CTChest,perspective,tp_-13.70_90.66_-182.12,Near,1,CTChest__perspective__tp_-13.70_90.66_-182.12__shot2_79.61__shot3m3m1_73.60__shot3m3m2_85.47,High,3,79.61,73.6,85.47,-13.69535542,90.66418457,-182.1198578,54.65451673226613,target-only,2.0,5,1,0,3.1376337168366475,6.132880770514498,1.1072453969620542,0.0579080503732488,0.0576855980788051,1,1
experiment_results1.csv,perturbation_run,perturbation_gap,1,2026-04-21T20:00:37+08:00,20260421_200037_110751,controlled_perturbation_study,CTChest,perspective,tp_-13.70_90.66_-182.12,Near,1,CTChest__perspective__tp_-13.70_90.66_-182.12__shot2_79.61__shot3m3m1_73.60__shot3m3m2_85.47,High,3,79.61,73.6,85.47,-13.69535542,90.66418457,-182.1198578,54.65451673226613,target-only,2.0,6,1,0,1.4120864787517986,2.88232301230399,0.0983974844565766,0.0579080503732488,0.0576855980788051,1,1
experiment_results1.csv,perturbation_run,perturbation_gap,1,2026-04-21T20:00:37+08:00,20260421_200037_361250,controlled_perturbation_study,CTChest,perspective,tp_-13.70_90.66_-182.12,Near,1,CTChest__perspective__tp_-13.70_90.66_-182.12__shot2_79.61__shot3m3m1_73.60__shot3m3m2_85.47,High,3,79.61,73.6,85.47,-13.69535542,90.66418457,-182.1198578,54.65451673226613,target-only,2.0,7,1,0,1.5070335951469376,2.506102969378925,2.949708863538514,0.0579080503732488,0.0576855980788051,1,1
experiment_results1.csv,perturbation_run,perturbation_gap,1,2026-04-21T20:00:37+08:00,20260421_200037_584223,controlled_perturbation_study,CTChest,perspective,tp_-13.70_90.66_-182.12,Near,1,CTChest__perspective__tp_-13.70_90.66_-182.12__shot2_79.61__shot3m3m1_73.60__shot3m3m2_85.47,High,3,79.61,73.6,85.47,-13.69535542,90.66418457,-182.1198578,54.65451673226613,target-only,2.0,8,1,0,2.407544355101524,4.994511469984473,1.3992361679628789,0.0579080503732488,0.0576855980788051,1,1
experiment_results1.csv,perturbation_run,perturbation_gap,1,2026-04-21T20:00:37+08:00,20260421_200037_842035,controlled_perturbation_study,CTChest,perspective,tp_-13.70_90.66_-182.12,Near,1,CTChest__perspective__tp_-13.70_90.66_-182.12__shot2_79.61__shot3m3m1_73.60__shot3m3m2_85.47,High,3,79.61,73.6,85.47,-13.69535542,90.66418457,-182.1198578,54.65451673226613,target-only,2.0,9,1,0,2.2643201298018534,4.187611561098621,2.109524508940586,0.0579080503732488,0.0576855980788051,1,1
experiment_results1.csv,perturbation_run,perturbation_gap,1,2026-04-21T20:00:38+08:00,20260421_200038_096289,controlled_perturbation_study,CTChest,perspective,tp_-13.70_90.66_-182.12,Near,1,CTChest__perspective__tp_-13.70_90.66_-182.12__shot2_79.61__shot3m3m1_73.60__shot3m3m2_85.47,High,3,79.61,73.6,85.47,-13.69535542,90.66418457,-182.1198578,54.65451673226613,target-only,2.0,10,1,0,1.598288779622485,3.4737616140964462,1.1051561646224946,0.0579080503732488,0.0576855980788051,1,1
experiment_results1.csv,perturbation_run,perturbation_gap,1,2026-04-21T20:00:38+08:00,20260421_200038_329210,controlled_perturbation_study,CTChest,perspective,tp_-13.70_90.66_-182.12,Near,1,CTChest__perspective__tp_-13.70_90.66_-182.12__shot2_79.61__shot3m3m1_73.60__shot3m3m2_85.47,High,3,79.61,73.6,85.47,-13.69535542,90.66418457,-182.1198578,54.65451673226613,target-only,2.0,11,1,0,1.957632263214736,4.228577410208469,3.285441694654057,0.0579080503732488,0.0576855980788051,1,1
experiment_results1.csv,perturbation_run,perturbation_gap,1,2026-04-21T20:00:38+08:00,20260421_200038_585240,controlled_perturbation_study,CTChest,perspective,tp_-13.70_90.66_-182.12,Near,1,CTChest__perspective__tp_-13.70_90.66_-182.12__shot2_79.61__shot3m3m1_73.60__shot3m3m2_85.47,High,3,79.61,73.6,85.47,-13.69535542,90.66418457,-182.1198578,54.65451673226613,target-only,2.0,12,1,0,2.3730849421446187,5.217663961183449,1.4675385659839864,0.0579080503732488,0.0576855980788051,1,1
experiment_results1.csv,perturbation_run,perturbation_gap,1,2026-04-21T20:00:38+08:00,20260421_200038_854473,controlled_perturbation_study,CTChest,perspective,tp_-13.70_90.66_-182.12,Near,1,CTChest__perspective__tp_-13.70_90.66_-182.12__shot2_79.61__shot3m3m1_73.60__shot3m3m2_85.47,High,3,79.61,73.6,85.47,-13.69535542,90.66418457,-182.1198578,54.65451673226613,target-only,2.0,13,1,0,1.5253783227070885,0.7816867027237234,1.814951569134264,0.0579080503732488,0.0576855980788051,1,1
experiment_results1.csv,perturbation_run,perturbation_gap,1,2026-04-21T20:00:39+08:00,20260421_200039_093376,controlled_perturbation_study,CTChest,perspective,tp_-13.70_90.66_-182.12,Near,1,CTChest__perspective__tp_-13.70_90.66_-182.12__shot2_79.61__shot3m3m1_73.60__shot3m3m2_85.47,High,3,79.61,73.6,85.47,-13.69535542,90.66418457,-182.1198578,54.65451673226613,target-only,2.0,14,1,0,1.2427113982282076,2.731497372683099,3.0119443729870565,0.0579080503732488,0.0576855980788051,1,1
experiment_results1.csv,perturbation_run,perturbation_gap,1,2026-04-21T20:00:39+08:00,20260421_200039_371795,controlled_perturbation_study,CTChest,perspective,tp_-13.70_90.66_-182.12,Near,1,CTChest__perspective__tp_-13.70_90.66_-182.12__shot2_79.61__shot3m3m1_73.60__shot3m3m2_85.47,High,3,79.61,73.6,85.47,-13.69535542,90.66418457,-182.1198578,54.65451673226613,target-only,2.0,15,1,0,2.1521322433877024,4.345718968399415,0.2519573891690956,0.0579080503732488,0.0576855980788051,1,1
experiment_results1.csv,perturbation_run,perturbation_gap,1,2026-04-21T20:00:39+08:00,20260421_200039_660720,controlled_perturbation_study,CTChest,perspective,tp_-13.70_90.66_-182.12,Near,1,CTChest__perspective__tp_-13.70_90.66_-182.12__shot2_79.61__shot3m3m1_73.60__shot3m3m2_85.47,High,3,79.61,73.6,85.47,-13.69535542,90.66418457,-182.1198578,54.65451673226613,target-only,2.0,16,1,0,1.5797947693572962,2.234196568496486,0.3198035783746176,0.0579080503732488,0.0576855980788051,1,1
experiment_results1.csv,perturbation_run,perturbation_gap,1,2026-04-21T20:00:39+08:00,20260421_200039_951549,controlled_perturbation_study,CTChest,perspective,tp_-13.70_90.66_-182.12,Near,1,CTChest__perspective__tp_-13.70_90.66_-182.12__shot2_79.61__shot3m3m1_73.60__shot3m3m2_85.47,High,3,79.61,73.6,85.47,-13.69535542,90.66418457,-182.1198578,54.65451673226613,target-only,2.0,17,1,0,1.0304641257080929,1.7517172667275818,0.8293446111022635,0.0579080503732488,0.0576855980788051,1,1
experiment_results1.csv,perturbation_run,perturbation_gap,1,2026-04-21T20:00:40+08:00,20260421_200040_202771,controlled_perturbation_study,CTChest,perspective,tp_-13.70_90.66_-182.12,Near,1,CTChest__perspective__tp_-13.70_90.66_-182.12__shot2_79.61__shot3m3m1_73.60__shot3m3m2_85.47,High,3,79.61,73.6,85.47,-13.69535542,90.66418457,-182.1198578,54.65451673226613,target-only,2.0,18,1,0,0.3240396874870423,0.7128510042925738,0.4360491376230907,0.0579080503732488,0.0576855980788051,1,1
experiment_results1.csv,perturbation_run,perturbation_gap,1,2026-04-21T20:00:40+08:00,20260421_200040_486903,controlled_perturbation_study,CTChest,perspective,tp_-13.70_90.66_-182.12,Near,1,CTChest__perspective__tp_-13.70_90.66_-182.12__shot2_79.61__shot3m3m1_73.60__shot3m3m2_85.47,High,3,79.61,73.6,85.47,-13.69535542,90.66418457,-182.1198578,54.65451673226613,target-only,2.0,19,1,0,2.3850222464701925,4.751335407696557,0.5778876208236047,0.0579080503732488,0.0576855980788051,1,1
experiment_results1.csv,perturbation_run,perturbation_gap,1,2026-04-21T20:00:40+08:00,20260421_200040_768246,controlled_perturbation_study,CTChest,perspective,tp_-13.70_90.66_-182.12,Near,1,CTChest__perspective__tp_-13.70_90.66_-182.12__shot2_79.61__shot3m3m1_73.60__shot3m3m2_85.47,High,3,79.61,73.6,85.47,-13.69535542,90.66418457,-182.1198578,54.65451673226613,target-only,2.0,20,1,0,0.6673960075474746,1.214823163433545,1.254531175972201,0.0579080503732488,0.0576855980788051,1,1
experiment_results1.csv,perturbation_run,perturbation_gap,1,2026-04-21T20:00:41+08:00,20260421_200041_020010,controlled_perturbation_study,CTChest,perspective,tp_-13.70_90.66_-182.12,Near,1,CTChest__perspective__tp_-13.70_90.66_-182.12__shot2_79.61__shot3m3m1_73.60__shot3m3m2_85.47,High,3,79.61,73.6,85.47,-13.69535542,90.66418457,-182.1198578,54.65451673226613,target-only,2.0,21,1,0,1.2979863266771556,2.7808505862039308,1.684699988546701,0.0579080503732488,0.0576855980788051,1,1
experiment_results1.csv,perturbation_run,perturbation_gap,1,2026-04-21T20:00:41+08:00,20260421_200041_272344,controlled_perturbation_study,CTChest,perspective,tp_-13.70_90.66_-182.12,Near,1,CTChest__perspective__tp_-13.70_90.66_-182.12__shot2_79.61__shot3m3m1_73.60__shot3m3m2_85.47,High,3,79.61,73.6,85.47,-13.69535542,90.66418457,-182.1198578,54.65451673226613,target-only,2.0,22,1,0,1.8518210968421465,3.887132847197555,1.868085670263062,0.0579080503732488,0.0576855980788051,1,1
experiment_results1.csv,perturbation_run,perturbation_gap,1,2026-04-21T20:00:41+08:00,20260421_200041_554861,controlled_perturbation_study,CTChest,perspective,tp_-13.70_90.66_-182.12,Near,1,CTChest__perspective__tp_-13.70_90.66_-182.12__shot2_79.61__shot3m3m1_73.60__shot3m3m2_85.47,High,3,79.61,73.6,85.47,-13.69535542,90.66418457,-182.1198578,54.65451673226613,target-only,2.0,23,1,0,2.270404333471088,3.356472677970636,1.2365521529344816,0.0579080503732488,0.0576855980788051,1,1
experiment_results1.csv,perturbation_run,perturbation_gap,1,2026-04-21T20:00:41+08:00,20260421_200041_849657,controlled_perturbation_study,CTChest,perspective,tp_-13.70_90.66_-182.12,Near,1,CTChest__perspective__tp_-13.70_90.66_-182.12__shot2_79.61__shot3m3m1_73.60__shot3m3m2_85.47,High,3,79.61,73.6,85.47,-13.69535542,90.66418457,-182.1198578,54.65451673226613,target-only,2.0,24,1,0,0.6236055989441411,1.3729288643488318,1.3087504836062327,0.0579080503732488,0.0576855980788051,1,1
experiment_results1.csv,perturbation_run,perturbation_gap,1,2026-04-21T20:00:42+08:00,20260421_200042_104530,controlled_perturbation_study,CTChest,perspective,tp_-13.70_90.66_-182.12,Near,1,CTChest__perspective__tp_-13.70_90.66_-182.12__shot2_79.61__shot3m3m1_73.60__shot3m3m2_85.47,High,3,79.61,73.6,85.47,-13.69535542,90.66418457,-182.1198578,54.65451673226613,target-only,2.0,25,1,0,0.9999401415636356,2.1333265259043306,2.1097784754369693,0.0579080503732488,0.0576855980788051,1,1
experiment_results1.csv,perturbation_run,perturbation_gap,1,2026-04-21T20:00:42+08:00,20260421_200042_362691,controlled_perturbation_study,CTChest,perspective,tp_-13.70_90.66_-182.12,Near,1,CTChest__perspective__tp_-13.70_90.66_-182.12__shot2_79.61__shot3m3m1_73.60__shot3m3m2_85.47,High,3,79.61,73.6,85.47,-13.69535542,90.66418457,-182.1198578,54.65451673226613,target-only,2.0,26,1,0,1.2910313358393497,2.3957150326427388,0.938467021722671,0.0579080503732488,0.0576855980788051,1,1
experiment_results1.csv,perturbation_run,perturbation_gap,1,2026-04-21T20:00:42+08:00,20260421_200042_649383,controlled_perturbation_study,CTChest,perspective,tp_-13.70_90.66_-182.12,Near,1,CTChest__perspective__tp_-13.70_90.66_-182.12__shot2_79.61__shot3m3m1_73.60__shot3m3m2_85.47,High,3,79.61,73.6,85.47,-13.69535542,90.66418457,-182.1198578,54.65451673226613,target-only,2.0,27,1,0,1.8832068849634929,2.9285083836713053,2.052844152326346,0.0579080503732488,0.0576855980788051,1,1
experiment_results1.csv,perturbation_run,perturbation_gap,1,2026-04-21T20:00:42+08:00,20260421_200042_903001,controlled_perturbation_study,CTChest,perspective,tp_-13.70_90.66_-182.12,Near,1,CTChest__perspective__tp_-13.70_90.66_-182.12__shot2_79.61__shot3m3m1_73.60__shot3m3m2_85.47,High,3,79.61,73.6,85.47,-13.69535542,90.66418457,-182.1198578,54.65451673226613,target-only,2.0,28,1,0,1.6956171043136787,2.04794210207408,0.5088946306922156,0.0579080503732488,0.0576855980788051,1,1
experiment_results1.csv,perturbation_run,perturbation_gap,1,2026-04-21T20:00:43+08:00,20260421_200043_186744,controlled_perturbation_study,CTChest,perspective,tp_-13.70_90.66_-182.12,Near,1,CTChest__perspective__tp_-13.70_90.66_-182.12__shot2_79.61__shot3m3m1_73.60__shot3m3m2_85.47,High,3,79.61,73.6,85.47,-13.69535542,90.66418457,-182.1198578,54.65451673226613,target-only,2.0,29,1,0,1.0012765236595835,2.044375515547373,0.1351426291510773,0.0579080503732488,0.0576855980788051,1,1
experiment_results1.csv,perturbation_run,perturbation_gap,1,2026-04-21T20:00:43+08:00,20260421_200043_477018,controlled_perturbation_study,CTChest,perspective,tp_-13.70_90.66_-182.12,Near,1,CTChest__perspective__tp_-13.70_90.66_-182.12__shot2_79.61__shot3m3m1_73.60__shot3m3m2_85.47,High,3,79.61,73.6,85.47,-13.69535542,90.66418457,-182.1198578,54.65451673226613,target-only,2.0,30,1,0,1.352271165021917,1.629996261945805,0.7831868401039862,0.0579080503732488,0.0576855980788051,1,1
experiment_results1.csv,perturbation_run,perturbation_gap,1,2026-04-21T20:00:43+08:00,20260421_200043_774532,controlled_perturbation_study,CTChest,perspective,tp_-13.70_90.66_-182.12,Near,1,CTChest__perspective__tp_-13.70_90.66_-182.12__shot2_79.61__shot3m3m1_73.60__shot3m3m2_85.47,High,3,79.61,73.6,85.47,-13.69535542,90.66418457,-182.1198578,54.65451673226613,target-only,2.0,31,1,0,0.5847684405874277,1.2700818142226762,0.6740719623876914,0.0579080503732488,0.0576855980788051,1,1
experiment_results1.csv,perturbation_run,perturbation_gap,1,2026-04-21T20:00:44+08:00,20260421_200044_065235,controlled_perturbation_study,CTChest,perspective,tp_-13.70_90.66_-182.12,Near,1,CTChest__perspective__tp_-13.70_90.66_-182.12__shot2_79.61__shot3m3m1_73.60__shot3m3m2_85.47,High,3,79.61,73.6,85.47,-13.69535542,90.66418457,-182.1198578,54.65451673226613,target-only,2.0,32,1,0,1.3370707613307744,2.9303317957580903,2.222130737436853,0.0579080503732488,0.0576855980788051,1,1
experiment_results1.csv,perturbation_run,perturbation_gap,1,2026-04-21T20:00:44+08:00,20260421_200044_321502,controlled_perturbation_study,CTChest,perspective,tp_-13.70_90.66_-182.12,Near,1,CTChest__perspective__tp_-13.70_90.66_-182.12__shot2_79.61__shot3m3m1_73.60__shot3m3m2_85.47,High,3,79.61,73.6,85.47,-13.69535542,90.66418457,-182.1198578,54.65451673226613,target-only,2.0,33,1,0,2.727290073910797,5.992940932256854,1.3680748072517346,0.0579080503732488,0.0576855980788051,1,1
experiment_results1.csv,perturbation_run,perturbation_gap,1,2026-04-21T20:00:44+08:00,20260421_200044_612548,controlled_perturbation_study,CTChest,perspective,tp_-13.70_90.66_-182.12,Near,1,CTChest__perspective__tp_-13.70_90.66_-182.12__shot2_79.61__shot3m3m1_73.60__shot3m3m2_85.47,High,3,79.61,73.6,85.47,-13.69535542,90.66418457,-182.1198578,54.65451673226613,target-only,2.0,34,1,0,1.75708692481803,3.8831355059300696,0.8384446295628062,0.0579080503732488,0.0576855980788051,1,1
experiment_results1.csv,perturbation_run,perturbation_gap,1,2026-04-21T20:00:44+08:00,20260421_200044_905994,controlled_perturbation_study,CTChest,perspective,tp_-13.70_90.66_-182.12,Near,1,CTChest__perspective__tp_-13.70_90.66_-182.12__shot2_79.61__shot3m3m1_73.60__shot3m3m2_85.47,High,3,79.61,73.6,85.47,-13.69535542,90.66418457,-182.1198578,54.65451673226613,target-only,2.0,35,1,0,2.907133110375957,6.3471628027077065,2.7197833343870883,0.0579080503732488,0.0576855980788051,1,1
experiment_results1.csv,perturbation_run,perturbation_gap,1,2026-04-21T20:00:45+08:00,20260421_200045_199575,controlled_perturbation_study,CTChest,perspective,tp_-13.70_90.66_-182.12,Near,1,CTChest__perspective__tp_-13.70_90.66_-182.12__shot2_79.61__shot3m3m1_73.60__shot3m3m2_85.47,High,3,79.61,73.6,85.47,-13.69535542,90.66418457,-182.1198578,54.65451673226613,target-only,2.0,36,1,0,1.6664385188534356,3.561868951746028,3.462104552731533,0.0579080503732488,0.0576855980788051,1,1
experiment_results1.csv,perturbation_run,perturbation_gap,1,2026-04-21T20:00:45+08:00,20260421_200045_487051,controlled_perturbation_study,CTChest,perspective,tp_-13.70_90.66_-182.12,Near,1,CTChest__perspective__tp_-13.70_90.66_-182.12__shot2_79.61__shot3m3m1_73.60__shot3m3m2_85.47,High,3,79.61,73.6,85.47,-13.69535542,90.66418457,-182.1198578,54.65451673226613,target-only,2.0,37,1,0,0.9523564937167218,0.8155911830936249,1.2254327080519938,0.0579080503732488,0.0576855980788051,1,1
experiment_results1.csv,perturbation_run,perturbation_gap,1,2026-04-21T20:00:45+08:00,20260421_200045_781751,controlled_perturbation_study,CTChest,perspective,tp_-13.70_90.66_-182.12,Near,1,CTChest__perspective__tp_-13.70_90.66_-182.12__shot2_79.61__shot3m3m1_73.60__shot3m3m2_85.47,High,3,79.61,73.6,85.47,-13.69535542,90.66418457,-182.1198578,54.65451673226613,target-only,2.0,38,1,0,1.0198645284544403,1.2475841423360992,1.5155285756521668,0.0579080503732488,0.0576855980788051,1,1
experiment_results1.csv,perturbation_run,perturbation_gap,1,2026-04-21T20:00:46+08:00,20260421_200046_067617,controlled_perturbation_study,CTChest,perspective,tp_-13.70_90.66_-182.12,Near,1,CTChest__perspective__tp_-13.70_90.66_-182.12__shot2_79.61__shot3m3m1_73.60__shot3m3m2_85.47,High,3,79.61,73.6,85.47,-13.69535542,90.66418457,-182.1198578,54.65451673226613,target-only,2.0,39,1,0,2.158392155114862,4.100841534620724,0.363917161612381,0.0579080503732488,0.0576855980788051,1,1
experiment_results1.csv,perturbation_run,perturbation_gap,1,2026-04-21T20:00:46+08:00,20260421_200046_355192,controlled_perturbation_study,CTChest,perspective,tp_-13.70_90.66_-182.12,Near,1,CTChest__perspective__tp_-13.70_90.66_-182.12__shot2_79.61__shot3m3m1_73.60__shot3m3m2_85.47,High,3,79.61,73.6,85.47,-13.69535542,90.66418457,-182.1198578,54.65451673226613,target-only,2.0,40,1,0,2.143465795845274,0.6451759881481812,0.4329771871638493,0.0579080503732488,0.0576855980788051,1,1
experiment_results1.csv,perturbation_run,perturbation_gap,1,2026-04-21T20:00:46+08:00,20260421_200046_647167,controlled_perturbation_study,CTChest,perspective,tp_-13.70_90.66_-182.12,Near,1,CTChest__perspective__tp_-13.70_90.66_-182.12__shot2_79.61__shot3m3m1_73.60__shot3m3m2_85.47,High,3,79.61,73.6,85.47,-13.69535542,90.66418457,-182.1198578,54.65451673226613,target-only,2.0,41,1,0,2.471118819195347,5.4611730108285785,1.163689099109131,0.0579080503732488,0.0576855980788051,1,1
experiment_results1.csv,perturbation_run,perturbation_gap,1,2026-04-21T20:00:46+08:00,20260421_200046_941503,controlled_perturbation_study,CTChest,perspective,tp_-13.70_90.66_-182.12,Near,1,CTChest__perspective__tp_-13.70_90.66_-182.12__shot2_79.61__shot3m3m1_73.60__shot3m3m2_85.47,High,3,79.61,73.6,85.47,-13.69535542,90.66418457,-182.1198578,54.65451673226613,target-only,2.0,42,1,0,2.3710414603520142,5.076211509908545,3.533635514958236,0.0579080503732488,0.0576855980788051,1,1
experiment_results1.csv,perturbation_run,perturbation_gap,1,2026-04-21T20:00:47+08:00,20260421_200047_194907,controlled_perturbation_study,CTChest,perspective,tp_-13.70_90.66_-182.12,Near,1,CTChest__perspective__tp_-13.70_90.66_-182.12__shot2_79.61__shot3m3m1_73.60__shot3m3m2_85.47,High,3,79.61,73.6,85.47,-13.69535542,90.66418457,-182.1198578,54.65451673226613,target-only,2.0,43,1,0,2.5189915722279137,5.120923247234185,1.0541369534975302,0.0579080503732488,0.0576855980788051,1,1
experiment_results1.csv,perturbation_run,perturbation_gap,1,2026-04-21T20:00:47+08:00,20260421_200047_484065,controlled_perturbation_study,CTChest,perspective,tp_-13.70_90.66_-182.12,Near,1,CTChest__perspective__tp_-13.70_90.66_-182.12__shot2_79.61__shot3m3m1_73.60__shot3m3m2_85.47,High,3,79.61,73.6,85.47,-13.69535542,90.66418457,-182.1198578,54.65451673226613,target-only,2.0,44,1,0,1.6260243304155306,3.510612414406843,0.8629630801764455,0.0579080503732488,0.0576855980788051,1,1
experiment_results1.csv,perturbation_run,perturbation_gap,1,2026-04-21T20:00:47+08:00,20260421_200047_773766,controlled_perturbation_study,CTChest,perspective,tp_-13.70_90.66_-182.12,Near,1,CTChest__perspective__tp_-13.70_90.66_-182.12__shot2_79.61__shot3m3m1_73.60__shot3m3m2_85.47,High,3,79.61,73.6,85.47,-13.69535542,90.66418457,-182.1198578,54.65451673226613,target-only,2.0,45,1,0,1.4372766528452845,2.5001521418731745,2.126176173837847,0.0579080503732488,0.0576855980788051,1,1
experiment_results1.csv,perturbation_run,perturbation_gap,1,2026-04-21T20:00:48+08:00,20260421_200048_028374,controlled_perturbation_study,CTChest,perspective,tp_-13.70_90.66_-182.12,Near,1,CTChest__perspective__tp_-13.70_90.66_-182.12__shot2_79.61__shot3m3m1_73.60__shot3m3m2_85.47,High,3,79.61,73.6,85.47,-13.69535542,90.66418457,-182.1198578,54.65451673226613,target-only,2.0,46,1,0,0.4009641211814383,0.7357209959740535,1.8047285091480123,0.0579080503732488,0.0576855980788051,1,1
experiment_results1.csv,perturbation_run,perturbation_gap,1,2026-04-21T20:00:48+08:00,20260421_200048_279099,controlled_perturbation_study,CTChest,perspective,tp_-13.70_90.66_-182.12,Near,1,CTChest__perspective__tp_-13.70_90.66_-182.12__shot2_79.61__shot3m3m1_73.60__shot3m3m2_85.47,High,3,79.61,73.6,85.47,-13.69535542,90.66418457,-182.1198578,54.65451673226613,target-only,2.0,47,1,0,1.4942152911735105,3.276289366010979,2.069279480177757,0.0579080503732488,0.0576855980788051,1,1
experiment_results1.csv,perturbation_run,perturbation_gap,1,2026-04-21T20:00:48+08:00,20260421_200048_570870,controlled_perturbation_study,CTChest,perspective,tp_-13.70_90.66_-182.12,Near,1,CTChest__perspective__tp_-13.70_90.66_-182.12__shot2_79.61__shot3m3m1_73.60__shot3m3m2_85.47,High,3,79.61,73.6,85.47,-13.69535542,90.66418457,-182.1198578,54.65451673226613,target-only,2.0,48,1,0,1.8382478267813127,0.9209964991497092,2.261721336047602,0.0579080503732488,0.0576855980788051,1,1
experiment_results1.csv,perturbation_run,perturbation_gap,1,2026-04-21T20:00:48+08:00,20260421_200048_861069,controlled_perturbation_study,CTChest,perspective,tp_-13.70_90.66_-182.12,Near,1,CTChest__perspective__tp_-13.70_90.66_-182.12__shot2_79.61__shot3m3m1_73.60__shot3m3m2_85.47,High,3,79.61,73.6,85.47,-13.69535542,90.66418457,-182.1198578,54.65451673226613,target-only,2.0,49,1,0,0.9845586396645682,2.1310604081730133,2.211588204055168,0.0579080503732488,0.0576855980788051,1,1
experiment_results1.csv,perturbation_run,perturbation_gap,1,2026-04-21T20:00:49+08:00,20260421_200049_148536,controlled_perturbation_study,CTChest,perspective,tp_-13.70_90.66_-182.12,Near,1,CTChest__perspective__tp_-13.70_90.66_-182.12__shot2_79.61__shot3m3m1_73.60__shot3m3m2_85.47,High,3,79.61,73.6,85.47,-13.69535542,90.66418457,-182.1198578,54.65451673226613,target-only,2.0,50,1,0,1.0377035812087128,1.968027283633588,0.4168822790637225,0.0579080503732488,0.0576855980788051,1,1
experiment_results1.csv,perturbation_run,perturbation_gap,1,2026-04-21T20:00:56+08:00,20260421_200056_116906,controlled_perturbation_study,CTChest,perspective,tp_-13.70_90.66_-182.12,Near,1,CTChest__perspective__tp_-13.70_90.66_-182.12__shot2_79.61__shot3m3m1_73.60__shot3m3m2_85.47,High,3,79.61,73.6,85.47,-13.69535542,90.66418457,-182.1198578,54.65451673226613,marker-only,0.5,1,1,0,0.2816189732897329,1.2680754621953043,0.1532513072190491,0.0579080503732488,0.61359842646573,1,1
experiment_results1.csv,perturbation_run,perturbation_gap,1,2026-04-21T20:00:56+08:00,20260421_200056_417717,controlled_perturbation_study,CTChest,perspective,tp_-13.70_90.66_-182.12,Near,1,CTChest__perspective__tp_-13.70_90.66_-182.12__shot2_79.61__shot3m3m1_73.60__shot3m3m2_85.47,High,3,79.61,73.6,85.47,-13.69535542,90.66418457,-182.1198578,54.65451673226613,marker-only,0.5,2,1,0,0.4934671645477467,1.1775596113197568,0.5195601627997004,0.0579080503732488,0.4968718221037646,1,1
experiment_results1.csv,perturbation_run,perturbation_gap,1,2026-04-21T20:00:56+08:00,20260421_200056_705225,controlled_perturbation_study,CTChest,perspective,tp_-13.70_90.66_-182.12,Near,1,CTChest__perspective__tp_-13.70_90.66_-182.12__shot2_79.61__shot3m3m1_73.60__shot3m3m2_85.47,High,3,79.61,73.6,85.47,-13.69535542,90.66418457,-182.1198578,54.65451673226613,marker-only,0.5,3,1,0,0.3570058296138023,1.1850035236845602,0.1089695243058518,0.0579080503732488,0.5969527182649287,1,1
experiment_results1.csv,perturbation_run,perturbation_gap,1,2026-04-21T20:00:57+08:00,20260421_200057_001007,controlled_perturbation_study,CTChest,perspective,tp_-13.70_90.66_-182.12,Near,1,CTChest__perspective__tp_-13.70_90.66_-182.12__shot2_79.61__shot3m3m1_73.60__shot3m3m2_85.47,High,3,79.61,73.6,85.47,-13.69535542,90.66418457,-182.1198578,54.65451673226613,marker-only,0.5,4,1,0,0.3415300823201788,0.3363629307993491,0.0995995876701039,0.0579080503732488,0.6073642145376271,1,1
experiment_results1.csv,perturbation_run,perturbation_gap,1,2026-04-21T20:00:57+08:00,20260421_200057_284060,controlled_perturbation_study,CTChest,perspective,tp_-13.70_90.66_-182.12,Near,1,CTChest__perspective__tp_-13.70_90.66_-182.12__shot2_79.61__shot3m3m1_73.60__shot3m3m2_85.47,High,3,79.61,73.6,85.47,-13.69535542,90.66418457,-182.1198578,54.65451673226613,marker-only,0.5,5,1,0,0.2506186347375386,0.7383776589309814,0.4531482583682293,0.0579080503732488,0.5378327482213242,1,1
experiment_results1.csv,perturbation_run,perturbation_gap,1,2026-04-21T20:00:57+08:00,20260421_200057_573710,controlled_perturbation_study,CTChest,perspective,tp_-13.70_90.66_-182.12,Near,1,CTChest__perspective__tp_-13.70_90.66_-182.12__shot2_79.61__shot3m3m1_73.60__shot3m3m2_85.47,High,3,79.61,73.6,85.47,-13.69535542,90.66418457,-182.1198578,54.65451673226613,marker-only,0.5,6,1,0,0.2521580741831095,0.4415383243765965,0.0491426658803208,0.0579080503732488,0.5093263669935989,1,1
experiment_results1.csv,perturbation_run,perturbation_gap,1,2026-04-21T20:00:57+08:00,20260421_200057_871230,controlled_perturbation_study,CTChest,perspective,tp_-13.70_90.66_-182.12,Near,1,CTChest__perspective__tp_-13.70_90.66_-182.12__shot2_79.61__shot3m3m1_73.60__shot3m3m2_85.47,High,3,79.61,73.6,85.47,-13.69535542,90.66418457,-182.1198578,54.65451673226613,marker-only,0.5,7,1,0,0.1790121786092622,0.7502464288732671,0.0208958837558129,0.0579080503732488,0.5700187972540023,1,1
experiment_results1.csv,perturbation_run,perturbation_gap,1,2026-04-21T20:00:58+08:00,20260421_200058_158850,controlled_perturbation_study,CTChest,perspective,tp_-13.70_90.66_-182.12,Near,1,CTChest__perspective__tp_-13.70_90.66_-182.12__shot2_79.61__shot3m3m1_73.60__shot3m3m2_85.47,High,3,79.61,73.6,85.47,-13.69535542,90.66418457,-182.1198578,54.65451673226613,marker-only,0.5,8,1,0,0.2884548798835433,0.565058963656757,0.052301117133296,0.0579080503732488,0.6285853020676,1,1
experiment_results1.csv,perturbation_run,perturbation_gap,1,2026-04-21T20:00:58+08:00,20260421_200058_447375,controlled_perturbation_study,CTChest,perspective,tp_-13.70_90.66_-182.12,Near,1,CTChest__perspective__tp_-13.70_90.66_-182.12__shot2_79.61__shot3m3m1_73.60__shot3m3m2_85.47,High,3,79.61,73.6,85.47,-13.69535542,90.66418457,-182.1198578,54.65451673226613,marker-only,0.5,9,1,0,0.3204274448036107,0.7536355320333323,0.2819622623755939,0.0579080503732488,0.5193758403132175,1,1
experiment_results1.csv,perturbation_run,perturbation_gap,1,2026-04-21T20:00:58+08:00,20260421_200058_739036,controlled_perturbation_study,CTChest,perspective,tp_-13.70_90.66_-182.12,Near,1,CTChest__perspective__tp_-13.70_90.66_-182.12__shot2_79.61__shot3m3m1_73.60__shot3m3m2_85.47,High,3,79.61,73.6,85.47,-13.69535542,90.66418457,-182.1198578,54.65451673226613,marker-only,0.5,10,1,0,0.4839259739674271,0.6126016357687771,0.3217705071455929,0.0579080503732488,0.482709775430987,1,1
experiment_results1.csv,perturbation_run,perturbation_gap,1,2026-04-21T20:00:59+08:00,20260421_200059_023539,controlled_perturbation_study,CTChest,perspective,tp_-13.70_90.66_-182.12,Near,1,CTChest__perspective__tp_-13.70_90.66_-182.12__shot2_79.61__shot3m3m1_73.60__shot3m3m2_85.47,High,3,79.61,73.6,85.47,-13.69535542,90.66418457,-182.1198578,54.65451673226613,marker-only,0.5,11,1,0,0.2664612870143648,0.2839524639447571,0.1794383169622618,0.0579080503732488,0.645972785245248,1,1
experiment_results1.csv,perturbation_run,perturbation_gap,1,2026-04-21T20:00:59+08:00,20260421_200059_312097,controlled_perturbation_study,CTChest,perspective,tp_-13.70_90.66_-182.12,Near,1,CTChest__perspective__tp_-13.70_90.66_-182.12__shot2_79.61__shot3m3m1_73.60__shot3m3m2_85.47,High,3,79.61,73.6,85.47,-13.69535542,90.66418457,-182.1198578,54.65451673226613,marker-only,0.5,12,1,0,0.6409804479694181,1.46359796857128,0.5502779164385342,0.0579080503732488,0.5739723148414458,1,1
experiment_results1.csv,perturbation_run,perturbation_gap,1,2026-04-21T20:00:59+08:00,20260421_200059_604735,controlled_perturbation_study,CTChest,perspective,tp_-13.70_90.66_-182.12,Near,1,CTChest__perspective__tp_-13.70_90.66_-182.12__shot2_79.61__shot3m3m1_73.60__shot3m3m2_85.47,High,3,79.61,73.6,85.47,-13.69535542,90.66418457,-182.1198578,54.65451673226613,marker-only,0.5,13,1,0,0.4767751159994438,1.040266610767282,0.4443233395142135,0.0579080503732488,0.5942006596872863,1,1
experiment_results1.csv,perturbation_run,perturbation_gap,1,2026-04-21T20:00:59+08:00,20260421_200059_909389,controlled_perturbation_study,CTChest,perspective,tp_-13.70_90.66_-182.12,Near,1,CTChest__perspective__tp_-13.70_90.66_-182.12__shot2_79.61__shot3m3m1_73.60__shot3m3m2_85.47,High,3,79.61,73.6,85.47,-13.69535542,90.66418457,-182.1198578,54.65451673226613,marker-only,0.5,14,1,0,0.3575341589818784,0.8688616196358936,0.7090236277798154,0.0579080503732488,0.577912491050795,1,1
experiment_results1.csv,perturbation_run,perturbation_gap,1,2026-04-21T20:01:00+08:00,20260421_200100_219359,controlled_perturbation_study,CTChest,perspective,tp_-13.70_90.66_-182.12,Near,1,CTChest__perspective__tp_-13.70_90.66_-182.12__shot2_79.61__shot3m3m1_73.60__shot3m3m2_85.47,High,3,79.61,73.6,85.47,-13.69535542,90.66418457,-182.1198578,54.65451673226613,marker-only,0.5,15,1,0,0.2677752279123469,0.4770168984332523,0.2490215181232379,0.0579080503732488,0.5220036454216799,1,1
experiment_results1.csv,perturbation_run,perturbation_gap,1,2026-04-21T20:01:00+08:00,20260421_200100_523533,controlled_perturbation_study,CTChest,perspective,tp_-13.70_90.66_-182.12,Near,1,CTChest__perspective__tp_-13.70_90.66_-182.12__shot2_79.61__shot3m3m1_73.60__shot3m3m2_85.47,High,3,79.61,73.6,85.47,-13.69535542,90.66418457,-182.1198578,54.65451673226613,marker-only,0.5,16,1,0,0.2297343063400465,0.4626408779577609,0.464944887807223,0.0579080503732488,0.5553529327333837,1,1
experiment_results1.csv,perturbation_run,perturbation_gap,1,2026-04-21T20:01:00+08:00,20260421_200100_822318,controlled_perturbation_study,CTChest,perspective,tp_-13.70_90.66_-182.12,Near,1,CTChest__perspective__tp_-13.70_90.66_-182.12__shot2_79.61__shot3m3m1_73.60__shot3m3m2_85.47,High,3,79.61,73.6,85.47,-13.69535542,90.66418457,-182.1198578,54.65451673226613,marker-only,0.5,17,1,0,0.3737564548648882,0.086394347226899,0.0301227292279763,0.0579080503732488,0.5532738189092924,1,1
experiment_results1.csv,perturbation_run,perturbation_gap,1,2026-04-21T20:01:01+08:00,20260421_200101_121293,controlled_perturbation_study,CTChest,perspective,tp_-13.70_90.66_-182.12,Near,1,CTChest__perspective__tp_-13.70_90.66_-182.12__shot2_79.61__shot3m3m1_73.60__shot3m3m2_85.47,High,3,79.61,73.6,85.47,-13.69535542,90.66418457,-182.1198578,54.65451673226613,marker-only,0.5,18,1,0,0.4473236057793657,0.2239479027599405,0.323187479725319,0.0579080503732488,0.4578173149951826,1,1
experiment_results1.csv,perturbation_run,perturbation_gap,1,2026-04-21T20:01:01+08:00,20260421_200101_411481,controlled_perturbation_study,CTChest,perspective,tp_-13.70_90.66_-182.12,Near,1,CTChest__perspective__tp_-13.70_90.66_-182.12__shot2_79.61__shot3m3m1_73.60__shot3m3m2_85.47,High,3,79.61,73.6,85.47,-13.69535542,90.66418457,-182.1198578,54.65451673226613,marker-only,0.5,19,1,0,0.2142982976617167,0.7947415725221959,0.0400157921794603,0.0579080503732488,0.6120993142041743,1,1
experiment_results1.csv,perturbation_run,perturbation_gap,1,2026-04-21T20:01:01+08:00,20260421_200101_704532,controlled_perturbation_study,CTChest,perspective,tp_-13.70_90.66_-182.12,Near,1,CTChest__perspective__tp_-13.70_90.66_-182.12__shot2_79.61__shot3m3m1_73.60__shot3m3m2_85.47,High,3,79.61,73.6,85.47,-13.69535542,90.66418457,-182.1198578,54.65451673226613,marker-only,0.5,20,1,0,0.1325656977564686,0.3963146668255275,0.2112518324175006,0.0579080503732488,0.4310629054076558,1,1
experiment_results1.csv,perturbation_run,perturbation_gap,1,2026-04-21T20:01:01+08:00,20260421_200101_992647,controlled_perturbation_study,CTChest,perspective,tp_-13.70_90.66_-182.12,Near,1,CTChest__perspective__tp_-13.70_90.66_-182.12__shot2_79.61__shot3m3m1_73.60__shot3m3m2_85.47,High,3,79.61,73.6,85.47,-13.69535542,90.66418457,-182.1198578,54.65451673226613,marker-only,0.5,21,1,0,0.1695115475979075,0.8250283089127758,0.1835012571795972,0.0579080503732488,0.6129334882444036,1,1
experiment_results1.csv,perturbation_run,perturbation_gap,1,2026-04-21T20:01:02+08:00,20260421_200102_284624,controlled_perturbation_study,CTChest,perspective,tp_-13.70_90.66_-182.12,Near,1,CTChest__perspective__tp_-13.70_90.66_-182.12__shot2_79.61__shot3m3m1_73.60__shot3m3m2_85.47,High,3,79.61,73.6,85.47,-13.69535542,90.66418457,-182.1198578,54.65451673226613,marker-only,0.5,22,1,0,0.1583586706026604,0.4155257367084352,0.006016656947244,0.0579080503732488,0.6788316152296106,1,1
experiment_results1.csv,perturbation_run,perturbation_gap,1,2026-04-21T20:01:02+08:00,20260421_200102_578404,controlled_perturbation_study,CTChest,perspective,tp_-13.70_90.66_-182.12,Near,1,CTChest__perspective__tp_-13.70_90.66_-182.12__shot2_79.61__shot3m3m1_73.60__shot3m3m2_85.47,High,3,79.61,73.6,85.47,-13.69535542,90.66418457,-182.1198578,54.65451673226613,marker-only,0.5,23,1,0,0.3052170487790119,0.5342086407738588,0.0286837989038263,0.0579080503732488,0.5886921521109076,1,1
experiment_results1.csv,perturbation_run,perturbation_gap,1,2026-04-21T20:01:02+08:00,20260421_200102_870857,controlled_perturbation_study,CTChest,perspective,tp_-13.70_90.66_-182.12,Near,1,CTChest__perspective__tp_-13.70_90.66_-182.12__shot2_79.61__shot3m3m1_73.60__shot3m3m2_85.47,High,3,79.61,73.6,85.47,-13.69535542,90.66418457,-182.1198578,54.65451673226613,marker-only,0.5,24,1,0,0.4706425276797272,1.2017904035794933,0.1469461908338443,0.0579080503732488,0.6738758209460349,1,1
experiment_results1.csv,perturbation_run,perturbation_gap,1,2026-04-21T20:01:03+08:00,20260421_200103_175918,controlled_perturbation_study,CTChest,perspective,tp_-13.70_90.66_-182.12,Near,1,CTChest__perspective__tp_-13.70_90.66_-182.12__shot2_79.61__shot3m3m1_73.60__shot3m3m2_85.47,High,3,79.61,73.6,85.47,-13.69535542,90.66418457,-182.1198578,54.65451673226613,marker-only,0.5,25,1,0,0.2724677881639284,0.5776125201965528,0.1234337806865396,0.0579080503732488,0.5099865270507026,1,1
experiment_results1.csv,perturbation_run,perturbation_gap,1,2026-04-21T20:01:03+08:00,20260421_200103_476109,controlled_perturbation_study,CTChest,perspective,tp_-13.70_90.66_-182.12,Near,1,CTChest__perspective__tp_-13.70_90.66_-182.12__shot2_79.61__shot3m3m1_73.60__shot3m3m2_85.47,High,3,79.61,73.6,85.47,-13.69535542,90.66418457,-182.1198578,54.65451673226613,marker-only,0.5,26,1,0,0.1038660314688888,0.49198402242605,0.1127798759910864,0.0579080503732488,0.5349192078770227,1,1
experiment_results1.csv,perturbation_run,perturbation_gap,1,2026-04-21T20:01:03+08:00,20260421_200103_772039,controlled_perturbation_study,CTChest,perspective,tp_-13.70_90.66_-182.12,Near,1,CTChest__perspective__tp_-13.70_90.66_-182.12__shot2_79.61__shot3m3m1_73.60__shot3m3m2_85.47,High,3,79.61,73.6,85.47,-13.69535542,90.66418457,-182.1198578,54.65451673226613,marker-only,0.5,27,1,0,0.249452205570839,0.5068040757864483,0.2049274873575498,0.0579080503732488,0.6877268935502819,1,1
experiment_results1.csv,perturbation_run,perturbation_gap,1,2026-04-21T20:01:04+08:00,20260421_200104_080397,controlled_perturbation_study,CTChest,perspective,tp_-13.70_90.66_-182.12,Near,1,CTChest__perspective__tp_-13.70_90.66_-182.12__shot2_79.61__shot3m3m1_73.60__shot3m3m2_85.47,High,3,79.61,73.6,85.47,-13.69535542,90.66418457,-182.1198578,54.65451673226613,marker-only,0.5,28,1,0,0.2385119531420287,0.7299406697484372,0.0130417244803573,0.0579080503732488,0.5741308439700483,1,1
experiment_results1.csv,perturbation_run,perturbation_gap,1,2026-04-21T20:01:04+08:00,20260421_200104_427497,controlled_perturbation_study,CTChest,perspective,tp_-13.70_90.66_-182.12,Near,1,CTChest__perspective__tp_-13.70_90.66_-182.12__shot2_79.61__shot3m3m1_73.60__shot3m3m2_85.47,High,3,79.61,73.6,85.47,-13.69535542,90.66418457,-182.1198578,54.65451673226613,marker-only,0.5,29,1,0,0.4720840523085485,1.2989982996089084,0.0951964452889893,0.0579080503732488,0.531373701997,1,1
experiment_results1.csv,perturbation_run,perturbation_gap,1,2026-04-21T20:01:04+08:00,20260421_200104_749475,controlled_perturbation_study,CTChest,perspective,tp_-13.70_90.66_-182.12,Near,1,CTChest__perspective__tp_-13.70_90.66_-182.12__shot2_79.61__shot3m3m1_73.60__shot3m3m2_85.47,High,3,79.61,73.6,85.47,-13.69535542,90.66418457,-182.1198578,54.65451673226613,marker-only,0.5,30,1,0,0.1486196254947317,0.4977692294867666,0.0662603251707323,0.0579080503732488,0.4438573381739831,1,1
experiment_results1.csv,perturbation_run,perturbation_gap,1,2026-04-21T20:01:05+08:00,20260421_200105_062079,controlled_perturbation_study,CTChest,perspective,tp_-13.70_90.66_-182.12,Near,1,CTChest__perspective__tp_-13.70_90.66_-182.12__shot2_79.61__shot3m3m1_73.60__shot3m3m2_85.47,High,3,79.61,73.6,85.47,-13.69535542,90.66418457,-182.1198578,54.65451673226613,marker-only,0.5,31,1,0,0.2158335876734349,1.254915828252397,0.0625602819782933,0.0579080503732488,0.6108638273991569,1,1
experiment_results1.csv,perturbation_run,perturbation_gap,1,2026-04-21T20:01:05+08:00,20260421_200105_386059,controlled_perturbation_study,CTChest,perspective,tp_-13.70_90.66_-182.12,Near,1,CTChest__perspective__tp_-13.70_90.66_-182.12__shot2_79.61__shot3m3m1_73.60__shot3m3m2_85.47,High,3,79.61,73.6,85.47,-13.69535542,90.66418457,-182.1198578,54.65451673226613,marker-only,0.5,32,1,0,0.5049798037067611,1.4451595024174793,0.009816318092188,0.0579080503732488,0.5781895630631616,1,1
experiment_results1.csv,perturbation_run,perturbation_gap,1,2026-04-21T20:01:05+08:00,20260421_200105_704057,controlled_perturbation_study,CTChest,perspective,tp_-13.70_90.66_-182.12,Near,1,CTChest__perspective__tp_-13.70_90.66_-182.12__shot2_79.61__shot3m3m1_73.60__shot3m3m2_85.47,High,3,79.61,73.6,85.47,-13.69535542,90.66418457,-182.1198578,54.65451673226613,marker-only,0.5,33,1,0,0.3606465656625313,0.111489142974816,0.0764254839681007,0.0579080503732488,0.551978141250978,1,1
experiment_results1.csv,perturbation_run,perturbation_gap,1,2026-04-21T20:01:06+08:00,20260421_200106_026403,controlled_perturbation_study,CTChest,perspective,tp_-13.70_90.66_-182.12,Near,1,CTChest__perspective__tp_-13.70_90.66_-182.12__shot2_79.61__shot3m3m1_73.60__shot3m3m2_85.47,High,3,79.61,73.6,85.47,-13.69535542,90.66418457,-182.1198578,54.65451673226613,marker-only,0.5,34,1,0,0.3309476643874538,0.1379558439179952,0.295918088674068,0.0579080503732488,0.5829606409491729,1,1
experiment_results1.csv,perturbation_run,perturbation_gap,1,2026-04-21T20:01:06+08:00,20260421_200106_346215,controlled_perturbation_study,CTChest,perspective,tp_-13.70_90.66_-182.12,Near,1,CTChest__perspective__tp_-13.70_90.66_-182.12__shot2_79.61__shot3m3m1_73.60__shot3m3m2_85.47,High,3,79.61,73.6,85.47,-13.69535542,90.66418457,-182.1198578,54.65451673226613,marker-only,0.5,35,1,0,0.177020248355273,0.4432112948364702,0.2241415496233131,0.0579080503732488,0.5338539760468186,1,1
experiment_results1.csv,perturbation_run,perturbation_gap,1,2026-04-21T20:01:06+08:00,20260421_200106_674144,controlled_perturbation_study,CTChest,perspective,tp_-13.70_90.66_-182.12,Near,1,CTChest__perspective__tp_-13.70_90.66_-182.12__shot2_79.61__shot3m3m1_73.60__shot3m3m2_85.47,High,3,79.61,73.6,85.47,-13.69535542,90.66418457,-182.1198578,54.65451673226613,marker-only,0.5,36,1,0,0.1494630094905726,0.2674446768567639,0.4491065910206566,0.0579080503732488,0.528250113582626,1,1
experiment_results1.csv,perturbation_run,perturbation_gap,1,2026-04-21T20:01:06+08:00,20260421_200106_991818,controlled_perturbation_study,CTChest,perspective,tp_-13.70_90.66_-182.12,Near,1,CTChest__perspective__tp_-13.70_90.66_-182.12__shot2_79.61__shot3m3m1_73.60__shot3m3m2_85.47,High,3,79.61,73.6,85.47,-13.69535542,90.66418457,-182.1198578,54.65451673226613,marker-only,0.5,37,1,0,0.2110799030645881,0.993073961802368,0.1923434061760165,0.0579080503732488,0.5602865416204078,1,1
experiment_results1.csv,perturbation_run,perturbation_gap,1,2026-04-21T20:01:07+08:00,20260421_200107_316330,controlled_perturbation_study,CTChest,perspective,tp_-13.70_90.66_-182.12,Near,1,CTChest__perspective__tp_-13.70_90.66_-182.12__shot2_79.61__shot3m3m1_73.60__shot3m3m2_85.47,High,3,79.61,73.6,85.47,-13.69535542,90.66418457,-182.1198578,54.65451673226613,marker-only,0.5,38,1,0,0.2613771084800544,1.1006815869555655,0.5334822176756143,0.0579080503732488,0.6006519631918371,1,1
experiment_results1.csv,perturbation_run,perturbation_gap,1,2026-04-21T20:01:07+08:00,20260421_200107_628980,controlled_perturbation_study,CTChest,perspective,tp_-13.70_90.66_-182.12,Near,1,CTChest__perspective__tp_-13.70_90.66_-182.12__shot2_79.61__shot3m3m1_73.60__shot3m3m2_85.47,High,3,79.61,73.6,85.47,-13.69535542,90.66418457,-182.1198578,54.65451673226613,marker-only,0.5,39,1,0,0.1925202066074804,0.18916691951508,0.1268894646114655,0.0579080503732488,0.5342330061632072,1,1
experiment_results1.csv,perturbation_run,perturbation_gap,1,2026-04-21T20:01:07+08:00,20260421_200107_961894,controlled_perturbation_study,CTChest,perspective,tp_-13.70_90.66_-182.12,Near,1,CTChest__perspective__tp_-13.70_90.66_-182.12__shot2_79.61__shot3m3m1_73.60__shot3m3m2_85.47,High,3,79.61,73.6,85.47,-13.69535542,90.66418457,-182.1198578,54.65451673226613,marker-only,0.5,40,1,0,0.373035640822325,0.9185614433767342,0.573876558140209,0.0579080503732488,0.5552353453219202,1,1
experiment_results1.csv,perturbation_run,perturbation_gap,1,2026-04-21T20:01:08+08:00,20260421_200108_277067,controlled_perturbation_study,CTChest,perspective,tp_-13.70_90.66_-182.12,Near,1,CTChest__perspective__tp_-13.70_90.66_-182.12__shot2_79.61__shot3m3m1_73.60__shot3m3m2_85.47,High,3,79.61,73.6,85.47,-13.69535542,90.66418457,-182.1198578,54.65451673226613,marker-only,0.5,41,1,0,0.3084408027680093,0.8858447615144257,0.3758220336498254,0.0579080503732488,0.7245929103558907,1,1
experiment_results1.csv,perturbation_run,perturbation_gap,1,2026-04-21T20:01:08+08:00,20260421_200108_600566,controlled_perturbation_study,CTChest,perspective,tp_-13.70_90.66_-182.12,Near,1,CTChest__perspective__tp_-13.70_90.66_-182.12__shot2_79.61__shot3m3m1_73.60__shot3m3m2_85.47,High,3,79.61,73.6,85.47,-13.69535542,90.66418457,-182.1198578,54.65451673226613,marker-only,0.5,42,1,0,0.3598803215914971,0.7942061560646657,0.6708428092182308,0.0579080503732488,0.5240561210235805,1,1
experiment_results1.csv,perturbation_run,perturbation_gap,1,2026-04-21T20:01:08+08:00,20260421_200108_922324,controlled_perturbation_study,CTChest,perspective,tp_-13.70_90.66_-182.12,Near,1,CTChest__perspective__tp_-13.70_90.66_-182.12__shot2_79.61__shot3m3m1_73.60__shot3m3m2_85.47,High,3,79.61,73.6,85.47,-13.69535542,90.66418457,-182.1198578,54.65451673226613,marker-only,0.5,43,1,0,0.1967532042753229,0.9640940970725136,0.5179386405090526,0.0579080503732488,0.4744639309868435,1,1
experiment_results1.csv,perturbation_run,perturbation_gap,1,2026-04-21T20:01:09+08:00,20260421_200109_246902,controlled_perturbation_study,CTChest,perspective,tp_-13.70_90.66_-182.12,Near,1,CTChest__perspective__tp_-13.70_90.66_-182.12__shot2_79.61__shot3m3m1_73.60__shot3m3m2_85.47,High,3,79.61,73.6,85.47,-13.69535542,90.66418457,-182.1198578,54.65451673226613,marker-only,0.5,44,1,0,0.6716192462031512,1.8828332362743128,0.2734821396724922,0.0579080503732488,0.6446074255296054,1,1
experiment_results1.csv,perturbation_run,perturbation_gap,1,2026-04-21T20:01:09+08:00,20260421_200109_558769,controlled_perturbation_study,CTChest,perspective,tp_-13.70_90.66_-182.12,Near,1,CTChest__perspective__tp_-13.70_90.66_-182.12__shot2_79.61__shot3m3m1_73.60__shot3m3m2_85.47,High,3,79.61,73.6,85.47,-13.69535542,90.66418457,-182.1198578,54.65451673226613,marker-only,0.5,45,1,0,0.6440971973239701,1.0661923730630514,0.0660151770640058,0.0579080503732488,0.5113567707678593,1,1
experiment_results1.csv,perturbation_run,perturbation_gap,1,2026-04-21T20:01:09+08:00,20260421_200109_880622,controlled_perturbation_study,CTChest,perspective,tp_-13.70_90.66_-182.12,Near,1,CTChest__perspective__tp_-13.70_90.66_-182.12__shot2_79.61__shot3m3m1_73.60__shot3m3m2_85.47,High,3,79.61,73.6,85.47,-13.69535542,90.66418457,-182.1198578,54.65451673226613,marker-only,0.5,46,1,0,0.4319472213812581,0.7844747323393902,0.3381809592780737,0.0579080503732488,0.5037757725715727,1,1
experiment_results1.csv,perturbation_run,perturbation_gap,1,2026-04-21T20:01:10+08:00,20260421_200110_200394,controlled_perturbation_study,CTChest,perspective,tp_-13.70_90.66_-182.12,Near,1,CTChest__perspective__tp_-13.70_90.66_-182.12__shot2_79.61__shot3m3m1_73.60__shot3m3m2_85.47,High,3,79.61,73.6,85.47,-13.69535542,90.66418457,-182.1198578,54.65451673226613,marker-only,0.5,47,1,0,0.1911632519240433,0.2521291287544683,0.148992617044842,0.0579080503732488,0.6474857064623877,1,1
experiment_results1.csv,perturbation_run,perturbation_gap,1,2026-04-21T20:01:10+08:00,20260421_200110_523897,controlled_perturbation_study,CTChest,perspective,tp_-13.70_90.66_-182.12,Near,1,CTChest__perspective__tp_-13.70_90.66_-182.12__shot2_79.61__shot3m3m1_73.60__shot3m3m2_85.47,High,3,79.61,73.6,85.47,-13.69535542,90.66418457,-182.1198578,54.65451673226613,marker-only,0.5,48,1,0,0.3483081739675642,1.6077951891752962,0.2524484478608467,0.0579080503732488,0.5644540754734789,1,1
experiment_results1.csv,perturbation_run,perturbation_gap,1,2026-04-21T20:01:10+08:00,20260421_200110_841820,controlled_perturbation_study,CTChest,perspective,tp_-13.70_90.66_-182.12,Near,1,CTChest__perspective__tp_-13.70_90.66_-182.12__shot2_79.61__shot3m3m1_73.60__shot3m3m2_85.47,High,3,79.61,73.6,85.47,-13.69535542,90.66418457,-182.1198578,54.65451673226613,marker-only,0.5,49,1,0,0.2014276556927421,0.2177909335491673,0.4034585599167291,0.0579080503732488,0.5733728018817607,1,1
experiment_results1.csv,perturbation_run,perturbation_gap,1,2026-04-21T20:01:11+08:00,20260421_200111_170232,controlled_perturbation_study,CTChest,perspective,tp_-13.70_90.66_-182.12,Near,1,CTChest__perspective__tp_-13.70_90.66_-182.12__shot2_79.61__shot3m3m1_73.60__shot3m3m2_85.47,High,3,79.61,73.6,85.47,-13.69535542,90.66418457,-182.1198578,54.65451673226613,marker-only,0.5,50,1,0,0.3318073718334367,1.6554099437513283,0.1455595316554064,0.0579080503732488,0.6460330739768058,1,1
experiment_results1.csv,perturbation_run,perturbation_gap,1,2026-04-21T20:01:15+08:00,20260421_200115_930389,controlled_perturbation_study,CTChest,perspective,tp_-13.70_90.66_-182.12,Near,1,CTChest__perspective__tp_-13.70_90.66_-182.12__shot2_79.61__shot3m3m1_73.60__shot3m3m2_85.47,High,3,79.61,73.6,85.47,-13.69535542,90.66418457,-182.1198578,54.65451673226613,marker-only,1.0,1,1,0,0.7028542961988778,0.4110353669084731,0.0972008977183384,0.0579080503732488,0.9888656226311082,1,1
experiment_results1.csv,perturbation_run,perturbation_gap,1,2026-04-21T20:01:16+08:00,20260421_200116_232543,controlled_perturbation_study,CTChest,perspective,tp_-13.70_90.66_-182.12,Near,1,CTChest__perspective__tp_-13.70_90.66_-182.12__shot2_79.61__shot3m3m1_73.60__shot3m3m2_85.47,High,3,79.61,73.6,85.47,-13.69535542,90.66418457,-182.1198578,54.65451673226613,marker-only,1.0,2,1,0,0.8706588344527363,2.156351369150733,0.8046394046296426,0.0579080503732488,1.0977299833290797,1,1
experiment_results1.csv,perturbation_run,perturbation_gap,1,2026-04-21T20:01:16+08:00,20260421_200116_530609,controlled_perturbation_study,CTChest,perspective,tp_-13.70_90.66_-182.12,Near,1,CTChest__perspective__tp_-13.70_90.66_-182.12__shot2_79.61__shot3m3m1_73.60__shot3m3m2_85.47,High,3,79.61,73.6,85.47,-13.69535542,90.66418457,-182.1198578,54.65451673226613,marker-only,1.0,3,1,0,0.8406594462009025,1.3809814492015224,0.2055691116608698,0.0579080503732488,1.0465546003796218,1,1
experiment_results1.csv,perturbation_run,perturbation_gap,1,2026-04-21T20:01:16+08:00,20260421_200116_820719,controlled_perturbation_study,CTChest,perspective,tp_-13.70_90.66_-182.12,Near,1,CTChest__perspective__tp_-13.70_90.66_-182.12__shot2_79.61__shot3m3m1_73.60__shot3m3m2_85.47,High,3,79.61,73.6,85.47,-13.69535542,90.66418457,-182.1198578,54.65451673226613,marker-only,1.0,4,1,0,0.2525611364355182,2.566079429503671,0.2999674777855906,0.0579080503732488,1.3510624989048587,1,1
experiment_results1.csv,perturbation_run,perturbation_gap,1,2026-04-21T20:01:17+08:00,20260421_200117_120332,controlled_perturbation_study,CTChest,perspective,tp_-13.70_90.66_-182.12,Near,1,CTChest__perspective__tp_-13.70_90.66_-182.12__shot2_79.61__shot3m3m1_73.60__shot3m3m2_85.47,High,3,79.61,73.6,85.47,-13.69535542,90.66418457,-182.1198578,54.65451673226613,marker-only,1.0,5,1,0,0.2473200377566004,0.5496947715665526,0.8212256310161555,0.0579080503732488,1.1158038783309914,1,1
experiment_results1.csv,perturbation_run,perturbation_gap,1,2026-04-21T20:01:17+08:00,20260421_200117_403464,controlled_perturbation_study,CTChest,perspective,tp_-13.70_90.66_-182.12,Near,1,CTChest__perspective__tp_-13.70_90.66_-182.12__shot2_79.61__shot3m3m1_73.60__shot3m3m2_85.47,High,3,79.61,73.6,85.47,-13.69535542,90.66418457,-182.1198578,54.65451673226613,marker-only,1.0,6,1,0,0.8023109931980738,2.987316804028059,0.2116248673046292,0.0579080503732488,1.119336523781345,1,1
experiment_results1.csv,perturbation_run,perturbation_gap,1,2026-04-21T20:01:17+08:00,20260421_200117_698851,controlled_perturbation_study,CTChest,perspective,tp_-13.70_90.66_-182.12,Near,1,CTChest__perspective__tp_-13.70_90.66_-182.12__shot2_79.61__shot3m3m1_73.60__shot3m3m2_85.47,High,3,79.61,73.6,85.47,-13.69535542,90.66418457,-182.1198578,54.65451673226613,marker-only,1.0,7,1,0,0.6903217065747969,1.7267434636206966,0.1949498784558479,0.0579080503732488,1.0979766893534206,1,1
experiment_results1.csv,perturbation_run,perturbation_gap,1,2026-04-21T20:01:17+08:00,20260421_200117_991968,controlled_perturbation_study,CTChest,perspective,tp_-13.70_90.66_-182.12,Near,1,CTChest__perspective__tp_-13.70_90.66_-182.12__shot2_79.61__shot3m3m1_73.60__shot3m3m2_85.47,High,3,79.61,73.6,85.47,-13.69535542,90.66418457,-182.1198578,54.65451673226613,marker-only,1.0,8,1,0,0.4677616757842064,1.667999381505405,0.5333962458639218,0.0579080503732488,0.9286382966189688,1,1
experiment_results1.csv,perturbation_run,perturbation_gap,1,2026-04-21T20:01:18+08:00,20260421_200118_305568,controlled_perturbation_study,CTChest,perspective,tp_-13.70_90.66_-182.12,Near,1,CTChest__perspective__tp_-13.70_90.66_-182.12__shot2_79.61__shot3m3m1_73.60__shot3m3m2_85.47,High,3,79.61,73.6,85.47,-13.69535542,90.66418457,-182.1198578,54.65451673226613,marker-only,1.0,9,1,0,0.1086788457117139,0.256634521925382,0.6891042151331408,0.0579080503732488,1.1432430769556927,1,1
experiment_results1.csv,perturbation_run,perturbation_gap,1,2026-04-21T20:01:18+08:00,20260421_200118_608809,controlled_perturbation_study,CTChest,perspective,tp_-13.70_90.66_-182.12,Near,1,CTChest__perspective__tp_-13.70_90.66_-182.12__shot2_79.61__shot3m3m1_73.60__shot3m3m2_85.47,High,3,79.61,73.6,85.47,-13.69535542,90.66418457,-182.1198578,54.65451673226613,marker-only,1.0,10,1,0,0.4408254273426148,0.9160431014762188,0.3219166112778522,0.0579080503732488,1.1122837684928806,1,1
experiment_results1.csv,perturbation_run,perturbation_gap,1,2026-04-21T20:01:18+08:00,20260421_200118_922793,controlled_perturbation_study,CTChest,perspective,tp_-13.70_90.66_-182.12,Near,1,CTChest__perspective__tp_-13.70_90.66_-182.12__shot2_79.61__shot3m3m1_73.60__shot3m3m2_85.47,High,3,79.61,73.6,85.47,-13.69535542,90.66418457,-182.1198578,54.65451673226613,marker-only,1.0,11,1,0,0.1404274904870468,0.5051423200756738,0.1151960689022893,0.0579080503732488,1.0833463835972148,1,1
experiment_results1.csv,perturbation_run,perturbation_gap,1,2026-04-21T20:01:19+08:00,20260421_200119_239731,controlled_perturbation_study,CTChest,perspective,tp_-13.70_90.66_-182.12,Near,1,CTChest__perspective__tp_-13.70_90.66_-182.12__shot2_79.61__shot3m3m1_73.60__shot3m3m2_85.47,High,3,79.61,73.6,85.47,-13.69535542,90.66418457,-182.1198578,54.65451673226613,marker-only,1.0,12,1,0,0.5492690862140714,1.4788587817050944,0.8967493642474523,0.0579080503732488,1.1746497061080086,1,1
experiment_results1.csv,perturbation_run,perturbation_gap,1,2026-04-21T20:01:19+08:00,20260421_200119_557102,controlled_perturbation_study,CTChest,perspective,tp_-13.70_90.66_-182.12,Near,1,CTChest__perspective__tp_-13.70_90.66_-182.12__shot2_79.61__shot3m3m1_73.60__shot3m3m2_85.47,High,3,79.61,73.6,85.47,-13.69535542,90.66418457,-182.1198578,54.65451673226613,marker-only,1.0,13,1,0,0.4364772912282428,1.2478903083937394,1.032695403569362,0.0579080503732488,1.2765537603032862,1,1
experiment_results1.csv,perturbation_run,perturbation_gap,1,2026-04-21T20:01:19+08:00,20260421_200119_870415,controlled_perturbation_study,CTChest,perspective,tp_-13.70_90.66_-182.12,Near,1,CTChest__perspective__tp_-13.70_90.66_-182.12__shot2_79.61__shot3m3m1_73.60__shot3m3m2_85.47,High,3,79.61,73.6,85.47,-13.69535542,90.66418457,-182.1198578,54.65451673226613,marker-only,1.0,14,1,0,0.4030107246225994,0.5339647677729911,0.4313669607560724,0.0579080503732488,1.2182608943591504,1,1
experiment_results1.csv,perturbation_run,perturbation_gap,1,2026-04-21T20:01:20+08:00,20260421_200120_193952,controlled_perturbation_study,CTChest,perspective,tp_-13.70_90.66_-182.12,Near,1,CTChest__perspective__tp_-13.70_90.66_-182.12__shot2_79.61__shot3m3m1_73.60__shot3m3m2_85.47,High,3,79.61,73.6,85.47,-13.69535542,90.66418457,-182.1198578,54.65451673226613,marker-only,1.0,15,1,0,0.7987391104093242,1.839805547656952,0.917290633659863,0.0579080503732488,1.003261516240478,1,1
experiment_results1.csv,perturbation_run,perturbation_gap,1,2026-04-21T20:01:20+08:00,20260421_200120_514037,controlled_perturbation_study,CTChest,perspective,tp_-13.70_90.66_-182.12,Near,1,CTChest__perspective__tp_-13.70_90.66_-182.12__shot2_79.61__shot3m3m1_73.60__shot3m3m2_85.47,High,3,79.61,73.6,85.47,-13.69535542,90.66418457,-182.1198578,54.65451673226613,marker-only,1.0,16,1,0,0.2503009385368527,1.654785509150238,0.025046399227919,0.0579080503732488,1.080947345842971,1,1
experiment_results1.csv,perturbation_run,perturbation_gap,1,2026-04-21T20:01:20+08:00,20260421_200120_833303,controlled_perturbation_study,CTChest,perspective,tp_-13.70_90.66_-182.12,Near,1,CTChest__perspective__tp_-13.70_90.66_-182.12__shot2_79.61__shot3m3m1_73.60__shot3m3m2_85.47,High,3,79.61,73.6,85.47,-13.69535542,90.66418457,-182.1198578,54.65451673226613,marker-only,1.0,17,1,0,0.9282728744066652,1.16792549597992,0.4413055573652509,0.0579080503732488,1.2298979280461,1,1
experiment_results1.csv,perturbation_run,perturbation_gap,1,2026-04-21T20:01:21+08:00,20260421_200121_161132,controlled_perturbation_study,CTChest,perspective,tp_-13.70_90.66_-182.12,Near,1,CTChest__perspective__tp_-13.70_90.66_-182.12__shot2_79.61__shot3m3m1_73.60__shot3m3m2_85.47,High,3,79.61,73.6,85.47,-13.69535542,90.66418457,-182.1198578,54.65451673226613,marker-only,1.0,18,1,0,0.4141788229135691,1.2403011162193966,0.2543554743344358,0.0579080503732488,0.9363139619178056,1,1
experiment_results1.csv,perturbation_run,perturbation_gap,1,2026-04-21T20:01:21+08:00,20260421_200121_485435,controlled_perturbation_study,CTChest,perspective,tp_-13.70_90.66_-182.12,Near,1,CTChest__perspective__tp_-13.70_90.66_-182.12__shot2_79.61__shot3m3m1_73.60__shot3m3m2_85.47,High,3,79.61,73.6,85.47,-13.69535542,90.66418457,-182.1198578,54.65451673226613,marker-only,1.0,19,1,0,0.3603388194223236,0.2942363615728559,0.7641620805064867,0.0579080503732488,1.2245731877892554,1,1
experiment_results1.csv,perturbation_run,perturbation_gap,1,2026-04-21T20:01:21+08:00,20260421_200121_804003,controlled_perturbation_study,CTChest,perspective,tp_-13.70_90.66_-182.12,Near,1,CTChest__perspective__tp_-13.70_90.66_-182.12__shot2_79.61__shot3m3m1_73.60__shot3m3m2_85.47,High,3,79.61,73.6,85.47,-13.69535542,90.66418457,-182.1198578,54.65451673226613,marker-only,1.0,20,1,0,0.4487110591080619,1.711325385147202,1.2079205460913272,0.0579080503732488,1.3362658512959136,1,1
experiment_results1.csv,perturbation_run,perturbation_gap,1,2026-04-21T20:01:22+08:00,20260421_200122_128631,controlled_perturbation_study,CTChest,perspective,tp_-13.70_90.66_-182.12,Near,1,CTChest__perspective__tp_-13.70_90.66_-182.12__shot2_79.61__shot3m3m1_73.60__shot3m3m2_85.47,High,3,79.61,73.6,85.47,-13.69535542,90.66418457,-182.1198578,54.65451673226613,marker-only,1.0,21,1,0,0.3656654457573022,0.4854511918225501,0.1409583408042722,0.0579080503732488,1.2589863214487187,1,1
experiment_results1.csv,perturbation_run,perturbation_gap,1,2026-04-21T20:01:22+08:00,20260421_200122_447057,controlled_perturbation_study,CTChest,perspective,tp_-13.70_90.66_-182.12,Near,1,CTChest__perspective__tp_-13.70_90.66_-182.12__shot2_79.61__shot3m3m1_73.60__shot3m3m2_85.47,High,3,79.61,73.6,85.47,-13.69535542,90.66418457,-182.1198578,54.65451673226613,marker-only,1.0,22,1,0,0.5233923142959367,1.9542113361884528,0.0311076401231605,0.0579080503732488,1.1926819686879129,1,1
experiment_results1.csv,perturbation_run,perturbation_gap,1,2026-04-21T20:01:22+08:00,20260421_200122_765356,controlled_perturbation_study,CTChest,perspective,tp_-13.70_90.66_-182.12,Near,1,CTChest__perspective__tp_-13.70_90.66_-182.12__shot2_79.61__shot3m3m1_73.60__shot3m3m2_85.47,High,3,79.61,73.6,85.47,-13.69535542,90.66418457,-182.1198578,54.65451673226613,marker-only,1.0,23,1,0,0.2374341436067603,1.5081438218939192,0.6765470190913455,0.0579080503732488,1.0472489788763495,1,1
experiment_results1.csv,perturbation_run,perturbation_gap,1,2026-04-21T20:01:23+08:00,20260421_200123_083216,controlled_perturbation_study,CTChest,perspective,tp_-13.70_90.66_-182.12,Near,1,CTChest__perspective__tp_-13.70_90.66_-182.12__shot2_79.61__shot3m3m1_73.60__shot3m3m2_85.47,High,3,79.61,73.6,85.47,-13.69535542,90.66418457,-182.1198578,54.65451673226613,marker-only,1.0,24,1,0,0.7654470803001663,0.8081376385430804,0.3139787769002383,0.0579080503732488,1.1690607162001658,1,1
experiment_results1.csv,perturbation_run,perturbation_gap,1,2026-04-21T20:01:23+08:00,20260421_200123_404697,controlled_perturbation_study,CTChest,perspective,tp_-13.70_90.66_-182.12,Near,1,CTChest__perspective__tp_-13.70_90.66_-182.12__shot2_79.61__shot3m3m1_73.60__shot3m3m2_85.47,High,3,79.61,73.6,85.47,-13.69535542,90.66418457,-182.1198578,54.65451673226613,marker-only,1.0,25,1,0,0.6751828403062599,1.750810811596946,0.2988740495979237,0.0579080503732488,1.1889410554496638,1,1
experiment_results1.csv,perturbation_run,perturbation_gap,1,2026-04-21T20:01:23+08:00,20260421_200123_720908,controlled_perturbation_study,CTChest,perspective,tp_-13.70_90.66_-182.12,Near,1,CTChest__perspective__tp_-13.70_90.66_-182.12__shot2_79.61__shot3m3m1_73.60__shot3m3m2_85.47,High,3,79.61,73.6,85.47,-13.69535542,90.66418457,-182.1198578,54.65451673226613,marker-only,1.0,26,1,0,1.3719137189545394,4.15329384799424,0.3049072996198242,0.0579080503732488,1.1946102228302071,1,1
experiment_results1.csv,perturbation_run,perturbation_gap,1,2026-04-21T20:01:24+08:00,20260421_200124_043070,controlled_perturbation_study,CTChest,perspective,tp_-13.70_90.66_-182.12,Near,1,CTChest__perspective__tp_-13.70_90.66_-182.12__shot2_79.61__shot3m3m1_73.60__shot3m3m2_85.47,High,3,79.61,73.6,85.47,-13.69535542,90.66418457,-182.1198578,54.65451673226613,marker-only,1.0,27,1,0,0.9783360204417956,2.246410913146207,0.1158467677899988,0.0579080503732488,1.2817336287130494,1,1
experiment_results1.csv,perturbation_run,perturbation_gap,1,2026-04-21T20:01:24+08:00,20260421_200124_366754,controlled_perturbation_study,CTChest,perspective,tp_-13.70_90.66_-182.12,Near,1,CTChest__perspective__tp_-13.70_90.66_-182.12__shot2_79.61__shot3m3m1_73.60__shot3m3m2_85.47,High,3,79.61,73.6,85.47,-13.69535542,90.66418457,-182.1198578,54.65451673226613,marker-only,1.0,28,1,0,0.2671929121443188,2.1108148910162434,0.9107523968833126,0.0579080503732488,1.290130685313316,1,1
experiment_results1.csv,perturbation_run,perturbation_gap,1,2026-04-21T20:01:24+08:00,20260421_200124_684309,controlled_perturbation_study,CTChest,perspective,tp_-13.70_90.66_-182.12,Near,1,CTChest__perspective__tp_-13.70_90.66_-182.12__shot2_79.61__shot3m3m1_73.60__shot3m3m2_85.47,High,3,79.61,73.6,85.47,-13.69535542,90.66418457,-182.1198578,54.65451673226613,marker-only,1.0,29,1,0,0.8912144423132099,2.1435023206705703,0.6248050641208754,0.0579080503732488,1.370861580300134,1,1
experiment_results1.csv,perturbation_run,perturbation_gap,1,2026-04-21T20:01:25+08:00,20260421_200125_005234,controlled_perturbation_study,CTChest,perspective,tp_-13.70_90.66_-182.12,Near,1,CTChest__perspective__tp_-13.70_90.66_-182.12__shot2_79.61__shot3m3m1_73.60__shot3m3m2_85.47,High,3,79.61,73.6,85.47,-13.69535542,90.66418457,-182.1198578,54.65451673226613,marker-only,1.0,30,1,0,0.4821441022892114,0.623023864842253,0.7796903302046678,0.0579080503732488,1.3730435410132522,1,1
experiment_results1.csv,perturbation_run,perturbation_gap,1,2026-04-21T20:01:25+08:00,20260421_200125_340315,controlled_perturbation_study,CTChest,perspective,tp_-13.70_90.66_-182.12,Near,1,CTChest__perspective__tp_-13.70_90.66_-182.12__shot2_79.61__shot3m3m1_73.60__shot3m3m2_85.47,High,3,79.61,73.6,85.47,-13.69535542,90.66418457,-182.1198578,54.65451673226613,marker-only,1.0,31,1,0,0.5363267157731474,0.8385447541740269,0.6102715470001373,0.0579080503732488,1.2127859980731803,1,1
experiment_results1.csv,perturbation_run,perturbation_gap,1,2026-04-21T20:01:25+08:00,20260421_200125_662426,controlled_perturbation_study,CTChest,perspective,tp_-13.70_90.66_-182.12,Near,1,CTChest__perspective__tp_-13.70_90.66_-182.12__shot2_79.61__shot3m3m1_73.60__shot3m3m2_85.47,High,3,79.61,73.6,85.47,-13.69535542,90.66418457,-182.1198578,54.65451673226613,marker-only,1.0,32,1,0,0.8108456301995148,1.325141505993077,1.0248106193972495,0.0579080503732488,0.9529140496217168,1,1
experiment_results1.csv,perturbation_run,perturbation_gap,1,2026-04-21T20:01:25+08:00,20260421_200125_990176,controlled_perturbation_study,CTChest,perspective,tp_-13.70_90.66_-182.12,Near,1,CTChest__perspective__tp_-13.70_90.66_-182.12__shot2_79.61__shot3m3m1_73.60__shot3m3m2_85.47,High,3,79.61,73.6,85.47,-13.69535542,90.66418457,-182.1198578,54.65451673226613,marker-only,1.0,33,1,0,0.725769812373627,1.8676192559018765,0.3913655669007475,0.0579080503732488,1.0430249239262686,1,1
experiment_results1.csv,perturbation_run,perturbation_gap,1,2026-04-21T20:01:26+08:00,20260421_200126_313875,controlled_perturbation_study,CTChest,perspective,tp_-13.70_90.66_-182.12,Near,1,CTChest__perspective__tp_-13.70_90.66_-182.12__shot2_79.61__shot3m3m1_73.60__shot3m3m2_85.47,High,3,79.61,73.6,85.47,-13.69535542,90.66418457,-182.1198578,54.65451673226613,marker-only,1.0,34,1,0,0.7581584828288339,1.1273673388426777,0.0317503035700699,0.0579080503732488,1.021510747494993,1,1
experiment_results1.csv,perturbation_run,perturbation_gap,1,2026-04-21T20:01:26+08:00,20260421_200126_645334,controlled_perturbation_study,CTChest,perspective,tp_-13.70_90.66_-182.12,Near,1,CTChest__perspective__tp_-13.70_90.66_-182.12__shot2_79.61__shot3m3m1_73.60__shot3m3m2_85.47,High,3,79.61,73.6,85.47,-13.69535542,90.66418457,-182.1198578,54.65451673226613,marker-only,1.0,35,1,0,0.54066698871745,1.0325540140952263,0.6837754691398505,0.0579080503732488,1.1896984072899273,1,1
experiment_results1.csv,perturbation_run,perturbation_gap,1,2026-04-21T20:01:26+08:00,20260421_200126_976772,controlled_perturbation_study,CTChest,perspective,tp_-13.70_90.66_-182.12,Near,1,CTChest__perspective__tp_-13.70_90.66_-182.12__shot2_79.61__shot3m3m1_73.60__shot3m3m2_85.47,High,3,79.61,73.6,85.47,-13.69535542,90.66418457,-182.1198578,54.65451673226613,marker-only,1.0,36,1,0,0.3560924936069294,1.689980817187228,0.0015632572187575,0.0579080503732488,1.3434502476960677,1,1
experiment_results1.csv,perturbation_run,perturbation_gap,1,2026-04-21T20:01:27+08:00,20260421_200127_311602,controlled_perturbation_study,CTChest,perspective,tp_-13.70_90.66_-182.12,Near,1,CTChest__perspective__tp_-13.70_90.66_-182.12__shot2_79.61__shot3m3m1_73.60__shot3m3m2_85.47,High,3,79.61,73.6,85.47,-13.69535542,90.66418457,-182.1198578,54.65451673226613,marker-only,1.0,37,1,0,0.7958619619602894,3.842753074719017,0.489680452118653,0.0579080503732488,1.2967767237418326,1,1
experiment_results1.csv,perturbation_run,perturbation_gap,1,2026-04-21T20:01:27+08:00,20260421_200127_635523,controlled_perturbation_study,CTChest,perspective,tp_-13.70_90.66_-182.12,Near,1,CTChest__perspective__tp_-13.70_90.66_-182.12__shot2_79.61__shot3m3m1_73.60__shot3m3m2_85.47,High,3,79.61,73.6,85.47,-13.69535542,90.66418457,-182.1198578,54.65451673226613,marker-only,1.0,38,1,0,0.4617902979763476,0.4922111502158696,0.120922200828315,0.0579080503732488,1.1391064368915227,1,1
experiment_results1.csv,perturbation_run,perturbation_gap,1,2026-04-21T20:01:27+08:00,20260421_200127_971995,controlled_perturbation_study,CTChest,perspective,tp_-13.70_90.66_-182.12,Near,1,CTChest__perspective__tp_-13.70_90.66_-182.12__shot2_79.61__shot3m3m1_73.60__shot3m3m2_85.47,High,3,79.61,73.6,85.47,-13.69535542,90.66418457,-182.1198578,54.65451673226613,marker-only,1.0,39,1,0,0.4667089665804315,1.034355012092366,0.8962567163376689,0.0579080503732488,1.0057248023318095,1,1
experiment_results1.csv,perturbation_run,perturbation_gap,1,2026-04-21T20:01:28+08:00,20260421_200128_296415,controlled_perturbation_study,CTChest,perspective,tp_-13.70_90.66_-182.12,Near,1,CTChest__perspective__tp_-13.70_90.66_-182.12__shot2_79.61__shot3m3m1_73.60__shot3m3m2_85.47,High,3,79.61,73.6,85.47,-13.69535542,90.66418457,-182.1198578,54.65451673226613,marker-only,1.0,40,1,0,0.5889357117290582,1.48850389499504,0.6685163838121387,0.0579080503732488,0.9861030214219992,1,1
experiment_results1.csv,perturbation_run,perturbation_gap,1,2026-04-21T20:01:28+08:00,20260421_200128_622545,controlled_perturbation_study,CTChest,perspective,tp_-13.70_90.66_-182.12,Near,1,CTChest__perspective__tp_-13.70_90.66_-182.12__shot2_79.61__shot3m3m1_73.60__shot3m3m2_85.47,High,3,79.61,73.6,85.47,-13.69535542,90.66418457,-182.1198578,54.65451673226613,marker-only,1.0,41,1,0,0.5907277352546252,1.6141527438556482,0.5308705937526788,0.0579080503732488,0.9470176107060064,1,1
experiment_results1.csv,perturbation_run,perturbation_gap,1,2026-04-21T20:01:28+08:00,20260421_200128_942232,controlled_perturbation_study,CTChest,perspective,tp_-13.70_90.66_-182.12,Near,1,CTChest__perspective__tp_-13.70_90.66_-182.12__shot2_79.61__shot3m3m1_73.60__shot3m3m2_85.47,High,3,79.61,73.6,85.47,-13.69535542,90.66418457,-182.1198578,54.65451673226613,marker-only,1.0,42,1,0,0.1078508292808309,0.8326617354385121,0.0089899670241484,0.0579080503732488,1.2044765922718643,1,1
experiment_results1.csv,perturbation_run,perturbation_gap,1,2026-04-21T20:01:29+08:00,20260421_200129_269951,controlled_perturbation_study,CTChest,perspective,tp_-13.70_90.66_-182.12,Near,1,CTChest__perspective__tp_-13.70_90.66_-182.12__shot2_79.61__shot3m3m1_73.60__shot3m3m2_85.47,High,3,79.61,73.6,85.47,-13.69535542,90.66418457,-182.1198578,54.65451673226613,marker-only,1.0,43,1,0,0.4908488473445312,2.174917257774477,0.1721236961555213,0.0579080503732488,1.2165679660954063,1,1
experiment_results1.csv,perturbation_run,perturbation_gap,1,2026-04-21T20:01:29+08:00,20260421_200129_593376,controlled_perturbation_study,CTChest,perspective,tp_-13.70_90.66_-182.12,Near,1,CTChest__perspective__tp_-13.70_90.66_-182.12__shot2_79.61__shot3m3m1_73.60__shot3m3m2_85.47,High,3,79.61,73.6,85.47,-13.69535542,90.66418457,-182.1198578,54.65451673226613,marker-only,1.0,44,1,0,0.2158322963540953,0.617115336158236,0.7362532995428963,0.0579080503732488,1.354034713837736,1,1
experiment_results1.csv,perturbation_run,perturbation_gap,1,2026-04-21T20:01:29+08:00,20260421_200129_914741,controlled_perturbation_study,CTChest,perspective,tp_-13.70_90.66_-182.12,Near,1,CTChest__perspective__tp_-13.70_90.66_-182.12__shot2_79.61__shot3m3m1_73.60__shot3m3m2_85.47,High,3,79.61,73.6,85.47,-13.69535542,90.66418457,-182.1198578,54.65451673226613,marker-only,1.0,45,1,0,0.5149231324893084,0.4898424674721536,1.8696291293965523,0.0579080503732488,1.1062986611611212,1,1
experiment_results1.csv,perturbation_run,perturbation_gap,1,2026-04-21T20:01:30+08:00,20260421_200130_243316,controlled_perturbation_study,CTChest,perspective,tp_-13.70_90.66_-182.12,Near,1,CTChest__perspective__tp_-13.70_90.66_-182.12__shot2_79.61__shot3m3m1_73.60__shot3m3m2_85.47,High,3,79.61,73.6,85.47,-13.69535542,90.66418457,-182.1198578,54.65451673226613,marker-only,1.0,46,1,0,0.2772316803935962,1.5503346833198348,0.6961589749583037,0.0579080503732488,1.225067577527262,1,1
experiment_results1.csv,perturbation_run,perturbation_gap,1,2026-04-21T20:01:30+08:00,20260421_200130_576428,controlled_perturbation_study,CTChest,perspective,tp_-13.70_90.66_-182.12,Near,1,CTChest__perspective__tp_-13.70_90.66_-182.12__shot2_79.61__shot3m3m1_73.60__shot3m3m2_85.47,High,3,79.61,73.6,85.47,-13.69535542,90.66418457,-182.1198578,54.65451673226613,marker-only,1.0,47,1,0,0.1997240156524408,1.0802896220914011,0.0605673102853416,0.0579080503732488,1.2200667177762696,1,1
experiment_results1.csv,perturbation_run,perturbation_gap,1,2026-04-21T20:01:30+08:00,20260421_200130_897821,controlled_perturbation_study,CTChest,perspective,tp_-13.70_90.66_-182.12,Near,1,CTChest__perspective__tp_-13.70_90.66_-182.12__shot2_79.61__shot3m3m1_73.60__shot3m3m2_85.47,High,3,79.61,73.6,85.47,-13.69535542,90.66418457,-182.1198578,54.65451673226613,marker-only,1.0,48,1,0,0.4433825297584811,1.2880532074963402,1.0099536379206882,0.0579080503732488,1.0296295608953854,1,1
experiment_results1.csv,perturbation_run,perturbation_gap,1,2026-04-21T20:01:31+08:00,20260421_200131_230074,controlled_perturbation_study,CTChest,perspective,tp_-13.70_90.66_-182.12,Near,1,CTChest__perspective__tp_-13.70_90.66_-182.12__shot2_79.61__shot3m3m1_73.60__shot3m3m2_85.47,High,3,79.61,73.6,85.47,-13.69535542,90.66418457,-182.1198578,54.65451673226613,marker-only,1.0,49,1,0,0.3121401544562669,0.5734832405101385,0.2650242490534072,0.0579080503732488,1.1046219711050076,1,1
experiment_results1.csv,perturbation_run,perturbation_gap,1,2026-04-21T20:01:31+08:00,20260421_200131_557498,controlled_perturbation_study,CTChest,perspective,tp_-13.70_90.66_-182.12,Near,1,CTChest__perspective__tp_-13.70_90.66_-182.12__shot2_79.61__shot3m3m1_73.60__shot3m3m2_85.47,High,3,79.61,73.6,85.47,-13.69535542,90.66418457,-182.1198578,54.65451673226613,marker-only,1.0,50,1,0,0.3838344553216344,0.1286284392306429,0.5582190597101405,0.0579080503732488,1.2189534391091412,1,1
experiment_results1.csv,perturbation_run,perturbation_gap,1,2026-04-21T20:01:35+08:00,20260421_200135_887427,controlled_perturbation_study,CTChest,perspective,tp_-13.70_90.66_-182.12,Near,1,CTChest__perspective__tp_-13.70_90.66_-182.12__shot2_79.61__shot3m3m1_73.60__shot3m3m2_85.47,High,3,79.61,73.6,85.47,-13.69535542,90.66418457,-182.1198578,54.65451673226613,marker-only,2.0,1,1,0,1.1913994249616515,8.35468767342603,1.3173941693243325,0.0579080503732488,2.59678378676432,1,1
experiment_results1.csv,perturbation_run,perturbation_gap,1,2026-04-21T20:01:36+08:00,20260421_200136_190525,controlled_perturbation_study,CTChest,perspective,tp_-13.70_90.66_-182.12,Near,1,CTChest__perspective__tp_-13.70_90.66_-182.12__shot2_79.61__shot3m3m1_73.60__shot3m3m2_85.47,High,3,79.61,73.6,85.47,-13.69535542,90.66418457,-182.1198578,54.65451673226613,marker-only,2.0,2,1,0,0.4598037545805525,3.828045614010977,2.049176654405281,0.0579080503732488,2.667320009887032,1,1
experiment_results1.csv,perturbation_run,perturbation_gap,1,2026-04-21T20:01:36+08:00,20260421_200136_497190,controlled_perturbation_study,CTChest,perspective,tp_-13.70_90.66_-182.12,Near,1,CTChest__perspective__tp_-13.70_90.66_-182.12__shot2_79.61__shot3m3m1_73.60__shot3m3m2_85.47,High,3,79.61,73.6,85.47,-13.69535542,90.66418457,-182.1198578,54.65451673226613,marker-only,2.0,3,1,0,1.8868063738866856,8.042198485035826,1.1859538517581305,0.0579080503732488,2.6204014014425723,1,1
experiment_results1.csv,perturbation_run,perturbation_gap,1,2026-04-21T20:01:36+08:00,20260421_200136_800601,controlled_perturbation_study,CTChest,perspective,tp_-13.70_90.66_-182.12,Near,1,CTChest__perspective__tp_-13.70_90.66_-182.12__shot2_79.61__shot3m3m1_73.60__shot3m3m2_85.47,High,3,79.61,73.6,85.47,-13.69535542,90.66418457,-182.1198578,54.65451673226613,marker-only,2.0,4,1,0,1.0285230546804904,2.768049469218117,0.57939191029389,0.0579080503732488,2.151310362380201,1,1
experiment_results1.csv,perturbation_run,perturbation_gap,1,2026-04-21T20:01:37+08:00,20260421_200137_103403,controlled_perturbation_study,CTChest,perspective,tp_-13.70_90.66_-182.12,Near,1,CTChest__perspective__tp_-13.70_90.66_-182.12__shot2_79.61__shot3m3m1_73.60__shot3m3m2_85.47,High,3,79.61,73.6,85.47,-13.69535542,90.66418457,-182.1198578,54.65451673226613,marker-only,2.0,5,1,0,0.7865879467740022,4.129832887490168,1.5015288003583245,0.0579080503732488,2.7026656674222367,1,1
experiment_results1.csv,perturbation_run,perturbation_gap,1,2026-04-21T20:01:37+08:00,20260421_200137_395203,controlled_perturbation_study,CTChest,perspective,tp_-13.70_90.66_-182.12,Near,1,CTChest__perspective__tp_-13.70_90.66_-182.12__shot2_79.61__shot3m3m1_73.60__shot3m3m2_85.47,High,3,79.61,73.6,85.47,-13.69535542,90.66418457,-182.1198578,54.65451673226613,marker-only,2.0,6,1,0,0.6312230557251644,2.1333721174250737,1.628807788464905,0.0579080503732488,2.3319481817928303,1,1
experiment_results1.csv,perturbation_run,perturbation_gap,1,2026-04-21T20:01:37+08:00,20260421_200137_685278,controlled_perturbation_study,CTChest,perspective,tp_-13.70_90.66_-182.12,Near,1,CTChest__perspective__tp_-13.70_90.66_-182.12__shot2_79.61__shot3m3m1_73.60__shot3m3m2_85.47,High,3,79.61,73.6,85.47,-13.69535542,90.66418457,-182.1198578,54.65451673226613,marker-only,2.0,7,1,0,2.68752584042042,5.883750314790004,1.4999910181410907,0.0579080503732488,2.680296901689042,1,1
experiment_results1.csv,perturbation_run,perturbation_gap,1,2026-04-21T20:01:37+08:00,20260421_200137_974089,controlled_perturbation_study,CTChest,perspective,tp_-13.70_90.66_-182.12,Near,1,CTChest__perspective__tp_-13.70_90.66_-182.12__shot2_79.61__shot3m3m1_73.60__shot3m3m2_85.47,High,3,79.61,73.6,85.47,-13.69535542,90.66418457,-182.1198578,54.65451673226613,marker-only,2.0,8,1,0,0.426749827236471,8.311766685033549,1.204333212105278,0.0579080503732488,2.3874356080388,1,1
experiment_results1.csv,perturbation_run,perturbation_gap,1,2026-04-21T20:01:38+08:00,20260421_200138_259698,controlled_perturbation_study,CTChest,perspective,tp_-13.70_90.66_-182.12,Near,1,CTChest__perspective__tp_-13.70_90.66_-182.12__shot2_79.61__shot3m3m1_73.60__shot3m3m2_85.47,High,3,79.61,73.6,85.47,-13.69535542,90.66418457,-182.1198578,54.65451673226613,marker-only,2.0,9,1,0,1.3023644038417528,3.274741866238412,0.9476927202772818,0.0579080503732488,2.493996527310176,1,1
experiment_results1.csv,perturbation_run,perturbation_gap,1,2026-04-21T20:01:38+08:00,20260421_200138_550768,controlled_perturbation_study,CTChest,perspective,tp_-13.70_90.66_-182.12,Near,1,CTChest__perspective__tp_-13.70_90.66_-182.12__shot2_79.61__shot3m3m1_73.60__shot3m3m2_85.47,High,3,79.61,73.6,85.47,-13.69535542,90.66418457,-182.1198578,54.65451673226613,marker-only,2.0,10,1,0,1.059442945182946,4.74201858875822,0.2319832426516309,0.0579080503732488,2.569594505798444,1,1
experiment_results1.csv,perturbation_run,perturbation_gap,1,2026-04-21T20:01:38+08:00,20260421_200138_843223,controlled_perturbation_study,CTChest,perspective,tp_-13.70_90.66_-182.12,Near,1,CTChest__perspective__tp_-13.70_90.66_-182.12__shot2_79.61__shot3m3m1_73.60__shot3m3m2_85.47,High,3,79.61,73.6,85.47,-13.69535542,90.66418457,-182.1198578,54.65451673226613,marker-only,2.0,11,1,0,1.9223982901976515,1.6754615481260111,0.8580089009329752,0.0579080503732488,2.4770823544692884,1,1
experiment_results1.csv,perturbation_run,perturbation_gap,1,2026-04-21T20:01:39+08:00,20260421_200139_142019,controlled_perturbation_study,CTChest,perspective,tp_-13.70_90.66_-182.12,Near,1,CTChest__perspective__tp_-13.70_90.66_-182.12__shot2_79.61__shot3m3m1_73.60__shot3m3m2_85.47,High,3,79.61,73.6,85.47,-13.69535542,90.66418457,-182.1198578,54.65451673226613,marker-only,2.0,12,1,0,1.8196631247387245,7.618799816547884,1.3077785898664274,0.0579080503732488,3.4313980506262056,1,1
experiment_results1.csv,perturbation_run,perturbation_gap,1,2026-04-21T20:01:39+08:00,20260421_200139_438424,controlled_perturbation_study,CTChest,perspective,tp_-13.70_90.66_-182.12,Near,1,CTChest__perspective__tp_-13.70_90.66_-182.12__shot2_79.61__shot3m3m1_73.60__shot3m3m2_85.47,High,3,79.61,73.6,85.47,-13.69535542,90.66418457,-182.1198578,54.65451673226613,marker-only,2.0,13,1,0,0.9554322451026948,5.217691075415906,1.6022192605899914,0.0579080503732488,2.962559326331321,1,1
experiment_results1.csv,perturbation_run,perturbation_gap,1,2026-04-21T20:01:39+08:00,20260421_200139_744474,controlled_perturbation_study,CTChest,perspective,tp_-13.70_90.66_-182.12,Near,1,CTChest__perspective__tp_-13.70_90.66_-182.12__shot2_79.61__shot3m3m1_73.60__shot3m3m2_85.47,High,3,79.61,73.6,85.47,-13.69535542,90.66418457,-182.1198578,54.65451673226613,marker-only,2.0,14,1,0,0.9168043762157024,1.9153671892766668,2.120137163225144,0.0579080503732488,1.9608013606597787,1,1
experiment_results1.csv,perturbation_run,perturbation_gap,1,2026-04-21T20:01:40+08:00,20260421_200140_053330,controlled_perturbation_study,CTChest,perspective,tp_-13.70_90.66_-182.12,Near,1,CTChest__perspective__tp_-13.70_90.66_-182.12__shot2_79.61__shot3m3m1_73.60__shot3m3m2_85.47,High,3,79.61,73.6,85.47,-13.69535542,90.66418457,-182.1198578,54.65451673226613,marker-only,2.0,15,1,0,0.4780618377811327,1.517608021464517,1.4047883219860229,0.0579080503732488,2.351660482866453,1,1
experiment_results1.csv,perturbation_run,perturbation_gap,1,2026-04-21T20:03:51+08:00,20260421_200351_935561,controlled_perturbation_study,CTChest,perspective,tp_-13.70_90.66_-182.12,Near,1,CTChest__perspective__tp_-13.70_90.66_-182.12__shot2_79.61__shot3m3m1_73.60__shot3m3m2_85.47,High,3,79.61,73.6,85.47,-13.69535542,90.66418457,-182.1198578,54.65451673226613,marker-only,2.0,16,1,0,0.8434985213612458,2.442598023063764,0.4464552523213299,0.0579080503732488,1.9423554571814825,1,1
experiment_results1.csv,perturbation_run,perturbation_gap,1,2026-04-21T20:03:52+08:00,20260421_200352_301867,controlled_perturbation_study,CTChest,perspective,tp_-13.70_90.66_-182.12,Near,1,CTChest__perspective__tp_-13.70_90.66_-182.12__shot2_79.61__shot3m3m1_73.60__shot3m3m2_85.47,High,3,79.61,73.6,85.47,-13.69535542,90.66418457,-182.1198578,54.65451673226613,marker-only,2.0,17,1,0,3.0661920545158527,7.221531683029704,0.1670064342015258,0.0579080503732488,2.222695039816749,1,1
experiment_results1.csv,perturbation_run,perturbation_gap,1,2026-04-21T20:03:52+08:00,20260421_200352_611458,controlled_perturbation_study,CTChest,perspective,tp_-13.70_90.66_-182.12,Near,1,CTChest__perspective__tp_-13.70_90.66_-182.12__shot2_79.61__shot3m3m1_73.60__shot3m3m2_85.47,High,3,79.61,73.6,85.47,-13.69535542,90.66418457,-182.1198578,54.65451673226613,marker-only,2.0,18,1,0,0.7264875455983391,2.5973730016918504,0.7444226943288791,0.0579080503732488,2.296421160224448,1,1
experiment_results1.csv,perturbation_run,perturbation_gap,1,2026-04-21T20:03:52+08:00,20260421_200352_929559,controlled_perturbation_study,CTChest,perspective,tp_-13.70_90.66_-182.12,Near,1,CTChest__perspective__tp_-13.70_90.66_-182.12__shot2_79.61__shot3m3m1_73.60__shot3m3m2_85.47,High,3,79.61,73.6,85.47,-13.69535542,90.66418457,-182.1198578,54.65451673226613,marker-only,2.0,19,1,0,0.6856152639596604,2.2482869684905014,0.9187666855978882,0.0579080503732488,2.15822349692308,1,1
experiment_results1.csv,perturbation_run,perturbation_gap,1,2026-04-21T20:03:53+08:00,20260421_200353_274053,controlled_perturbation_study,CTChest,perspective,tp_-13.70_90.66_-182.12,Near,1,CTChest__perspective__tp_-13.70_90.66_-182.12__shot2_79.61__shot3m3m1_73.60__shot3m3m2_85.47,High,3,79.61,73.6,85.47,-13.69535542,90.66418457,-182.1198578,54.65451673226613,marker-only,2.0,20,1,0,1.4016534437136534,1.6129474004557571,0.8069707677474941,0.0579080503732488,2.429377167516924,1,1
experiment_results1.csv,perturbation_run,perturbation_gap,1,2026-04-21T20:03:53+08:00,20260421_200353_621008,controlled_perturbation_study,CTChest,perspective,tp_-13.70_90.66_-182.12,Near,1,CTChest__perspective__tp_-13.70_90.66_-182.12__shot2_79.61__shot3m3m1_73.60__shot3m3m2_85.47,High,3,79.61,73.6,85.47,-13.69535542,90.66418457,-182.1198578,54.65451673226613,marker-only,2.0,21,1,0,1.2543345543020177,5.110380513542195,1.2625417606113234,0.0579080503732488,2.4323807978823155,1,1
experiment_results1.csv,perturbation_run,perturbation_gap,1,2026-04-21T20:03:53+08:00,20260421_200353_959880,controlled_perturbation_study,CTChest,perspective,tp_-13.70_90.66_-182.12,Near,1,CTChest__perspective__tp_-13.70_90.66_-182.12__shot2_79.61__shot3m3m1_73.60__shot3m3m2_85.47,High,3,79.61,73.6,85.47,-13.69535542,90.66418457,-182.1198578,54.65451673226613,marker-only,2.0,22,1,0,1.3588376597384062,6.72756870259092,0.4740422768651935,0.0579080503732488,3.3268861318699314,1,1
experiment_results1.csv,perturbation_run,perturbation_gap,1,2026-04-21T20:03:54+08:00,20260421_200354_316152,controlled_perturbation_study,CTChest,perspective,tp_-13.70_90.66_-182.12,Near,1,CTChest__perspective__tp_-13.70_90.66_-182.12__shot2_79.61__shot3m3m1_73.60__shot3m3m2_85.47,High,3,79.61,73.6,85.47,-13.69535542,90.66418457,-182.1198578,54.65451673226613,marker-only,2.0,23,1,0,1.6842822954602457,8.524766426048318,1.4255372171266834,0.0579080503732488,3.130304099877284,1,1
experiment_results1.csv,perturbation_run,perturbation_gap,1,2026-04-21T20:03:54+08:00,20260421_200354_689222,controlled_perturbation_study,CTChest,perspective,tp_-13.70_90.66_-182.12,Near,1,CTChest__perspective__tp_-13.70_90.66_-182.12__shot2_79.61__shot3m3m1_73.60__shot3m3m2_85.47,High,3,79.61,73.6,85.47,-13.69535542,90.66418457,-182.1198578,54.65451673226613,marker-only,2.0,24,1,0,0.7375063032735422,4.866858504373967,0.5854261043578122,0.0579080503732488,2.6343584782785854,1,1
experiment_results1.csv,perturbation_run,perturbation_gap,1,2026-04-21T20:03:55+08:00,20260421_200355_056873,controlled_perturbation_study,CTChest,perspective,tp_-13.70_90.66_-182.12,Near,1,CTChest__perspective__tp_-13.70_90.66_-182.12__shot2_79.61__shot3m3m1_73.60__shot3m3m2_85.47,High,3,79.61,73.6,85.47,-13.69535542,90.66418457,-182.1198578,54.65451673226613,marker-only,2.0,25,1,0,0.3477732533683015,2.0010822037549394,0.5632723691869697,0.0579080503732488,2.1523639065137083,1,1
experiment_results1.csv,perturbation_run,perturbation_gap,1,2026-04-21T20:03:55+08:00,20260421_200355_428085,controlled_perturbation_study,CTChest,perspective,tp_-13.70_90.66_-182.12,Near,1,CTChest__perspective__tp_-13.70_90.66_-182.12__shot2_79.61__shot3m3m1_73.60__shot3m3m2_85.47,High,3,79.61,73.6,85.47,-13.69535542,90.66418457,-182.1198578,54.65451673226613,marker-only,2.0,26,1,0,0.9519994604334236,1.9719684916685511,0.0596710325182208,0.0579080503732488,2.621500446628789,1,1
experiment_results1.csv,perturbation_run,perturbation_gap,1,2026-04-21T20:03:55+08:00,20260421_200355_744062,controlled_perturbation_study,CTChest,perspective,tp_-13.70_90.66_-182.12,Near,1,CTChest__perspective__tp_-13.70_90.66_-182.12__shot2_79.61__shot3m3m1_73.60__shot3m3m2_85.47,High,3,79.61,73.6,85.47,-13.69535542,90.66418457,-182.1198578,54.65451673226613,marker-only,2.0,27,1,0,0.7451506076523946,1.5188465259237125,0.865355693244051,0.0579080503732488,2.2026894701251725,1,1
experiment_results1.csv,perturbation_run,perturbation_gap,1,2026-04-21T20:03:56+08:00,20260421_200356_129126,controlled_perturbation_study,CTChest,perspective,tp_-13.70_90.66_-182.12,Near,1,CTChest__perspective__tp_-13.70_90.66_-182.12__shot2_79.61__shot3m3m1_73.60__shot3m3m2_85.47,High,3,79.61,73.6,85.47,-13.69535542,90.66418457,-182.1198578,54.65451673226613,marker-only,2.0,28,1,0,1.6211557091085078,2.6101842004687903,1.39437836204592,0.0579080503732488,2.624424539164378,1,1
experiment_results1.csv,perturbation_run,perturbation_gap,1,2026-04-21T20:03:56+08:00,20260421_200356_526770,controlled_perturbation_study,CTChest,perspective,tp_-13.70_90.66_-182.12,Near,1,CTChest__perspective__tp_-13.70_90.66_-182.12__shot2_79.61__shot3m3m1_73.60__shot3m3m2_85.47,High,3,79.61,73.6,85.47,-13.69535542,90.66418457,-182.1198578,54.65451673226613,marker-only,2.0,29,1,0,0.6815213127949334,3.043492873462484,0.4751802291630401,0.0579080503732488,1.8929743892005568,1,1
experiment_results1.csv,perturbation_run,perturbation_gap,1,2026-04-21T20:03:56+08:00,20260421_200356_919312,controlled_perturbation_study,CTChest,perspective,tp_-13.70_90.66_-182.12,Near,1,CTChest__perspective__tp_-13.70_90.66_-182.12__shot2_79.61__shot3m3m1_73.60__shot3m3m2_85.47,High,3,79.61,73.6,85.47,-13.69535542,90.66418457,-182.1198578,54.65451673226613,marker-only,2.0,30,1,0,0.7536202522109664,2.3805536761692827,0.4576566404372569,0.0579080503732488,2.543408732790193,1,1
experiment_results1.csv,perturbation_run,perturbation_gap,1,2026-04-21T20:03:57+08:00,20260421_200357_278756,controlled_perturbation_study,CTChest,perspective,tp_-13.70_90.66_-182.12,Near,1,CTChest__perspective__tp_-13.70_90.66_-182.12__shot2_79.61__shot3m3m1_73.60__shot3m3m2_85.47,High,3,79.61,73.6,85.47,-13.69535542,90.66418457,-182.1198578,54.65451673226613,marker-only,2.0,31,1,0,1.416678911554926,4.341085320509219,1.977167484745634,0.0579080503732488,2.0014586249869963,1,1
experiment_results1.csv,perturbation_run,perturbation_gap,1,2026-04-21T20:03:57+08:00,20260421_200357_673784,controlled_perturbation_study,CTChest,perspective,tp_-13.70_90.66_-182.12,Near,1,CTChest__perspective__tp_-13.70_90.66_-182.12__shot2_79.61__shot3m3m1_73.60__shot3m3m2_85.47,High,3,79.61,73.6,85.47,-13.69535542,90.66418457,-182.1198578,54.65451673226613,marker-only,2.0,32,1,0,1.5775886907543868,3.4216250553652428,0.4488742195779557,0.0579080503732488,2.0083259663961264,1,1
experiment_results1.csv,perturbation_run,perturbation_gap,1,2026-04-21T20:03:58+08:00,20260421_200358_077024,controlled_perturbation_study,CTChest,perspective,tp_-13.70_90.66_-182.12,Near,1,CTChest__perspective__tp_-13.70_90.66_-182.12__shot2_79.61__shot3m3m1_73.60__shot3m3m2_85.47,High,3,79.61,73.6,85.47,-13.69535542,90.66418457,-182.1198578,54.65451673226613,marker-only,2.0,33,1,0,1.630395985221065,2.612442545759748,0.38656555297728,0.0579080503732488,2.809664657078286,1,1
experiment_results1.csv,perturbation_run,perturbation_gap,1,2026-04-21T20:03:58+08:00,20260421_200358_477724,controlled_perturbation_study,CTChest,perspective,tp_-13.70_90.66_-182.12,Near,1,CTChest__perspective__tp_-13.70_90.66_-182.12__shot2_79.61__shot3m3m1_73.60__shot3m3m2_85.47,High,3,79.61,73.6,85.47,-13.69535542,90.66418457,-182.1198578,54.65451673226613,marker-only,2.0,34,1,0,1.615986642441142,2.511541806151105,0.4653810027250611,0.0579080503732488,2.3186379278592946,1,1
experiment_results1.csv,perturbation_run,perturbation_gap,1,2026-04-21T20:03:58+08:00,20260421_200358_885049,controlled_perturbation_study,CTChest,perspective,tp_-13.70_90.66_-182.12,Near,1,CTChest__perspective__tp_-13.70_90.66_-182.12__shot2_79.61__shot3m3m1_73.60__shot3m3m2_85.47,High,3,79.61,73.6,85.47,-13.69535542,90.66418457,-182.1198578,54.65451673226613,marker-only,2.0,35,1,0,1.1038914748089783,5.39599390031255,0.8696608858363019,0.0579080503732488,2.308294729485,1,1
experiment_results1.csv,perturbation_run,perturbation_gap,1,2026-04-21T20:03:59+08:00,20260421_200359_285759,controlled_perturbation_study,CTChest,perspective,tp_-13.70_90.66_-182.12,Near,1,CTChest__perspective__tp_-13.70_90.66_-182.12__shot2_79.61__shot3m3m1_73.60__shot3m3m2_85.47,High,3,79.61,73.6,85.47,-13.69535542,90.66418457,-182.1198578,54.65451673226613,marker-only,2.0,36,1,0,0.42057900420179,0.3752043269946674,0.004394708850934,0.0579080503732488,2.090848712642187,1,1
experiment_results1.csv,perturbation_run,perturbation_gap,1,2026-04-21T20:03:59+08:00,20260421_200359_687947,controlled_perturbation_study,CTChest,perspective,tp_-13.70_90.66_-182.12,Near,1,CTChest__perspective__tp_-13.70_90.66_-182.12__shot2_79.61__shot3m3m1_73.60__shot3m3m2_85.47,High,3,79.61,73.6,85.47,-13.69535542,90.66418457,-182.1198578,54.65451673226613,marker-only,2.0,37,1,0,0.8247456071564915,1.4050184962676775,1.1193768448137955,0.0579080503732488,2.2942196695617736,1,1
experiment_results1.csv,perturbation_run,perturbation_gap,1,2026-04-21T20:04:00+08:00,20260421_200400_096864,controlled_perturbation_study,CTChest,perspective,tp_-13.70_90.66_-182.12,Near,1,CTChest__perspective__tp_-13.70_90.66_-182.12__shot2_79.61__shot3m3m1_73.60__shot3m3m2_85.47,High,3,79.61,73.6,85.47,-13.69535542,90.66418457,-182.1198578,54.65451673226613,marker-only,2.0,38,1,0,0.3781153929919813,2.8273126956641064,0.4485624491083048,0.0579080503732488,2.376557483615456,1,1
experiment_results1.csv,perturbation_run,perturbation_gap,1,2026-04-21T20:04:00+08:00,20260421_200400_499084,controlled_perturbation_study,CTChest,perspective,tp_-13.70_90.66_-182.12,Near,1,CTChest__perspective__tp_-13.70_90.66_-182.12__shot2_79.61__shot3m3m1_73.60__shot3m3m2_85.47,High,3,79.61,73.6,85.47,-13.69535542,90.66418457,-182.1198578,54.65451673226613,marker-only,2.0,39,1,0,1.1737749881871855,2.601631636732311,2.1846276424525635,0.0579080503732488,2.128942774636444,1,1
experiment_results1.csv,perturbation_run,perturbation_gap,1,2026-04-21T20:04:00+08:00,20260421_200400_841861,controlled_perturbation_study,CTChest,perspective,tp_-13.70_90.66_-182.12,Near,1,CTChest__perspective__tp_-13.70_90.66_-182.12__shot2_79.61__shot3m3m1_73.60__shot3m3m2_85.47,High,3,79.61,73.6,85.47,-13.69535542,90.66418457,-182.1198578,54.65451673226613,marker-only,2.0,40,1,0,1.0610775681803568,3.873611121174516,0.4862674347221827,0.0579080503732488,2.227355021645731,1,1
experiment_results1.csv,perturbation_run,perturbation_gap,1,2026-04-21T20:04:01+08:00,20260421_200401_171273,controlled_perturbation_study,CTChest,perspective,tp_-13.70_90.66_-182.12,Near,1,CTChest__perspective__tp_-13.70_90.66_-182.12__shot2_79.61__shot3m3m1_73.60__shot3m3m2_85.47,High,3,79.61,73.6,85.47,-13.69535542,90.66418457,-182.1198578,54.65451673226613,marker-only,2.0,41,1,0,0.4596295386552699,1.8736285329149245,0.1470664211774137,0.0579080503732488,2.6312066674015733,1,1
experiment_results1.csv,perturbation_run,perturbation_gap,1,2026-04-21T20:04:01+08:00,20260421_200401_489547,controlled_perturbation_study,CTChest,perspective,tp_-13.70_90.66_-182.12,Near,1,CTChest__perspective__tp_-13.70_90.66_-182.12__shot2_79.61__shot3m3m1_73.60__shot3m3m2_85.47,High,3,79.61,73.6,85.47,-13.69535542,90.66418457,-182.1198578,54.65451673226613,marker-only,2.0,42,1,0,1.0817226516891452,1.7862475963372382,1.0006424253211874,0.0579080503732488,2.5398359943040645,1,1
experiment_results1.csv,perturbation_run,perturbation_gap,1,2026-04-21T20:04:01+08:00,20260421_200401_814148,controlled_perturbation_study,CTChest,perspective,tp_-13.70_90.66_-182.12,Near,1,CTChest__perspective__tp_-13.70_90.66_-182.12__shot2_79.61__shot3m3m1_73.60__shot3m3m2_85.47,High,3,79.61,73.6,85.47,-13.69535542,90.66418457,-182.1198578,54.65451673226613,marker-only,2.0,43,1,0,0.9416747469333886,3.415222469867507,0.3967987823880506,0.0579080503732488,2.425026198809752,1,1
experiment_results1.csv,perturbation_run,perturbation_gap,1,2026-04-21T20:04:02+08:00,20260421_200402_159243,controlled_perturbation_study,CTChest,perspective,tp_-13.70_90.66_-182.12,Near,1,CTChest__perspective__tp_-13.70_90.66_-182.12__shot2_79.61__shot3m3m1_73.60__shot3m3m2_85.47,High,3,79.61,73.6,85.47,-13.69535542,90.66418457,-182.1198578,54.65451673226613,marker-only,2.0,44,1,0,0.647411451724906,7.225038449955438,1.1431599600294748,0.0579080503732488,2.5852755774643,1,1
experiment_results1.csv,perturbation_run,perturbation_gap,1,2026-04-21T20:04:02+08:00,20260421_200402_485778,controlled_perturbation_study,CTChest,perspective,tp_-13.70_90.66_-182.12,Near,1,CTChest__perspective__tp_-13.70_90.66_-182.12__shot2_79.61__shot3m3m1_73.60__shot3m3m2_85.47,High,3,79.61,73.6,85.47,-13.69535542,90.66418457,-182.1198578,54.65451673226613,marker-only,2.0,45,1,0,1.934866531976141,4.908805099526072,1.3744743686730565,0.0579080503732488,2.0960191148740592,1,1
experiment_results1.csv,perturbation_run,perturbation_gap,1,2026-04-21T20:04:02+08:00,20260421_200402_822124,controlled_perturbation_study,CTChest,perspective,tp_-13.70_90.66_-182.12,Near,1,CTChest__perspective__tp_-13.70_90.66_-182.12__shot2_79.61__shot3m3m1_73.60__shot3m3m2_85.47,High,3,79.61,73.6,85.47,-13.69535542,90.66418457,-182.1198578,54.65451673226613,marker-only,2.0,46,1,0,1.189537620227865,1.7671645317473887,0.1952158136471993,0.0579080503732488,2.066048235148332,1,1
experiment_results1.csv,perturbation_run,perturbation_gap,1,2026-04-21T20:04:03+08:00,20260421_200403_177347,controlled_perturbation_study,CTChest,perspective,tp_-13.70_90.66_-182.12,Near,1,CTChest__perspective__tp_-13.70_90.66_-182.12__shot2_79.61__shot3m3m1_73.60__shot3m3m2_85.47,High,3,79.61,73.6,85.47,-13.69535542,90.66418457,-182.1198578,54.65451673226613,marker-only,2.0,47,1,0,0.9849700048214068,6.072647638681806,0.1863796650756844,0.0579080503732488,2.643221411307937,1,1
experiment_results1.csv,perturbation_run,perturbation_gap,1,2026-04-21T20:04:03+08:00,20260421_200403_550420,controlled_perturbation_study,CTChest,perspective,tp_-13.70_90.66_-182.12,Near,1,CTChest__perspective__tp_-13.70_90.66_-182.12__shot2_79.61__shot3m3m1_73.60__shot3m3m2_85.47,High,3,79.61,73.6,85.47,-13.69535542,90.66418457,-182.1198578,54.65451673226613,marker-only,2.0,48,1,0,0.8347979094124229,1.5502269293216209,0.3955390626150537,0.0579080503732488,2.2172600776232936,1,1
experiment_results1.csv,perturbation_run,perturbation_gap,1,2026-04-21T20:04:03+08:00,20260421_200403_889591,controlled_perturbation_study,CTChest,perspective,tp_-13.70_90.66_-182.12,Near,1,CTChest__perspective__tp_-13.70_90.66_-182.12__shot2_79.61__shot3m3m1_73.60__shot3m3m2_85.47,High,3,79.61,73.6,85.47,-13.69535542,90.66418457,-182.1198578,54.65451673226613,marker-only,2.0,49,1,0,0.833679366047957,3.902301562282107,1.417447466146952,0.0579080503732488,2.156284183235812,1,1
experiment_results1.csv,perturbation_run,perturbation_gap,1,2026-04-21T20:04:04+08:00,20260421_200404_236782,controlled_perturbation_study,CTChest,perspective,tp_-13.70_90.66_-182.12,Near,1,CTChest__perspective__tp_-13.70_90.66_-182.12__shot2_79.61__shot3m3m1_73.60__shot3m3m2_85.47,High,3,79.61,73.6,85.47,-13.69535542,90.66418457,-182.1198578,54.65451673226613,marker-only,2.0,50,1,0,1.17096680136218,4.053096229823956,0.2563514217926735,0.0579080503732488,3.647628545060082,1,1
experiment_results1.csv,perturbation_run,perturbation_gap,1,2026-04-21T20:38:10+08:00,20260421_203810_923443,controlled_perturbation_study,CTChest,perspective,tp_-141.15_-53.01_-92.41,Far,3,CTChest__perspective__tp_-141.15_-53.01_-92.41__shot2_16.17__shot3m3m1_0.40__shot3m3m2_15.89,Low,1,16.17,0.4,15.89,-141.1487427,-53.01185989,-92.40821838,254.41711392947923,marker-only,0.5,1,1,0,8.325910426930912,7.851636643982091,3.0156505429807923,0.0673584645171065,0.5577045012919544,1,1
experiment_results1.csv,perturbation_run,perturbation_gap,1,2026-04-21T20:38:11+08:00,20260421_203811_295955,controlled_perturbation_study,CTChest,perspective,tp_-141.15_-53.01_-92.41,Far,3,CTChest__perspective__tp_-141.15_-53.01_-92.41__shot2_16.17__shot3m3m1_0.40__shot3m3m2_15.89,Low,1,16.17,0.4,15.89,-141.1487427,-53.01185989,-92.40821838,254.41711392947923,marker-only,0.5,2,1,0,8.035354311489519,5.094770546387743,0.8761804100672305,0.0673584645171065,0.7035375867808454,1,1
experiment_results1.csv,perturbation_run,perturbation_gap,1,2026-04-21T20:38:11+08:00,20260421_203811_677620,controlled_perturbation_study,CTChest,perspective,tp_-141.15_-53.01_-92.41,Far,3,CTChest__perspective__tp_-141.15_-53.01_-92.41__shot2_16.17__shot3m3m1_0.40__shot3m3m2_15.89,Low,1,16.17,0.4,15.89,-141.1487427,-53.01185989,-92.40821838,254.41711392947923,marker-only,0.5,3,1,0,2.215391120300647,1.898055387626932,0.3399511097141699,0.0673584645171065,0.4821610528229681,1,1
experiment_results1.csv,perturbation_run,perturbation_gap,1,2026-04-21T20:38:12+08:00,20260421_203812_000521,controlled_perturbation_study,CTChest,perspective,tp_-141.15_-53.01_-92.41,Far,3,CTChest__perspective__tp_-141.15_-53.01_-92.41__shot2_16.17__shot3m3m1_0.40__shot3m3m2_15.89,Low,1,16.17,0.4,15.89,-141.1487427,-53.01185989,-92.40821838,254.41711392947923,marker-only,0.5,4,1,0,10.005528523145244,2.2866101800470062,4.227092279923205,0.0673584645171065,0.5125594792094387,1,1
experiment_results1.csv,perturbation_run,perturbation_gap,1,2026-04-21T20:38:12+08:00,20260421_203812_310839,controlled_perturbation_study,CTChest,perspective,tp_-141.15_-53.01_-92.41,Far,3,CTChest__perspective__tp_-141.15_-53.01_-92.41__shot2_16.17__shot3m3m1_0.40__shot3m3m2_15.89,Low,1,16.17,0.4,15.89,-141.1487427,-53.01185989,-92.40821838,254.41711392947923,marker-only,0.5,5,1,0,2.9777792484550902,3.0330838936021087,0.0165048289590439,0.0673584645171065,0.5301998046330129,1,1
experiment_results1.csv,perturbation_run,perturbation_gap,1,2026-04-21T20:38:12+08:00,20260421_203812_627577,controlled_perturbation_study,CTChest,perspective,tp_-141.15_-53.01_-92.41,Far,3,CTChest__perspective__tp_-141.15_-53.01_-92.41__shot2_16.17__shot3m3m1_0.40__shot3m3m2_15.89,Low,1,16.17,0.4,15.89,-141.1487427,-53.01185989,-92.40821838,254.41711392947923,marker-only,0.5,6,1,0,13.69669863478077,4.900771399330541,1.875819131191124,0.0673584645171065,0.5526773589933619,1,1
experiment_results1.csv,perturbation_run,perturbation_gap,1,2026-04-21T20:38:12+08:00,20260421_203812_946802,controlled_perturbation_study,CTChest,perspective,tp_-141.15_-53.01_-92.41,Far,3,CTChest__perspective__tp_-141.15_-53.01_-92.41__shot2_16.17__shot3m3m1_0.40__shot3m3m2_15.89,Low,1,16.17,0.4,15.89,-141.1487427,-53.01185989,-92.40821838,254.41711392947923,marker-only,0.5,7,1,0,4.14013610286163,11.391747377446231,1.203170231772661,0.0673584645171065,0.6015362572637182,1,1
experiment_results1.csv,perturbation_run,perturbation_gap,1,2026-04-21T20:38:13+08:00,20260421_203813_262540,controlled_perturbation_study,CTChest,perspective,tp_-141.15_-53.01_-92.41,Far,3,CTChest__perspective__tp_-141.15_-53.01_-92.41__shot2_16.17__shot3m3m1_0.40__shot3m3m2_15.89,Low,1,16.17,0.4,15.89,-141.1487427,-53.01185989,-92.40821838,254.41711392947923,marker-only,0.5,8,1,0,1.2591502520124418,3.302884759667997,0.4744685525345978,0.0673584645171065,0.6746525012090432,1,1
experiment_results1.csv,perturbation_run,perturbation_gap,1,2026-04-21T20:38:13+08:00,20260421_203813_574390,controlled_perturbation_study,CTChest,perspective,tp_-141.15_-53.01_-92.41,Far,3,CTChest__perspective__tp_-141.15_-53.01_-92.41__shot2_16.17__shot3m3m1_0.40__shot3m3m2_15.89,Low,1,16.17,0.4,15.89,-141.1487427,-53.01185989,-92.40821838,254.41711392947923,marker-only,0.5,9,1,0,0.5738787538183058,6.716477917713456,1.1337945701655907,0.0673584645171065,0.6127864617273387,1,1
experiment_results1.csv,perturbation_run,perturbation_gap,1,2026-04-21T20:38:13+08:00,20260421_203813_895866,controlled_perturbation_study,CTChest,perspective,tp_-141.15_-53.01_-92.41,Far,3,CTChest__perspective__tp_-141.15_-53.01_-92.41__shot2_16.17__shot3m3m1_0.40__shot3m3m2_15.89,Low,1,16.17,0.4,15.89,-141.1487427,-53.01185989,-92.40821838,254.41711392947923,marker-only,0.5,10,1,0,12.670304156181924,3.662645764671973,0.4360105637944534,0.0673584645171065,0.625749262830363,1,1
experiment_results1.csv,perturbation_run,perturbation_gap,1,2026-04-21T20:38:14+08:00,20260421_203814_219395,controlled_perturbation_study,CTChest,perspective,tp_-141.15_-53.01_-92.41,Far,3,CTChest__perspective__tp_-141.15_-53.01_-92.41__shot2_16.17__shot3m3m1_0.40__shot3m3m2_15.89,Low,1,16.17,0.4,15.89,-141.1487427,-53.01185989,-92.40821838,254.41711392947923,marker-only,0.5,11,1,0,2.4294429978946424,4.915804297426296,2.762508878415105,0.0673584645171065,0.4817199098231455,1,1
experiment_results1.csv,perturbation_run,perturbation_gap,1,2026-04-21T20:38:14+08:00,20260421_203814_547586,controlled_perturbation_study,CTChest,perspective,tp_-141.15_-53.01_-92.41,Far,3,CTChest__perspective__tp_-141.15_-53.01_-92.41__shot2_16.17__shot3m3m1_0.40__shot3m3m2_15.89,Low,1,16.17,0.4,15.89,-141.1487427,-53.01185989,-92.40821838,254.41711392947923,marker-only,0.5,12,1,0,4.112925989900348,4.956070815798493,3.160572547861828,0.0673584645171065,0.5327302537012543,1,1
experiment_results1.csv,perturbation_run,perturbation_gap,1,2026-04-21T20:38:14+08:00,20260421_203814_883219,controlled_perturbation_study,CTChest,perspective,tp_-141.15_-53.01_-92.41,Far,3,CTChest__perspective__tp_-141.15_-53.01_-92.41__shot2_16.17__shot3m3m1_0.40__shot3m3m2_15.89,Low,1,16.17,0.4,15.89,-141.1487427,-53.01185989,-92.40821838,254.41711392947923,marker-only,0.5,13,1,0,2.0655600909225664,4.95150660902594,0.4764793602110601,0.0673584645171065,0.6300650649160883,1,1
experiment_results1.csv,perturbation_run,perturbation_gap,1,2026-04-21T20:38:15+08:00,20260421_203815_221098,controlled_perturbation_study,CTChest,perspective,tp_-141.15_-53.01_-92.41,Far,3,CTChest__perspective__tp_-141.15_-53.01_-92.41__shot2_16.17__shot3m3m1_0.40__shot3m3m2_15.89,Low,1,16.17,0.4,15.89,-141.1487427,-53.01185989,-92.40821838,254.41711392947923,marker-only,0.5,14,1,0,11.829249773507778,5.670114521967226,1.9430578903576312,0.0673584645171065,0.6102310686087162,1,1
experiment_results1.csv,perturbation_run,perturbation_gap,1,2026-04-21T20:38:15+08:00,20260421_203815_566177,controlled_perturbation_study,CTChest,perspective,tp_-141.15_-53.01_-92.41,Far,3,CTChest__perspective__tp_-141.15_-53.01_-92.41__shot2_16.17__shot3m3m1_0.40__shot3m3m2_15.89,Low,1,16.17,0.4,15.89,-141.1487427,-53.01185989,-92.40821838,254.41711392947923,marker-only,0.5,15,1,0,11.657063769807646,8.061723440436335,0.7061046889830656,0.0673584645171065,0.6094844006090055,1,1
experiment_results1.csv,perturbation_run,perturbation_gap,1,2026-04-21T20:38:15+08:00,20260421_203815_916358,controlled_perturbation_study,CTChest,perspective,tp_-141.15_-53.01_-92.41,Far,3,CTChest__perspective__tp_-141.15_-53.01_-92.41__shot2_16.17__shot3m3m1_0.40__shot3m3m2_15.89,Low,1,16.17,0.4,15.89,-141.1487427,-53.01185989,-92.40821838,254.41711392947923,marker-only,0.5,16,1,0,4.524468960990067,2.8868307680626297,5.126723023710983,0.0673584645171065,0.513094844454116,1,1
experiment_results1.csv,perturbation_run,perturbation_gap,1,2026-04-21T20:38:16+08:00,20260421_203816_291603,controlled_perturbation_study,CTChest,perspective,tp_-141.15_-53.01_-92.41,Far,3,CTChest__perspective__tp_-141.15_-53.01_-92.41__shot2_16.17__shot3m3m1_0.40__shot3m3m2_15.89,Low,1,16.17,0.4,15.89,-141.1487427,-53.01185989,-92.40821838,254.41711392947923,marker-only,0.5,17,1,0,12.509051653232742,6.35577377346238,2.2923432697563566,0.0673584645171065,0.528708707458203,1,1
experiment_results1.csv,perturbation_run,perturbation_gap,1,2026-04-21T20:38:16+08:00,20260421_203816_620348,controlled_perturbation_study,CTChest,perspective,tp_-141.15_-53.01_-92.41,Far,3,CTChest__perspective__tp_-141.15_-53.01_-92.41__shot2_16.17__shot3m3m1_0.40__shot3m3m2_15.89,Low,1,16.17,0.4,15.89,-141.1487427,-53.01185989,-92.40821838,254.41711392947923,marker-only,0.5,18,1,0,5.823652445132123,3.533704731580184,2.514424293555526,0.0673584645171065,0.496849300960356,1,1
experiment_results1.csv,perturbation_run,perturbation_gap,1,2026-04-21T20:38:16+08:00,20260421_203816_946496,controlled_perturbation_study,CTChest,perspective,tp_-141.15_-53.01_-92.41,Far,3,CTChest__perspective__tp_-141.15_-53.01_-92.41__shot2_16.17__shot3m3m1_0.40__shot3m3m2_15.89,Low,1,16.17,0.4,15.89,-141.1487427,-53.01185989,-92.40821838,254.41711392947923,marker-only,0.5,19,1,0,2.761290578806792,4.8909889285564425,0.2992328012824629,0.0673584645171065,0.5428731823024339,1,1
experiment_results1.csv,perturbation_run,perturbation_gap,1,2026-04-21T20:38:17+08:00,20260421_203817_260497,controlled_perturbation_study,CTChest,perspective,tp_-141.15_-53.01_-92.41,Far,3,CTChest__perspective__tp_-141.15_-53.01_-92.41__shot2_16.17__shot3m3m1_0.40__shot3m3m2_15.89,Low,1,16.17,0.4,15.89,-141.1487427,-53.01185989,-92.40821838,254.41711392947923,marker-only,0.5,20,1,0,2.2849305611104813,6.372515236560736,1.703087688741072,0.0673584645171065,0.5166134680386855,1,1
experiment_results1.csv,perturbation_run,perturbation_gap,1,2026-04-21T20:38:17+08:00,20260421_203817_574913,controlled_perturbation_study,CTChest,perspective,tp_-141.15_-53.01_-92.41,Far,3,CTChest__perspective__tp_-141.15_-53.01_-92.41__shot2_16.17__shot3m3m1_0.40__shot3m3m2_15.89,Low,1,16.17,0.4,15.89,-141.1487427,-53.01185989,-92.40821838,254.41711392947923,marker-only,0.5,21,1,0,1.9741214268229643,4.305072796295438,2.3758321010937915,0.0673584645171065,0.598792286561794,1,1
experiment_results1.csv,perturbation_run,perturbation_gap,1,2026-04-21T20:38:17+08:00,20260421_203817_886241,controlled_perturbation_study,CTChest,perspective,tp_-141.15_-53.01_-92.41,Far,3,CTChest__perspective__tp_-141.15_-53.01_-92.41__shot2_16.17__shot3m3m1_0.40__shot3m3m2_15.89,Low,1,16.17,0.4,15.89,-141.1487427,-53.01185989,-92.40821838,254.41711392947923,marker-only,0.5,22,1,0,15.152721765749796,8.7599514349046,1.9570719213828816,0.0673584645171065,0.5334844154858612,1,1
experiment_results1.csv,perturbation_run,perturbation_gap,1,2026-04-21T20:38:18+08:00,20260421_203818_202018,controlled_perturbation_study,CTChest,perspective,tp_-141.15_-53.01_-92.41,Far,3,CTChest__perspective__tp_-141.15_-53.01_-92.41__shot2_16.17__shot3m3m1_0.40__shot3m3m2_15.89,Low,1,16.17,0.4,15.89,-141.1487427,-53.01185989,-92.40821838,254.41711392947923,marker-only,0.5,23,1,0,1.0692381743096362,2.720114390602058,4.504758354162092,0.0673584645171065,0.6567807759856514,1,1
experiment_results1.csv,perturbation_run,perturbation_gap,1,2026-04-21T20:38:18+08:00,20260421_203818_518894,controlled_perturbation_study,CTChest,perspective,tp_-141.15_-53.01_-92.41,Far,3,CTChest__perspective__tp_-141.15_-53.01_-92.41__shot2_16.17__shot3m3m1_0.40__shot3m3m2_15.89,Low,1,16.17,0.4,15.89,-141.1487427,-53.01185989,-92.40821838,254.41711392947923,marker-only,0.5,24,1,0,6.771211207398193,6.010573729463378,3.957920016651646,0.0673584645171065,0.6388181699426136,1,1
experiment_results1.csv,perturbation_run,perturbation_gap,1,2026-04-21T20:38:18+08:00,20260421_203818_841577,controlled_perturbation_study,CTChest,perspective,tp_-141.15_-53.01_-92.41,Far,3,CTChest__perspective__tp_-141.15_-53.01_-92.41__shot2_16.17__shot3m3m1_0.40__shot3m3m2_15.89,Low,1,16.17,0.4,15.89,-141.1487427,-53.01185989,-92.40821838,254.41711392947923,marker-only,0.5,25,1,0,5.253600430477645,1.127348688720308,0.2922526118097758,0.0673584645171065,0.5095444188725979,1,1
experiment_results1.csv,perturbation_run,perturbation_gap,1,2026-04-21T20:38:19+08:00,20260421_203819_173394,controlled_perturbation_study,CTChest,perspective,tp_-141.15_-53.01_-92.41,Far,3,CTChest__perspective__tp_-141.15_-53.01_-92.41__shot2_16.17__shot3m3m1_0.40__shot3m3m2_15.89,Low,1,16.17,0.4,15.89,-141.1487427,-53.01185989,-92.40821838,254.41711392947923,marker-only,0.5,26,1,0,4.807497517984157,6.666069541201857,0.7227324733246173,0.0673584645171065,0.60971549747112,1,1
experiment_results1.csv,perturbation_run,perturbation_gap,1,2026-04-21T20:38:19+08:00,20260421_203819_500348,controlled_perturbation_study,CTChest,perspective,tp_-141.15_-53.01_-92.41,Far,3,CTChest__perspective__tp_-141.15_-53.01_-92.41__shot2_16.17__shot3m3m1_0.40__shot3m3m2_15.89,Low,1,16.17,0.4,15.89,-141.1487427,-53.01185989,-92.40821838,254.41711392947923,marker-only,0.5,27,1,0,7.111020287366445,5.155405277110866,0.6196014666279904,0.0673584645171065,0.6386036406946771,1,1
experiment_results1.csv,perturbation_run,perturbation_gap,1,2026-04-21T20:38:19+08:00,20260421_203819_842924,controlled_perturbation_study,CTChest,perspective,tp_-141.15_-53.01_-92.41,Far,3,CTChest__perspective__tp_-141.15_-53.01_-92.41__shot2_16.17__shot3m3m1_0.40__shot3m3m2_15.89,Low,1,16.17,0.4,15.89,-141.1487427,-53.01185989,-92.40821838,254.41711392947923,marker-only,0.5,28,1,0,2.498660780678003,6.897367158859016,2.892442847318536,0.0673584645171065,0.5597996965128365,1,1
experiment_results1.csv,perturbation_run,perturbation_gap,1,2026-04-21T20:38:20+08:00,20260421_203820_187456,controlled_perturbation_study,CTChest,perspective,tp_-141.15_-53.01_-92.41,Far,3,CTChest__perspective__tp_-141.15_-53.01_-92.41__shot2_16.17__shot3m3m1_0.40__shot3m3m2_15.89,Low,1,16.17,0.4,15.89,-141.1487427,-53.01185989,-92.40821838,254.41711392947923,marker-only,0.5,29,1,0,8.726134497790246,5.306019397404116,1.7411639162391126,0.0673584645171065,0.6281580929718981,1,1
experiment_results1.csv,perturbation_run,perturbation_gap,1,2026-04-21T20:38:20+08:00,20260421_203820_538274,controlled_perturbation_study,CTChest,perspective,tp_-141.15_-53.01_-92.41,Far,3,CTChest__perspective__tp_-141.15_-53.01_-92.41__shot2_16.17__shot3m3m1_0.40__shot3m3m2_15.89,Low,1,16.17,0.4,15.89,-141.1487427,-53.01185989,-92.40821838,254.41711392947923,marker-only,0.5,30,1,0,4.071684431341114,2.326955451156251,0.7871582659680825,0.0673584645171065,0.5881115348033604,1,1
experiment_results1.csv,perturbation_run,perturbation_gap,1,2026-04-21T20:38:20+08:00,20260421_203820_897493,controlled_perturbation_study,CTChest,perspective,tp_-141.15_-53.01_-92.41,Far,3,CTChest__perspective__tp_-141.15_-53.01_-92.41__shot2_16.17__shot3m3m1_0.40__shot3m3m2_15.89,Low,1,16.17,0.4,15.89,-141.1487427,-53.01185989,-92.40821838,254.41711392947923,marker-only,0.5,31,1,0,12.367992335732511,6.533373118795354,0.8078318458285887,0.0673584645171065,0.5219504483717408,1,1
experiment_results1.csv,perturbation_run,perturbation_gap,1,2026-04-21T20:38:21+08:00,20260421_203821_269790,controlled_perturbation_study,CTChest,perspective,tp_-141.15_-53.01_-92.41,Far,3,CTChest__perspective__tp_-141.15_-53.01_-92.41__shot2_16.17__shot3m3m1_0.40__shot3m3m2_15.89,Low,1,16.17,0.4,15.89,-141.1487427,-53.01185989,-92.40821838,254.41711392947923,marker-only,0.5,32,1,0,7.195573243359402,3.195864277155395,0.3538166877439905,0.0673584645171065,0.4485115181011291,1,1
experiment_results1.csv,perturbation_run,perturbation_gap,1,2026-04-21T20:38:21+08:00,20260421_203821_661408,controlled_perturbation_study,CTChest,perspective,tp_-141.15_-53.01_-92.41,Far,3,CTChest__perspective__tp_-141.15_-53.01_-92.41__shot2_16.17__shot3m3m1_0.40__shot3m3m2_15.89,Low,1,16.17,0.4,15.89,-141.1487427,-53.01185989,-92.40821838,254.41711392947923,marker-only,0.5,33,1,0,4.46685272637515,6.114580689435931,0.6023246184049144,0.0673584645171065,0.689328861477093,1,1
experiment_results1.csv,perturbation_run,perturbation_gap,1,2026-04-21T20:38:22+08:00,20260421_203822_057812,controlled_perturbation_study,CTChest,perspective,tp_-141.15_-53.01_-92.41,Far,3,CTChest__perspective__tp_-141.15_-53.01_-92.41__shot2_16.17__shot3m3m1_0.40__shot3m3m2_15.89,Low,1,16.17,0.4,15.89,-141.1487427,-53.01185989,-92.40821838,254.41711392947923,marker-only,0.5,34,1,0,5.6599698263972495,1.7437489260595616,2.387678209923682,0.0673584645171065,0.5973764304837346,1,1
experiment_results1.csv,perturbation_run,perturbation_gap,1,2026-04-21T20:38:22+08:00,20260421_203822_460600,controlled_perturbation_study,CTChest,perspective,tp_-141.15_-53.01_-92.41,Far,3,CTChest__perspective__tp_-141.15_-53.01_-92.41__shot2_16.17__shot3m3m1_0.40__shot3m3m2_15.89,Low,1,16.17,0.4,15.89,-141.1487427,-53.01185989,-92.40821838,254.41711392947923,marker-only,0.5,35,1,0,6.5960610134609,4.795816057847789,1.4961817696442576,0.0673584645171065,0.5278161306478526,1,1
experiment_results1.csv,perturbation_run,perturbation_gap,1,2026-04-21T20:38:23+08:00,20260421_203823_063848,controlled_perturbation_study,CTChest,perspective,tp_-141.15_-53.01_-92.41,Far,3,CTChest__perspective__tp_-141.15_-53.01_-92.41__shot2_16.17__shot3m3m1_0.40__shot3m3m2_15.89,Low,1,16.17,0.4,15.89,-141.1487427,-53.01185989,-92.40821838,254.41711392947923,marker-only,0.5,36,1,0,7.106685980596515,5.456800667219073,3.295701521517229,0.0673584645171065,0.4901167896628989,1,1
experiment_results1.csv,perturbation_run,perturbation_gap,1,2026-04-21T20:38:23+08:00,20260421_203823_491121,controlled_perturbation_study,CTChest,perspective,tp_-141.15_-53.01_-92.41,Far,3,CTChest__perspective__tp_-141.15_-53.01_-92.41__shot2_16.17__shot3m3m1_0.40__shot3m3m2_15.89,Low,1,16.17,0.4,15.89,-141.1487427,-53.01185989,-92.40821838,254.41711392947923,marker-only,0.5,37,1,0,2.0270672938957537,1.2404377784531984,5.596405335805825,0.0673584645171065,0.594769683044355,1,1
experiment_results1.csv,perturbation_run,perturbation_gap,1,2026-04-21T20:38:23+08:00,20260421_203823_909844,controlled_perturbation_study,CTChest,perspective,tp_-141.15_-53.01_-92.41,Far,3,CTChest__perspective__tp_-141.15_-53.01_-92.41__shot2_16.17__shot3m3m1_0.40__shot3m3m2_15.89,Low,1,16.17,0.4,15.89,-141.1487427,-53.01185989,-92.40821838,254.41711392947923,marker-only,0.5,38,1,0,2.259692225348285,5.578704904458259,1.4364576952999266,0.0673584645171065,0.5266602499144398,1,1
experiment_results1.csv,perturbation_run,perturbation_gap,1,2026-04-21T20:38:24+08:00,20260421_203824_326517,controlled_perturbation_study,CTChest,perspective,tp_-141.15_-53.01_-92.41,Far,3,CTChest__perspective__tp_-141.15_-53.01_-92.41__shot2_16.17__shot3m3m1_0.40__shot3m3m2_15.89,Low,1,16.17,0.4,15.89,-141.1487427,-53.01185989,-92.40821838,254.41711392947923,marker-only,0.5,39,1,0,17.357979658710082,5.224280729642562,1.786607986575037,0.0673584645171065,0.4979844002369153,1,1
experiment_results1.csv,perturbation_run,perturbation_gap,1,2026-04-21T20:38:24+08:00,20260421_203824_743270,controlled_perturbation_study,CTChest,perspective,tp_-141.15_-53.01_-92.41,Far,3,CTChest__perspective__tp_-141.15_-53.01_-92.41__shot2_16.17__shot3m3m1_0.40__shot3m3m2_15.89,Low,1,16.17,0.4,15.89,-141.1487427,-53.01185989,-92.40821838,254.41711392947923,marker-only,0.5,40,1,0,5.689366449681503,2.047281753079026,3.3840361806093084,0.0673584645171065,0.6246454647958043,1,1
experiment_results1.csv,perturbation_run,perturbation_gap,1,2026-04-21T20:38:25+08:00,20260421_203825_338765,controlled_perturbation_study,CTChest,perspective,tp_-141.15_-53.01_-92.41,Far,3,CTChest__perspective__tp_-141.15_-53.01_-92.41__shot2_16.17__shot3m3m1_0.40__shot3m3m2_15.89,Low,1,16.17,0.4,15.89,-141.1487427,-53.01185989,-92.40821838,254.41711392947923,marker-only,0.5,41,1,0,14.664719032324724,8.370258138980718,0.1200868219126516,0.0673584645171065,0.5705049070288908,1,1
experiment_results1.csv,perturbation_run,perturbation_gap,1,2026-04-21T20:38:25+08:00,20260421_203825_952137,controlled_perturbation_study,CTChest,perspective,tp_-141.15_-53.01_-92.41,Far,3,CTChest__perspective__tp_-141.15_-53.01_-92.41__shot2_16.17__shot3m3m1_0.40__shot3m3m2_15.89,Low,1,16.17,0.4,15.89,-141.1487427,-53.01185989,-92.40821838,254.41711392947923,marker-only,0.5,42,1,0,2.18904710543313,4.046500096589631,0.8693167395169187,0.0673584645171065,0.5222775496225509,1,1
experiment_results1.csv,perturbation_run,perturbation_gap,1,2026-04-21T20:38:26+08:00,20260421_203826_411300,controlled_perturbation_study,CTChest,perspective,tp_-141.15_-53.01_-92.41,Far,3,CTChest__perspective__tp_-141.15_-53.01_-92.41__shot2_16.17__shot3m3m1_0.40__shot3m3m2_15.89,Low,1,16.17,0.4,15.89,-141.1487427,-53.01185989,-92.40821838,254.41711392947923,marker-only,0.5,43,1,0,8.470245193073048,6.11979254154048,4.530533959371484,0.0673584645171065,0.550014576674713,1,1
experiment_results1.csv,perturbation_run,perturbation_gap,1,2026-04-21T20:38:27+08:00,20260421_203827_059893,controlled_perturbation_study,CTChest,perspective,tp_-141.15_-53.01_-92.41,Far,3,CTChest__perspective__tp_-141.15_-53.01_-92.41__shot2_16.17__shot3m3m1_0.40__shot3m3m2_15.89,Low,1,16.17,0.4,15.89,-141.1487427,-53.01185989,-92.40821838,254.41711392947923,marker-only,0.5,44,1,0,7.559994306329222,3.726189965279648,0.9651001310041184,0.0673584645171065,0.5883282765356305,1,1
experiment_results1.csv,perturbation_run,perturbation_gap,1,2026-04-21T20:38:27+08:00,20260421_203827_701023,controlled_perturbation_study,CTChest,perspective,tp_-141.15_-53.01_-92.41,Far,3,CTChest__perspective__tp_-141.15_-53.01_-92.41__shot2_16.17__shot3m3m1_0.40__shot3m3m2_15.89,Low,1,16.17,0.4,15.89,-141.1487427,-53.01185989,-92.40821838,254.41711392947923,marker-only,0.5,45,1,0,7.798674387682168,3.91189651422361,0.00015412892518,0.0673584645171065,0.537148806458601,1,1
experiment_results1.csv,perturbation_run,perturbation_gap,1,2026-04-21T20:38:28+08:00,20260421_203828_188710,controlled_perturbation_study,CTChest,perspective,tp_-141.15_-53.01_-92.41,Far,3,CTChest__perspective__tp_-141.15_-53.01_-92.41__shot2_16.17__shot3m3m1_0.40__shot3m3m2_15.89,Low,1,16.17,0.4,15.89,-141.1487427,-53.01185989,-92.40821838,254.41711392947923,marker-only,0.5,46,1,0,14.151830191440864,2.520888000772477,2.96194366846298,0.0673584645171065,0.5794311920754532,1,1
experiment_results1.csv,perturbation_run,perturbation_gap,1,2026-04-21T20:38:28+08:00,20260421_203828_860539,controlled_perturbation_study,CTChest,perspective,tp_-141.15_-53.01_-92.41,Far,3,CTChest__perspective__tp_-141.15_-53.01_-92.41__shot2_16.17__shot3m3m1_0.40__shot3m3m2_15.89,Low,1,16.17,0.4,15.89,-141.1487427,-53.01185989,-92.40821838,254.41711392947923,marker-only,0.5,47,1,0,1.922741840403892,4.711226407038886,3.40240299485504,0.0673584645171065,0.6869339194223375,1,1
experiment_results1.csv,perturbation_run,perturbation_gap,1,2026-04-21T20:38:29+08:00,20260421_203829_475909,controlled_perturbation_study,CTChest,perspective,tp_-141.15_-53.01_-92.41,Far,3,CTChest__perspective__tp_-141.15_-53.01_-92.41__shot2_16.17__shot3m3m1_0.40__shot3m3m2_15.89,Low,1,16.17,0.4,15.89,-141.1487427,-53.01185989,-92.40821838,254.41711392947923,marker-only,0.5,48,1,0,10.088342025572144,3.652121436233401,1.4596785839240802,0.0673584645171065,0.6430386404959022,1,1
experiment_results1.csv,perturbation_run,perturbation_gap,1,2026-04-21T20:38:30+08:00,20260421_203830_103820,controlled_perturbation_study,CTChest,perspective,tp_-141.15_-53.01_-92.41,Far,3,CTChest__perspective__tp_-141.15_-53.01_-92.41__shot2_16.17__shot3m3m1_0.40__shot3m3m2_15.89,Low,1,16.17,0.4,15.89,-141.1487427,-53.01185989,-92.40821838,254.41711392947923,marker-only,0.5,49,1,0,8.592981100983442,6.81047958400499,2.277589132871912,0.0673584645171065,0.6834153487938077,1,1
experiment_results1.csv,perturbation_run,perturbation_gap,1,2026-04-21T20:38:30+08:00,20260421_203830_818557,controlled_perturbation_study,CTChest,perspective,tp_-141.15_-53.01_-92.41,Far,3,CTChest__perspective__tp_-141.15_-53.01_-92.41__shot2_16.17__shot3m3m1_0.40__shot3m3m2_15.89,Low,1,16.17,0.4,15.89,-141.1487427,-53.01185989,-92.40821838,254.41711392947923,marker-only,0.5,50,1,0,6.584214497908038,4.190858217611465,0.2929259928525866,0.0673584645171065,0.6654885098407431,1,1
experiment_results1.csv,perturbation_run,perturbation_gap,1,2026-04-21T20:38:43+08:00,20260421_203843_829595,controlled_perturbation_study,CTChest,perspective,tp_-141.15_-53.01_-92.41,Far,3,CTChest__perspective__tp_-141.15_-53.01_-92.41__shot2_16.17__shot3m3m1_0.40__shot3m3m2_15.89,Low,1,16.17,0.4,15.89,-141.1487427,-53.01185989,-92.40821838,254.41711392947923,marker-only,1.0,1,1,0,25.61679508517602,10.886188438970684,6.743384117470607,0.0673584645171065,1.3432100321702245,1,1
experiment_results1.csv,perturbation_run,perturbation_gap,1,2026-04-21T20:38:44+08:00,20260421_203844_147508,controlled_perturbation_study,CTChest,perspective,tp_-141.15_-53.01_-92.41,Far,3,CTChest__perspective__tp_-141.15_-53.01_-92.41__shot2_16.17__shot3m3m1_0.40__shot3m3m2_15.89,Low,1,16.17,0.4,15.89,-141.1487427,-53.01185989,-92.40821838,254.41711392947923,marker-only,1.0,2,1,0,12.326856540549477,3.2585713488273886,3.991195091414975,0.0673584645171065,0.9960950756047046,1,1
experiment_results1.csv,perturbation_run,perturbation_gap,1,2026-04-21T20:38:44+08:00,20260421_203844_469178,controlled_perturbation_study,CTChest,perspective,tp_-141.15_-53.01_-92.41,Far,3,CTChest__perspective__tp_-141.15_-53.01_-92.41__shot2_16.17__shot3m3m1_0.40__shot3m3m2_15.89,Low,1,16.17,0.4,15.89,-141.1487427,-53.01185989,-92.40821838,254.41711392947923,marker-only,1.0,3,1,0,11.841659946317304,6.69771300101398,5.838213582454991,0.0673584645171065,1.3366216454533475,1,1
experiment_results1.csv,perturbation_run,perturbation_gap,1,2026-04-21T20:38:44+08:00,20260421_203844_788607,controlled_perturbation_study,CTChest,perspective,tp_-141.15_-53.01_-92.41,Far,3,CTChest__perspective__tp_-141.15_-53.01_-92.41__shot2_16.17__shot3m3m1_0.40__shot3m3m2_15.89,Low,1,16.17,0.4,15.89,-141.1487427,-53.01185989,-92.40821838,254.41711392947923,marker-only,1.0,4,1,0,4.890349902030171,8.561207385060737,4.634261333623432,0.0673584645171065,1.140333244702601,1,1
experiment_results1.csv,perturbation_run,perturbation_gap,1,2026-04-21T20:38:45+08:00,20260421_203845_107613,controlled_perturbation_study,CTChest,perspective,tp_-141.15_-53.01_-92.41,Far,3,CTChest__perspective__tp_-141.15_-53.01_-92.41__shot2_16.17__shot3m3m1_0.40__shot3m3m2_15.89,Low,1,16.17,0.4,15.89,-141.1487427,-53.01185989,-92.40821838,254.41711392947923,marker-only,1.0,5,1,0,11.896980172750109,5.914133847317149,6.484514605284655,0.0673584645171065,1.0275906944074384,1,1
experiment_results1.csv,perturbation_run,perturbation_gap,1,2026-04-21T20:38:45+08:00,20260421_203845_423098,controlled_perturbation_study,CTChest,perspective,tp_-141.15_-53.01_-92.41,Far,3,CTChest__perspective__tp_-141.15_-53.01_-92.41__shot2_16.17__shot3m3m1_0.40__shot3m3m2_15.89,Low,1,16.17,0.4,15.89,-141.1487427,-53.01185989,-92.40821838,254.41711392947923,marker-only,1.0,6,1,0,6.719472858920513,6.741802456253412,5.391234972029837,0.0673584645171065,1.1599515117249093,1,1
experiment_results1.csv,perturbation_run,perturbation_gap,1,2026-04-21T20:38:45+08:00,20260421_203845_734842,controlled_perturbation_study,CTChest,perspective,tp_-141.15_-53.01_-92.41,Far,3,CTChest__perspective__tp_-141.15_-53.01_-92.41__shot2_16.17__shot3m3m1_0.40__shot3m3m2_15.89,Low,1,16.17,0.4,15.89,-141.1487427,-53.01185989,-92.40821838,254.41711392947923,marker-only,1.0,7,1,0,23.4231870796817,2.249670516664895,5.263723968806166,0.0673584645171065,1.2215849440968105,1,1
experiment_results1.csv,perturbation_run,perturbation_gap,1,2026-04-21T20:38:46+08:00,20260421_203846_053083,controlled_perturbation_study,CTChest,perspective,tp_-141.15_-53.01_-92.41,Far,3,CTChest__perspective__tp_-141.15_-53.01_-92.41__shot2_16.17__shot3m3m1_0.40__shot3m3m2_15.89,Low,1,16.17,0.4,15.89,-141.1487427,-53.01185989,-92.40821838,254.41711392947923,marker-only,1.0,8,1,0,23.40587269969004,17.772179183203107,11.298563654949184,0.0673584645171065,1.2471650967693462,1,1
experiment_results1.csv,perturbation_run,perturbation_gap,1,2026-04-21T20:38:46+08:00,20260421_203846_361830,controlled_perturbation_study,CTChest,perspective,tp_-141.15_-53.01_-92.41,Far,3,CTChest__perspective__tp_-141.15_-53.01_-92.41__shot2_16.17__shot3m3m1_0.40__shot3m3m2_15.89,Low,1,16.17,0.4,15.89,-141.1487427,-53.01185989,-92.40821838,254.41711392947923,marker-only,1.0,9,1,0,17.019413722930583,11.56508141258754,3.524911177317593,0.0673584645171065,1.2561658626138208,1,1
experiment_results1.csv,perturbation_run,perturbation_gap,1,2026-04-21T20:38:46+08:00,20260421_203846_682700,controlled_perturbation_study,CTChest,perspective,tp_-141.15_-53.01_-92.41,Far,3,CTChest__perspective__tp_-141.15_-53.01_-92.41__shot2_16.17__shot3m3m1_0.40__shot3m3m2_15.89,Low,1,16.17,0.4,15.89,-141.1487427,-53.01185989,-92.40821838,254.41711392947923,marker-only,1.0,10,1,0,2.909945920332637,2.1278853855433604,9.637592355652137,0.0673584645171065,1.3506610803756411,1,1
experiment_results1.csv,perturbation_run,perturbation_gap,1,2026-04-21T20:38:46+08:00,20260421_203846_998757,controlled_perturbation_study,CTChest,perspective,tp_-141.15_-53.01_-92.41,Far,3,CTChest__perspective__tp_-141.15_-53.01_-92.41__shot2_16.17__shot3m3m1_0.40__shot3m3m2_15.89,Low,1,16.17,0.4,15.89,-141.1487427,-53.01185989,-92.40821838,254.41711392947923,marker-only,1.0,11,1,0,22.69295440635596,16.740559839207442,4.933024071704165,0.0673584645171065,1.1903000548931573,1,1
experiment_results1.csv,perturbation_run,perturbation_gap,1,2026-04-21T20:38:47+08:00,20260421_203847_324267,controlled_perturbation_study,CTChest,perspective,tp_-141.15_-53.01_-92.41,Far,3,CTChest__perspective__tp_-141.15_-53.01_-92.41__shot2_16.17__shot3m3m1_0.40__shot3m3m2_15.89,Low,1,16.17,0.4,15.89,-141.1487427,-53.01185989,-92.40821838,254.41711392947923,marker-only,1.0,12,1,0,1.8069055587790788,5.7508178577543045,11.036144093378748,0.0673584645171065,1.2861204828328547,1,1
experiment_results1.csv,perturbation_run,perturbation_gap,1,2026-04-21T20:38:47+08:00,20260421_203847_656160,controlled_perturbation_study,CTChest,perspective,tp_-141.15_-53.01_-92.41,Far,3,CTChest__perspective__tp_-141.15_-53.01_-92.41__shot2_16.17__shot3m3m1_0.40__shot3m3m2_15.89,Low,1,16.17,0.4,15.89,-141.1487427,-53.01185989,-92.40821838,254.41711392947923,marker-only,1.0,13,1,0,5.370406059584499,7.11575834300141,1.0479899776811046,0.0673584645171065,1.010751918196457,1,1
experiment_results1.csv,perturbation_run,perturbation_gap,1,2026-04-21T20:38:47+08:00,20260421_203847_998095,controlled_perturbation_study,CTChest,perspective,tp_-141.15_-53.01_-92.41,Far,3,CTChest__perspective__tp_-141.15_-53.01_-92.41__shot2_16.17__shot3m3m1_0.40__shot3m3m2_15.89,Low,1,16.17,0.4,15.89,-141.1487427,-53.01185989,-92.40821838,254.41711392947923,marker-only,1.0,14,1,0,7.12195829683252,4.021521166909483,6.361372650428702,0.0673584645171065,1.157582139889204,1,1
experiment_results1.csv,perturbation_run,perturbation_gap,1,2026-04-21T20:38:48+08:00,20260421_203848_342582,controlled_perturbation_study,CTChest,perspective,tp_-141.15_-53.01_-92.41,Far,3,CTChest__perspective__tp_-141.15_-53.01_-92.41__shot2_16.17__shot3m3m1_0.40__shot3m3m2_15.89,Low,1,16.17,0.4,15.89,-141.1487427,-53.01185989,-92.40821838,254.41711392947923,marker-only,1.0,15,1,0,10.061056786457977,13.959981189427047,0.4041580650730605,0.0673584645171065,1.2129501414515824,1,1
experiment_results1.csv,perturbation_run,perturbation_gap,1,2026-04-21T20:38:48+08:00,20260421_203848_707773,controlled_perturbation_study,CTChest,perspective,tp_-141.15_-53.01_-92.41,Far,3,CTChest__perspective__tp_-141.15_-53.01_-92.41__shot2_16.17__shot3m3m1_0.40__shot3m3m2_15.89,Low,1,16.17,0.4,15.89,-141.1487427,-53.01185989,-92.40821838,254.41711392947923,marker-only,1.0,16,1,0,5.394922440416792,1.0251707343163978,7.051888416579343,0.0673584645171065,1.0623779815572654,1,1
experiment_results1.csv,perturbation_run,perturbation_gap,1,2026-04-21T20:38:49+08:00,20260421_203849_074443,controlled_perturbation_study,CTChest,perspective,tp_-141.15_-53.01_-92.41,Far,3,CTChest__perspective__tp_-141.15_-53.01_-92.41__shot2_16.17__shot3m3m1_0.40__shot3m3m2_15.89,Low,1,16.17,0.4,15.89,-141.1487427,-53.01185989,-92.40821838,254.41711392947923,marker-only,1.0,17,1,0,10.925298703555235,1.9721779496195704,0.2944119555863642,0.0673584645171065,1.234016567265875,1,1
experiment_results1.csv,perturbation_run,perturbation_gap,1,2026-04-21T20:38:49+08:00,20260421_203849_449913,controlled_perturbation_study,CTChest,perspective,tp_-141.15_-53.01_-92.41,Far,3,CTChest__perspective__tp_-141.15_-53.01_-92.41__shot2_16.17__shot3m3m1_0.40__shot3m3m2_15.89,Low,1,16.17,0.4,15.89,-141.1487427,-53.01185989,-92.40821838,254.41711392947923,marker-only,1.0,18,1,0,3.248991874345141,2.7066572087621528,2.312422224521226,0.0673584645171065,1.133685487243748,1,1
experiment_results1.csv,perturbation_run,perturbation_gap,1,2026-04-21T20:38:49+08:00,20260421_203849_842121,controlled_perturbation_study,CTChest,perspective,tp_-141.15_-53.01_-92.41,Far,3,CTChest__perspective__tp_-141.15_-53.01_-92.41__shot2_16.17__shot3m3m1_0.40__shot3m3m2_15.89,Low,1,16.17,0.4,15.89,-141.1487427,-53.01185989,-92.40821838,254.41711392947923,marker-only,1.0,19,1,0,6.704010558056454,6.458389789523735,0.9347618724461064,0.0673584645171065,1.0482252941855916,1,1
experiment_results1.csv,perturbation_run,perturbation_gap,1,2026-04-21T20:38:50+08:00,20260421_203850_245006,controlled_perturbation_study,CTChest,perspective,tp_-141.15_-53.01_-92.41,Far,3,CTChest__perspective__tp_-141.15_-53.01_-92.41__shot2_16.17__shot3m3m1_0.40__shot3m3m2_15.89,Low,1,16.17,0.4,15.89,-141.1487427,-53.01185989,-92.40821838,254.41711392947923,marker-only,1.0,20,1,0,4.464509521980149,5.4051462042649,0.2415242692772621,0.0673584645171065,1.1004835085862028,1,1
experiment_results1.csv,perturbation_run,perturbation_gap,1,2026-04-21T20:38:50+08:00,20260421_203850_662356,controlled_perturbation_study,CTChest,perspective,tp_-141.15_-53.01_-92.41,Far,3,CTChest__perspective__tp_-141.15_-53.01_-92.41__shot2_16.17__shot3m3m1_0.40__shot3m3m2_15.89,Low,1,16.17,0.4,15.89,-141.1487427,-53.01185989,-92.40821838,254.41711392947923,marker-only,1.0,21,1,0,7.5564272742794225,10.319038162547397,2.112436956028737,0.0673584645171065,1.2689274459220397,1,1
experiment_results1.csv,perturbation_run,perturbation_gap,1,2026-04-21T20:38:51+08:00,20260421_203851_093275,controlled_perturbation_study,CTChest,perspective,tp_-141.15_-53.01_-92.41,Far,3,CTChest__perspective__tp_-141.15_-53.01_-92.41__shot2_16.17__shot3m3m1_0.40__shot3m3m2_15.89,Low,1,16.17,0.4,15.89,-141.1487427,-53.01185989,-92.40821838,254.41711392947923,marker-only,1.0,22,1,0,21.574079025123645,19.602297568847,0.1071846953865478,0.0673584645171065,1.091355204885631,1,1
experiment_results1.csv,perturbation_run,perturbation_gap,1,2026-04-21T20:38:51+08:00,20260421_203851_528694,controlled_perturbation_study,CTChest,perspective,tp_-141.15_-53.01_-92.41,Far,3,CTChest__perspective__tp_-141.15_-53.01_-92.41__shot2_16.17__shot3m3m1_0.40__shot3m3m2_15.89,Low,1,16.17,0.4,15.89,-141.1487427,-53.01185989,-92.40821838,254.41711392947923,marker-only,1.0,23,1,0,10.508626044889027,4.55486081634209,1.2487083968926764,0.0673584645171065,1.2767585384653202,1,1
experiment_results1.csv,perturbation_run,perturbation_gap,1,2026-04-21T20:38:51+08:00,20260421_203851_987745,controlled_perturbation_study,CTChest,perspective,tp_-141.15_-53.01_-92.41,Far,3,CTChest__perspective__tp_-141.15_-53.01_-92.41__shot2_16.17__shot3m3m1_0.40__shot3m3m2_15.89,Low,1,16.17,0.4,15.89,-141.1487427,-53.01185989,-92.40821838,254.41711392947923,marker-only,1.0,24,1,0,21.862341196812352,8.175697519234983,5.1626145869389335,0.0673584645171065,1.225658562034324,1,1
experiment_results1.csv,perturbation_run,perturbation_gap,1,2026-04-21T20:38:52+08:00,20260421_203852_441260,controlled_perturbation_study,CTChest,perspective,tp_-141.15_-53.01_-92.41,Far,3,CTChest__perspective__tp_-141.15_-53.01_-92.41__shot2_16.17__shot3m3m1_0.40__shot3m3m2_15.89,Low,1,16.17,0.4,15.89,-141.1487427,-53.01185989,-92.40821838,254.41711392947923,marker-only,1.0,25,1,0,5.919697388412075,4.061690339683722,4.448391051228727,0.0673584645171065,0.9736381019855628,1,1
experiment_results1.csv,perturbation_run,perturbation_gap,1,2026-04-21T20:38:52+08:00,20260421_203852_912851,controlled_perturbation_study,CTChest,perspective,tp_-141.15_-53.01_-92.41,Far,3,CTChest__perspective__tp_-141.15_-53.01_-92.41__shot2_16.17__shot3m3m1_0.40__shot3m3m2_15.89,Low,1,16.17,0.4,15.89,-141.1487427,-53.01185989,-92.40821838,254.41711392947923,marker-only,1.0,26,1,0,14.634320959729925,14.819625123918788,5.931687357634288,0.0673584645171065,1.1886625249742366,1,1
experiment_results1.csv,perturbation_run,perturbation_gap,1,2026-04-21T20:38:53+08:00,20260421_203853_381780,controlled_perturbation_study,CTChest,perspective,tp_-141.15_-53.01_-92.41,Far,3,CTChest__perspective__tp_-141.15_-53.01_-92.41__shot2_16.17__shot3m3m1_0.40__shot3m3m2_15.89,Low,1,16.17,0.4,15.89,-141.1487427,-53.01185989,-92.40821838,254.41711392947923,marker-only,1.0,27,1,0,27.54500779099661,10.96173362974071,1.037880710882282,0.0673584645171065,1.311267449422206,1,1
experiment_results1.csv,perturbation_run,perturbation_gap,1,2026-04-21T20:38:53+08:00,20260421_203853_859713,controlled_perturbation_study,CTChest,perspective,tp_-141.15_-53.01_-92.41,Far,3,CTChest__perspective__tp_-141.15_-53.01_-92.41__shot2_16.17__shot3m3m1_0.40__shot3m3m2_15.89,Low,1,16.17,0.4,15.89,-141.1487427,-53.01185989,-92.40821838,254.41711392947923,marker-only,1.0,28,1,0,2.397829726386987,5.020843041809646,9.064252157620215,0.0673584645171065,1.2224078083193497,1,1
experiment_results1.csv,perturbation_run,perturbation_gap,1,2026-04-21T20:38:54+08:00,20260421_203854_353004,controlled_perturbation_study,CTChest,perspective,tp_-141.15_-53.01_-92.41,Far,3,CTChest__perspective__tp_-141.15_-53.01_-92.41__shot2_16.17__shot3m3m1_0.40__shot3m3m2_15.89,Low,1,16.17,0.4,15.89,-141.1487427,-53.01185989,-92.40821838,254.41711392947923,marker-only,1.0,29,1,0,11.785713384579102,8.50183710429185,0.8435731854156668,0.0673584645171065,1.01308637949019,1,1
experiment_results1.csv,perturbation_run,perturbation_gap,1,2026-04-21T20:38:54+08:00,20260421_203854_847331,controlled_perturbation_study,CTChest,perspective,tp_-141.15_-53.01_-92.41,Far,3,CTChest__perspective__tp_-141.15_-53.01_-92.41__shot2_16.17__shot3m3m1_0.40__shot3m3m2_15.89,Low,1,16.17,0.4,15.89,-141.1487427,-53.01185989,-92.40821838,254.41711392947923,marker-only,1.0,30,1,0,15.240936043222016,12.216750775624025,10.107445292243115,0.0673584645171065,0.9977386051156828,1,1
experiment_results1.csv,perturbation_run,perturbation_gap,1,2026-04-21T20:38:55+08:00,20260421_203855_334258,controlled_perturbation_study,CTChest,perspective,tp_-141.15_-53.01_-92.41,Far,3,CTChest__perspective__tp_-141.15_-53.01_-92.41__shot2_16.17__shot3m3m1_0.40__shot3m3m2_15.89,Low,1,16.17,0.4,15.89,-141.1487427,-53.01185989,-92.40821838,254.41711392947923,marker-only,1.0,31,1,0,14.586027820590798,9.362942780669014,4.257546967637541,0.0673584645171065,1.3260343747918255,1,1
experiment_results1.csv,perturbation_run,perturbation_gap,1,2026-04-21T20:38:55+08:00,20260421_203855_819219,controlled_perturbation_study,CTChest,perspective,tp_-141.15_-53.01_-92.41,Far,3,CTChest__perspective__tp_-141.15_-53.01_-92.41__shot2_16.17__shot3m3m1_0.40__shot3m3m2_15.89,Low,1,16.17,0.4,15.89,-141.1487427,-53.01185989,-92.40821838,254.41711392947923,marker-only,1.0,32,1,0,1.8671585964716773,7.9945881154307346,3.4613011686039767,0.0673584645171065,1.1338969868463469,1,1
experiment_results1.csv,perturbation_run,perturbation_gap,1,2026-04-21T20:38:56+08:00,20260421_203856_311287,controlled_perturbation_study,CTChest,perspective,tp_-141.15_-53.01_-92.41,Far,3,CTChest__perspective__tp_-141.15_-53.01_-92.41__shot2_16.17__shot3m3m1_0.40__shot3m3m2_15.89,Low,1,16.17,0.4,15.89,-141.1487427,-53.01185989,-92.40821838,254.41711392947923,marker-only,1.0,33,1,0,2.1108785172531115,13.908639215575764,2.7828056146467306,0.0673584645171065,1.3062179112676413,1,1
experiment_results1.csv,perturbation_run,perturbation_gap,1,2026-04-21T20:38:56+08:00,20260421_203856_794929,controlled_perturbation_study,CTChest,perspective,tp_-141.15_-53.01_-92.41,Far,3,CTChest__perspective__tp_-141.15_-53.01_-92.41__shot2_16.17__shot3m3m1_0.40__shot3m3m2_15.89,Low,1,16.17,0.4,15.89,-141.1487427,-53.01185989,-92.40821838,254.41711392947923,marker-only,1.0,34,1,0,8.23268892230777,9.686675142948532,11.845953231599138,0.0673584645171065,1.3659043943302664,1,1
experiment_results1.csv,perturbation_run,perturbation_gap,1,2026-04-21T20:38:57+08:00,20260421_203857_286097,controlled_perturbation_study,CTChest,perspective,tp_-141.15_-53.01_-92.41,Far,3,CTChest__perspective__tp_-141.15_-53.01_-92.41__shot2_16.17__shot3m3m1_0.40__shot3m3m2_15.89,Low,1,16.17,0.4,15.89,-141.1487427,-53.01185989,-92.40821838,254.41711392947923,marker-only,1.0,35,1,0,22.506139255048705,7.57037568911053,2.4690549871632848,0.0673584645171065,1.27871362792228,1,1
experiment_results1.csv,perturbation_run,perturbation_gap,1,2026-04-21T20:38:57+08:00,20260421_203857_773740,controlled_perturbation_study,CTChest,perspective,tp_-141.15_-53.01_-92.41,Far,3,CTChest__perspective__tp_-141.15_-53.01_-92.41__shot2_16.17__shot3m3m1_0.40__shot3m3m2_15.89,Low,1,16.17,0.4,15.89,-141.1487427,-53.01185989,-92.40821838,254.41711392947923,marker-only,1.0,36,1,0,13.195718708081609,3.2419770865711115,2.6318470992478527,0.0673584645171065,1.2959960671310575,1,1
experiment_results1.csv,perturbation_run,perturbation_gap,1,2026-04-21T20:38:58+08:00,20260421_203858_269354,controlled_perturbation_study,CTChest,perspective,tp_-141.15_-53.01_-92.41,Far,3,CTChest__perspective__tp_-141.15_-53.01_-92.41__shot2_16.17__shot3m3m1_0.40__shot3m3m2_15.89,Low,1,16.17,0.4,15.89,-141.1487427,-53.01185989,-92.40821838,254.41711392947923,marker-only,1.0,37,1,0,21.40820282530141,13.05461339968994,0.9418034010175312,0.0673584645171065,1.1114010437002904,1,1
experiment_results1.csv,perturbation_run,perturbation_gap,1,2026-04-21T20:38:58+08:00,20260421_203858_758833,controlled_perturbation_study,CTChest,perspective,tp_-141.15_-53.01_-92.41,Far,3,CTChest__perspective__tp_-141.15_-53.01_-92.41__shot2_16.17__shot3m3m1_0.40__shot3m3m2_15.89,Low,1,16.17,0.4,15.89,-141.1487427,-53.01185989,-92.40821838,254.41711392947923,marker-only,1.0,38,1,0,24.71276421833462,8.689176004998245,1.2393497997821636,0.0673584645171065,1.1441056188370942,1,1
experiment_results1.csv,perturbation_run,perturbation_gap,1,2026-04-21T20:38:59+08:00,20260421_203859_245659,controlled_perturbation_study,CTChest,perspective,tp_-141.15_-53.01_-92.41,Far,3,CTChest__perspective__tp_-141.15_-53.01_-92.41__shot2_16.17__shot3m3m1_0.40__shot3m3m2_15.89,Low,1,16.17,0.4,15.89,-141.1487427,-53.01185989,-92.40821838,254.41711392947923,marker-only,1.0,39,1,0,14.157836947551528,4.243856311523494,9.200834607415908,0.0673584645171065,1.292836568108733,1,1
experiment_results1.csv,perturbation_run,perturbation_gap,1,2026-04-21T20:38:59+08:00,20260421_203859_741820,controlled_perturbation_study,CTChest,perspective,tp_-141.15_-53.01_-92.41,Far,3,CTChest__perspective__tp_-141.15_-53.01_-92.41__shot2_16.17__shot3m3m1_0.40__shot3m3m2_15.89,Low,1,16.17,0.4,15.89,-141.1487427,-53.01185989,-92.40821838,254.41711392947923,marker-only,1.0,40,1,0,5.41442884469344,9.77938672672876,0.2510927902475406,0.0673584645171065,1.260755695291363,1,1
experiment_results1.csv,perturbation_run,perturbation_gap,1,2026-04-21T20:39:00+08:00,20260421_203900_228688,controlled_perturbation_study,CTChest,perspective,tp_-141.15_-53.01_-92.41,Far,3,CTChest__perspective__tp_-141.15_-53.01_-92.41__shot2_16.17__shot3m3m1_0.40__shot3m3m2_15.89,Low,1,16.17,0.4,15.89,-141.1487427,-53.01185989,-92.40821838,254.41711392947923,marker-only,1.0,41,1,0,11.096277916748376,2.743786155644036,1.619553325161085,0.0673584645171065,1.066216668657345,1,1
experiment_results1.csv,perturbation_run,perturbation_gap,1,2026-04-21T20:39:00+08:00,20260421_203900_722137,controlled_perturbation_study,CTChest,perspective,tp_-141.15_-53.01_-92.41,Far,3,CTChest__perspective__tp_-141.15_-53.01_-92.41__shot2_16.17__shot3m3m1_0.40__shot3m3m2_15.89,Low,1,16.17,0.4,15.89,-141.1487427,-53.01185989,-92.40821838,254.41711392947923,marker-only,1.0,42,1,0,30.386731820931303,18.856122532876057,7.000264276179943,0.0673584645171065,1.2058367656965894,1,1
experiment_results1.csv,perturbation_run,perturbation_gap,1,2026-04-21T20:39:01+08:00,20260421_203901_088939,controlled_perturbation_study,CTChest,perspective,tp_-141.15_-53.01_-92.41,Far,3,CTChest__perspective__tp_-141.15_-53.01_-92.41__shot2_16.17__shot3m3m1_0.40__shot3m3m2_15.89,Low,1,16.17,0.4,15.89,-141.1487427,-53.01185989,-92.40821838,254.41711392947923,marker-only,1.0,43,1,0,5.186898718146155,2.442244500544219,4.824365170468664,0.0673584645171065,1.2090516023192086,1,1
experiment_results1.csv,perturbation_run,perturbation_gap,1,2026-04-21T20:39:01+08:00,20260421_203901_419107,controlled_perturbation_study,CTChest,perspective,tp_-141.15_-53.01_-92.41,Far,3,CTChest__perspective__tp_-141.15_-53.01_-92.41__shot2_16.17__shot3m3m1_0.40__shot3m3m2_15.89,Low,1,16.17,0.4,15.89,-141.1487427,-53.01185989,-92.40821838,254.41711392947923,marker-only,1.0,44,1,0,30.89038246391092,3.3436273118818027,0.9642905054844148,0.0673584645171065,0.9340421348294324,1,1
experiment_results1.csv,perturbation_run,perturbation_gap,1,2026-04-21T20:39:01+08:00,20260421_203901_735437,controlled_perturbation_study,CTChest,perspective,tp_-141.15_-53.01_-92.41,Far,3,CTChest__perspective__tp_-141.15_-53.01_-92.41__shot2_16.17__shot3m3m1_0.40__shot3m3m2_15.89,Low,1,16.17,0.4,15.89,-141.1487427,-53.01185989,-92.40821838,254.41711392947923,marker-only,1.0,45,1,0,13.989223261984067,9.582532356192624,3.810677135236306,0.0673584645171065,1.139276250071006,1,1
experiment_results1.csv,perturbation_run,perturbation_gap,1,2026-04-21T20:39:02+08:00,20260421_203902_058378,controlled_perturbation_study,CTChest,perspective,tp_-141.15_-53.01_-92.41,Far,3,CTChest__perspective__tp_-141.15_-53.01_-92.41__shot2_16.17__shot3m3m1_0.40__shot3m3m2_15.89,Low,1,16.17,0.4,15.89,-141.1487427,-53.01185989,-92.40821838,254.41711392947923,marker-only,1.0,46,1,0,5.673603912607547,7.227923281769624,4.127455558837862,0.0673584645171065,1.296367982958234,1,1
experiment_results1.csv,perturbation_run,perturbation_gap,1,2026-04-21T20:39:02+08:00,20260421_203902_371000,controlled_perturbation_study,CTChest,perspective,tp_-141.15_-53.01_-92.41,Far,3,CTChest__perspective__tp_-141.15_-53.01_-92.41__shot2_16.17__shot3m3m1_0.40__shot3m3m2_15.89,Low,1,16.17,0.4,15.89,-141.1487427,-53.01185989,-92.40821838,254.41711392947923,marker-only,1.0,47,1,0,3.026658880492924,1.8569959734512749,1.1954726131323588,0.0673584645171065,1.0279083660279211,1,1
experiment_results1.csv,perturbation_run,perturbation_gap,1,2026-04-21T20:39:02+08:00,20260421_203902_688131,controlled_perturbation_study,CTChest,perspective,tp_-141.15_-53.01_-92.41,Far,3,CTChest__perspective__tp_-141.15_-53.01_-92.41__shot2_16.17__shot3m3m1_0.40__shot3m3m2_15.89,Low,1,16.17,0.4,15.89,-141.1487427,-53.01185989,-92.40821838,254.41711392947923,marker-only,1.0,48,1,0,11.160437438754157,9.168205280669952,0.0871477236928516,0.0673584645171065,1.0256120991282949,1,1
experiment_results1.csv,perturbation_run,perturbation_gap,1,2026-04-21T20:39:03+08:00,20260421_203903_001607,controlled_perturbation_study,CTChest,perspective,tp_-141.15_-53.01_-92.41,Far,3,CTChest__perspective__tp_-141.15_-53.01_-92.41__shot2_16.17__shot3m3m1_0.40__shot3m3m2_15.89,Low,1,16.17,0.4,15.89,-141.1487427,-53.01185989,-92.40821838,254.41711392947923,marker-only,1.0,49,1,0,10.51465724422694,10.65751487012561,9.115729827199395,0.0673584645171065,1.1482430260809842,1,1
experiment_results1.csv,perturbation_run,perturbation_gap,1,2026-04-21T20:39:03+08:00,20260421_203903_324067,controlled_perturbation_study,CTChest,perspective,tp_-141.15_-53.01_-92.41,Far,3,CTChest__perspective__tp_-141.15_-53.01_-92.41__shot2_16.17__shot3m3m1_0.40__shot3m3m2_15.89,Low,1,16.17,0.4,15.89,-141.1487427,-53.01185989,-92.40821838,254.41711392947923,marker-only,1.0,50,1,0,21.75765581947557,10.284936278398076,3.341966144695634,0.0673584645171065,1.2157683150239846,1,1
experiment_results1.csv,perturbation_run,perturbation_gap,1,2026-04-21T20:39:11+08:00,20260421_203911_795878,controlled_perturbation_study,CTChest,perspective,tp_-141.15_-53.01_-92.41,Far,3,CTChest__perspective__tp_-141.15_-53.01_-92.41__shot2_16.17__shot3m3m1_0.40__shot3m3m2_15.89,Low,1,16.17,0.4,15.89,-141.1487427,-53.01185989,-92.40821838,254.41711392947923,marker-only,2.0,1,1,0,4.635734835457926,16.287351229076624,5.449348505539192,0.0673584645171065,2.0482783937796385,1,1
experiment_results1.csv,perturbation_run,perturbation_gap,1,2026-04-21T20:39:12+08:00,20260421_203912_115996,controlled_perturbation_study,CTChest,perspective,tp_-141.15_-53.01_-92.41,Far,3,CTChest__perspective__tp_-141.15_-53.01_-92.41__shot2_16.17__shot3m3m1_0.40__shot3m3m2_15.89,Low,1,16.17,0.4,15.89,-141.1487427,-53.01185989,-92.40821838,254.41711392947923,marker-only,2.0,2,1,0,45.01920820498479,19.57445106584072,17.69683903975146,0.0673584645171065,2.2360342725805187,1,1
experiment_results1.csv,perturbation_run,perturbation_gap,1,2026-04-21T20:39:12+08:00,20260421_203912_429616,controlled_perturbation_study,CTChest,perspective,tp_-141.15_-53.01_-92.41,Far,3,CTChest__perspective__tp_-141.15_-53.01_-92.41__shot2_16.17__shot3m3m1_0.40__shot3m3m2_15.89,Low,1,16.17,0.4,15.89,-141.1487427,-53.01185989,-92.40821838,254.41711392947923,marker-only,2.0,3,1,0,19.14591460435049,12.46725870802826,3.366945203855524,0.0673584645171065,2.493543130389717,1,1
experiment_results1.csv,perturbation_run,perturbation_gap,1,2026-04-21T20:39:12+08:00,20260421_203912_750032,controlled_perturbation_study,CTChest,perspective,tp_-141.15_-53.01_-92.41,Far,3,CTChest__perspective__tp_-141.15_-53.01_-92.41__shot2_16.17__shot3m3m1_0.40__shot3m3m2_15.89,Low,1,16.17,0.4,15.89,-141.1487427,-53.01185989,-92.40821838,254.41711392947923,marker-only,2.0,4,1,0,22.776957567626887,10.259464812789654,9.586994120020313,0.0673584645171065,2.268227818841481,1,1
experiment_results1.csv,perturbation_run,perturbation_gap,1,2026-04-21T20:39:13+08:00,20260421_203913_063466,controlled_perturbation_study,CTChest,perspective,tp_-141.15_-53.01_-92.41,Far,3,CTChest__perspective__tp_-141.15_-53.01_-92.41__shot2_16.17__shot3m3m1_0.40__shot3m3m2_15.89,Low,1,16.17,0.4,15.89,-141.1487427,-53.01185989,-92.40821838,254.41711392947923,marker-only,2.0,5,1,0,43.336232052168775,14.424376534888236,3.340806536448251,0.0673584645171065,2.475593646823065,1,1
experiment_results1.csv,perturbation_run,perturbation_gap,1,2026-04-21T20:39:13+08:00,20260421_203913_385409,controlled_perturbation_study,CTChest,perspective,tp_-141.15_-53.01_-92.41,Far,3,CTChest__perspective__tp_-141.15_-53.01_-92.41__shot2_16.17__shot3m3m1_0.40__shot3m3m2_15.89,Low,1,16.17,0.4,15.89,-141.1487427,-53.01185989,-92.40821838,254.41711392947923,marker-only,2.0,6,1,0,13.387804786973737,13.419880273904791,1.7407163577181777,0.0673584645171065,2.1698565937944143,1,1
experiment_results1.csv,perturbation_run,perturbation_gap,1,2026-04-21T20:39:13+08:00,20260421_203913_698026,controlled_perturbation_study,CTChest,perspective,tp_-141.15_-53.01_-92.41,Far,3,CTChest__perspective__tp_-141.15_-53.01_-92.41__shot2_16.17__shot3m3m1_0.40__shot3m3m2_15.89,Low,1,16.17,0.4,15.89,-141.1487427,-53.01185989,-92.40821838,254.41711392947923,marker-only,2.0,7,1,0,41.03591450221832,13.506802789637677,2.137474319604011,0.0673584645171065,1.894783018607889,1,1
experiment_results1.csv,perturbation_run,perturbation_gap,1,2026-04-21T20:39:14+08:00,20260421_203914_017588,controlled_perturbation_study,CTChest,perspective,tp_-141.15_-53.01_-92.41,Far,3,CTChest__perspective__tp_-141.15_-53.01_-92.41__shot2_16.17__shot3m3m1_0.40__shot3m3m2_15.89,Low,1,16.17,0.4,15.89,-141.1487427,-53.01185989,-92.40821838,254.41711392947923,marker-only,2.0,8,1,0,15.39474624140342,5.656603897683971,8.018717512332671,0.0673584645171065,1.968313418905727,1,1
experiment_results1.csv,perturbation_run,perturbation_gap,1,2026-04-21T20:39:14+08:00,20260421_203914_326206,controlled_perturbation_study,CTChest,perspective,tp_-141.15_-53.01_-92.41,Far,3,CTChest__perspective__tp_-141.15_-53.01_-92.41__shot2_16.17__shot3m3m1_0.40__shot3m3m2_15.89,Low,1,16.17,0.4,15.89,-141.1487427,-53.01185989,-92.40821838,254.41711392947923,marker-only,2.0,9,1,0,52.23700899107149,52.65845180154616,5.077102500981674,0.0673584645171065,2.6980871744281907,1,1
experiment_results1.csv,perturbation_run,perturbation_gap,1,2026-04-21T20:39:14+08:00,20260421_203914_643183,controlled_perturbation_study,CTChest,perspective,tp_-141.15_-53.01_-92.41,Far,3,CTChest__perspective__tp_-141.15_-53.01_-92.41__shot2_16.17__shot3m3m1_0.40__shot3m3m2_15.89,Low,1,16.17,0.4,15.89,-141.1487427,-53.01185989,-92.40821838,254.41711392947923,marker-only,2.0,10,1,0,35.90980152717101,27.70620129987447,1.8297465990993944,0.0673584645171065,2.2179546795383795,1,1
experiment_results1.csv,perturbation_run,perturbation_gap,1,2026-04-21T20:39:14+08:00,20260421_203914_960986,controlled_perturbation_study,CTChest,perspective,tp_-141.15_-53.01_-92.41,Far,3,CTChest__perspective__tp_-141.15_-53.01_-92.41__shot2_16.17__shot3m3m1_0.40__shot3m3m2_15.89,Low,1,16.17,0.4,15.89,-141.1487427,-53.01185989,-92.40821838,254.41711392947923,marker-only,2.0,11,1,0,82.54337477276106,38.14649980971456,19.128264279472365,0.0673584645171065,2.419598726375297,1,1
experiment_results1.csv,perturbation_run,perturbation_gap,1,2026-04-21T20:39:15+08:00,20260421_203915_284515,controlled_perturbation_study,CTChest,perspective,tp_-141.15_-53.01_-92.41,Far,3,CTChest__perspective__tp_-141.15_-53.01_-92.41__shot2_16.17__shot3m3m1_0.40__shot3m3m2_15.89,Low,1,16.17,0.4,15.89,-141.1487427,-53.01185989,-92.40821838,254.41711392947923,marker-only,2.0,12,1,0,6.570466935635401,3.3456284979020072,20.393711574029474,0.0673584645171065,2.0970292454198405,1,1
experiment_results1.csv,perturbation_run,perturbation_gap,1,2026-04-21T20:39:15+08:00,20260421_203915_622716,controlled_perturbation_study,CTChest,perspective,tp_-141.15_-53.01_-92.41,Far,3,CTChest__perspective__tp_-141.15_-53.01_-92.41__shot2_16.17__shot3m3m1_0.40__shot3m3m2_15.89,Low,1,16.17,0.4,15.89,-141.1487427,-53.01185989,-92.40821838,254.41711392947923,marker-only,2.0,13,1,0,20.92937721435013,7.702634316350597,13.39958540754351,0.0673584645171065,2.30688764889718,1,1
experiment_results1.csv,perturbation_run,perturbation_gap,1,2026-04-21T20:39:15+08:00,20260421_203915_969647,controlled_perturbation_study,CTChest,perspective,tp_-141.15_-53.01_-92.41,Far,3,CTChest__perspective__tp_-141.15_-53.01_-92.41__shot2_16.17__shot3m3m1_0.40__shot3m3m2_15.89,Low,1,16.17,0.4,15.89,-141.1487427,-53.01185989,-92.40821838,254.41711392947923,marker-only,2.0,14,1,0,18.14381365519049,36.19152844985389,7.237011546872668,0.0673584645171065,2.3195363849170856,1,1
experiment_results1.csv,perturbation_run,perturbation_gap,1,2026-04-21T20:39:16+08:00,20260421_203916_317023,controlled_perturbation_study,CTChest,perspective,tp_-141.15_-53.01_-92.41,Far,3,CTChest__perspective__tp_-141.15_-53.01_-92.41__shot2_16.17__shot3m3m1_0.40__shot3m3m2_15.89,Low,1,16.17,0.4,15.89,-141.1487427,-53.01185989,-92.40821838,254.41711392947923,marker-only,2.0,15,1,0,23.92802576520232,11.390720256778495,6.869487943890874,0.0673584645171065,2.2985590753153926,1,1
experiment_results1.csv,perturbation_run,perturbation_gap,1,2026-04-21T20:39:16+08:00,20260421_203916_688918,controlled_perturbation_study,CTChest,perspective,tp_-141.15_-53.01_-92.41,Far,3,CTChest__perspective__tp_-141.15_-53.01_-92.41__shot2_16.17__shot3m3m1_0.40__shot3m3m2_15.89,Low,1,16.17,0.4,15.89,-141.1487427,-53.01185989,-92.40821838,254.41711392947923,marker-only,2.0,16,1,0,7.350414407783448,27.254237985290107,1.219586334417237,0.0673584645171065,2.403779130456316,1,1
experiment_results1.csv,perturbation_run,perturbation_gap,1,2026-04-21T20:39:17+08:00,20260421_203917_070762,controlled_perturbation_study,CTChest,perspective,tp_-141.15_-53.01_-92.41,Far,3,CTChest__perspective__tp_-141.15_-53.01_-92.41__shot2_16.17__shot3m3m1_0.40__shot3m3m2_15.89,Low,1,16.17,0.4,15.89,-141.1487427,-53.01185989,-92.40821838,254.41711392947923,marker-only,2.0,17,1,0,18.089633645288515,17.122366616288232,9.935901347323911,0.0673584645171065,1.877587395573638,1,1
experiment_results1.csv,perturbation_run,perturbation_gap,1,2026-04-21T20:39:17+08:00,20260421_203917_452538,controlled_perturbation_study,CTChest,perspective,tp_-141.15_-53.01_-92.41,Far,3,CTChest__perspective__tp_-141.15_-53.01_-92.41__shot2_16.17__shot3m3m1_0.40__shot3m3m2_15.89,Low,1,16.17,0.4,15.89,-141.1487427,-53.01185989,-92.40821838,254.41711392947923,marker-only,2.0,18,1,0,69.55828970997162,48.92092007676926,15.294225863389276,0.0673584645171065,2.012319509647537,1,1
experiment_results1.csv,perturbation_run,perturbation_gap,1,2026-04-21T20:39:17+08:00,20260421_203917_855215,controlled_perturbation_study,CTChest,perspective,tp_-141.15_-53.01_-92.41,Far,3,CTChest__perspective__tp_-141.15_-53.01_-92.41__shot2_16.17__shot3m3m1_0.40__shot3m3m2_15.89,Low,1,16.17,0.4,15.89,-141.1487427,-53.01185989,-92.40821838,254.41711392947923,marker-only,2.0,19,1,0,22.97054461987751,13.933889550333651,17.643113549070385,0.0673584645171065,2.375425420914135,1,1
experiment_results1.csv,perturbation_run,perturbation_gap,1,2026-04-21T20:39:18+08:00,20260421_203918_272010,controlled_perturbation_study,CTChest,perspective,tp_-141.15_-53.01_-92.41,Far,3,CTChest__perspective__tp_-141.15_-53.01_-92.41__shot2_16.17__shot3m3m1_0.40__shot3m3m2_15.89,Low,1,16.17,0.4,15.89,-141.1487427,-53.01185989,-92.40821838,254.41711392947923,marker-only,2.0,20,1,0,3.505587629693681,13.818881779248493,6.1499824328437205,0.0673584645171065,2.495624026242856,1,1
experiment_results1.csv,perturbation_run,perturbation_gap,1,2026-04-21T20:39:18+08:00,20260421_203918_704511,controlled_perturbation_study,CTChest,perspective,tp_-141.15_-53.01_-92.41,Far,3,CTChest__perspective__tp_-141.15_-53.01_-92.41__shot2_16.17__shot3m3m1_0.40__shot3m3m2_15.89,Low,1,16.17,0.4,15.89,-141.1487427,-53.01185989,-92.40821838,254.41711392947923,marker-only,2.0,21,1,0,112.7234094880784,49.70289049226372,22.96157678879416,0.0673584645171065,2.074170174570256,1,1
experiment_results1.csv,perturbation_run,perturbation_gap,1,2026-04-21T20:39:19+08:00,20260421_203919_138398,controlled_perturbation_study,CTChest,perspective,tp_-141.15_-53.01_-92.41,Far,3,CTChest__perspective__tp_-141.15_-53.01_-92.41__shot2_16.17__shot3m3m1_0.40__shot3m3m2_15.89,Low,1,16.17,0.4,15.89,-141.1487427,-53.01185989,-92.40821838,254.41711392947923,marker-only,2.0,22,1,0,22.77388383178286,14.717723415006336,4.792726802016686,0.0673584645171065,2.4019640758360663,1,1
experiment_results1.csv,perturbation_run,perturbation_gap,1,2026-04-21T20:39:19+08:00,20260421_203919_583016,controlled_perturbation_study,CTChest,perspective,tp_-141.15_-53.01_-92.41,Far,3,CTChest__perspective__tp_-141.15_-53.01_-92.41__shot2_16.17__shot3m3m1_0.40__shot3m3m2_15.89,Low,1,16.17,0.4,15.89,-141.1487427,-53.01185989,-92.40821838,254.41711392947923,marker-only,2.0,23,1,0,6.184648861532443,4.575003261087855,6.297771310583122,0.0673584645171065,2.3874536946006764,1,1
experiment_results1.csv,perturbation_run,perturbation_gap,1,2026-04-21T20:39:20+08:00,20260421_203920_047456,controlled_perturbation_study,CTChest,perspective,tp_-141.15_-53.01_-92.41,Far,3,CTChest__perspective__tp_-141.15_-53.01_-92.41__shot2_16.17__shot3m3m1_0.40__shot3m3m2_15.89,Low,1,16.17,0.4,15.89,-141.1487427,-53.01185989,-92.40821838,254.41711392947923,marker-only,2.0,24,1,0,40.66102789020578,19.83445857237032,6.248070163051298,0.0673584645171065,2.386781298331976,1,1
experiment_results1.csv,perturbation_run,perturbation_gap,1,2026-04-21T20:39:20+08:00,20260421_203920_515487,controlled_perturbation_study,CTChest,perspective,tp_-141.15_-53.01_-92.41,Far,3,CTChest__perspective__tp_-141.15_-53.01_-92.41__shot2_16.17__shot3m3m1_0.40__shot3m3m2_15.89,Low,1,16.17,0.4,15.89,-141.1487427,-53.01185989,-92.40821838,254.41711392947923,marker-only,2.0,25,1,0,22.8674127678772,21.073457946612184,2.193863999263254,0.0673584645171065,2.1993049713125035,1,1
experiment_results1.csv,perturbation_run,perturbation_gap,1,2026-04-21T20:39:20+08:00,20260421_203920_983194,controlled_perturbation_study,CTChest,perspective,tp_-141.15_-53.01_-92.41,Far,3,CTChest__perspective__tp_-141.15_-53.01_-92.41__shot2_16.17__shot3m3m1_0.40__shot3m3m2_15.89,Low,1,16.17,0.4,15.89,-141.1487427,-53.01185989,-92.40821838,254.41711392947923,marker-only,2.0,26,1,0,33.2632875222953,13.753439725385732,4.343801560141572,0.0673584645171065,2.323845944972564,1,1
experiment_results1.csv,perturbation_run,perturbation_gap,1,2026-04-21T20:39:21+08:00,20260421_203921_449604,controlled_perturbation_study,CTChest,perspective,tp_-141.15_-53.01_-92.41,Far,3,CTChest__perspective__tp_-141.15_-53.01_-92.41__shot2_16.17__shot3m3m1_0.40__shot3m3m2_15.89,Low,1,16.17,0.4,15.89,-141.1487427,-53.01185989,-92.40821838,254.41711392947923,marker-only,2.0,27,1,0,52.55635296264742,309.59325618283657,9.969498576285469,0.0673584645171065,2.537806334768241,1,1
experiment_results1.csv,perturbation_run,perturbation_gap,1,2026-04-21T20:39:21+08:00,20260421_203921_926995,controlled_perturbation_study,CTChest,perspective,tp_-141.15_-53.01_-92.41,Far,3,CTChest__perspective__tp_-141.15_-53.01_-92.41__shot2_16.17__shot3m3m1_0.40__shot3m3m2_15.89,Low,1,16.17,0.4,15.89,-141.1487427,-53.01185989,-92.40821838,254.41711392947923,marker-only,2.0,28,1,0,45.52212470875848,17.608964561022415,9.12170018941329,0.0673584645171065,1.9999286386138884,1,1
experiment_results1.csv,perturbation_run,perturbation_gap,1,2026-04-21T20:39:22+08:00,20260421_203922_426825,controlled_perturbation_study,CTChest,perspective,tp_-141.15_-53.01_-92.41,Far,3,CTChest__perspective__tp_-141.15_-53.01_-92.41__shot2_16.17__shot3m3m1_0.40__shot3m3m2_15.89,Low,1,16.17,0.4,15.89,-141.1487427,-53.01185989,-92.40821838,254.41711392947923,marker-only,2.0,29,1,0,80.38227252002916,40.5863545214642,6.410034021172531,0.0673584645171065,2.464575760061131,1,1
experiment_results1.csv,perturbation_run,perturbation_gap,1,2026-04-21T20:39:22+08:00,20260421_203922_913920,controlled_perturbation_study,CTChest,perspective,tp_-141.15_-53.01_-92.41,Far,3,CTChest__perspective__tp_-141.15_-53.01_-92.41__shot2_16.17__shot3m3m1_0.40__shot3m3m2_15.89,Low,1,16.17,0.4,15.89,-141.1487427,-53.01185989,-92.40821838,254.41711392947923,marker-only,2.0,30,1,0,5.598045495606885,10.845390639255603,2.744639677459848,0.0673584645171065,1.994946751435733,1,1
experiment_results1.csv,perturbation_run,perturbation_gap,1,2026-04-21T20:39:23+08:00,20260421_203923_408656,controlled_perturbation_study,CTChest,perspective,tp_-141.15_-53.01_-92.41,Far,3,CTChest__perspective__tp_-141.15_-53.01_-92.41__shot2_16.17__shot3m3m1_0.40__shot3m3m2_15.89,Low,1,16.17,0.4,15.89,-141.1487427,-53.01185989,-92.40821838,254.41711392947923,marker-only,2.0,31,1,0,54.37461505944067,17.21545370931247,8.768923749479189,0.0673584645171065,2.646127441288378,1,1
experiment_results1.csv,perturbation_run,perturbation_gap,1,2026-04-21T20:39:23+08:00,20260421_203923_897782,controlled_perturbation_study,CTChest,perspective,tp_-141.15_-53.01_-92.41,Far,3,CTChest__perspective__tp_-141.15_-53.01_-92.41__shot2_16.17__shot3m3m1_0.40__shot3m3m2_15.89,Low,1,16.17,0.4,15.89,-141.1487427,-53.01185989,-92.40821838,254.41711392947923,marker-only,2.0,32,1,0,56.56123846690178,17.94723269584492,1.119311207365054,0.0673584645171065,2.132632704349644,1,1
experiment_results1.csv,perturbation_run,perturbation_gap,1,2026-04-21T20:39:24+08:00,20260421_203924_387540,controlled_perturbation_study,CTChest,perspective,tp_-141.15_-53.01_-92.41,Far,3,CTChest__perspective__tp_-141.15_-53.01_-92.41__shot2_16.17__shot3m3m1_0.40__shot3m3m2_15.89,Low,1,16.17,0.4,15.89,-141.1487427,-53.01185989,-92.40821838,254.41711392947923,marker-only,2.0,33,1,0,19.93258555239452,20.827608852039223,16.701248924056422,0.0673584645171065,2.1984781189886875,1,1
experiment_results1.csv,perturbation_run,perturbation_gap,1,2026-04-21T20:39:24+08:00,20260421_203924_879493,controlled_perturbation_study,CTChest,perspective,tp_-141.15_-53.01_-92.41,Far,3,CTChest__perspective__tp_-141.15_-53.01_-92.41__shot2_16.17__shot3m3m1_0.40__shot3m3m2_15.89,Low,1,16.17,0.4,15.89,-141.1487427,-53.01185989,-92.40821838,254.41711392947923,marker-only,2.0,34,1,0,30.60456968649962,24.77753961482109,6.592276604013676,0.0673584645171065,1.914139939692882,1,1
experiment_results1.csv,perturbation_run,perturbation_gap,1,2026-04-21T20:39:25+08:00,20260421_203925_369352,controlled_perturbation_study,CTChest,perspective,tp_-141.15_-53.01_-92.41,Far,3,CTChest__perspective__tp_-141.15_-53.01_-92.41__shot2_16.17__shot3m3m1_0.40__shot3m3m2_15.89,Low,1,16.17,0.4,15.89,-141.1487427,-53.01185989,-92.40821838,254.41711392947923,marker-only,2.0,35,1,0,21.00720851145308,4.107029258761769,4.46134640258662,0.0673584645171065,2.0373894669681825,1,1
experiment_results1.csv,perturbation_run,perturbation_gap,1,2026-04-21T20:39:25+08:00,20260421_203925_862445,controlled_perturbation_study,CTChest,perspective,tp_-141.15_-53.01_-92.41,Far,3,CTChest__perspective__tp_-141.15_-53.01_-92.41__shot2_16.17__shot3m3m1_0.40__shot3m3m2_15.89,Low,1,16.17,0.4,15.89,-141.1487427,-53.01185989,-92.40821838,254.41711392947923,marker-only,2.0,36,1,0,17.613712196296202,19.173428756303554,6.849239124996715,0.0673584645171065,2.9466305174861893,1,1
experiment_results1.csv,perturbation_run,perturbation_gap,1,2026-04-21T20:39:26+08:00,20260421_203926_351681,controlled_perturbation_study,CTChest,perspective,tp_-141.15_-53.01_-92.41,Far,3,CTChest__perspective__tp_-141.15_-53.01_-92.41__shot2_16.17__shot3m3m1_0.40__shot3m3m2_15.89,Low,1,16.17,0.4,15.89,-141.1487427,-53.01185989,-92.40821838,254.41711392947923,marker-only,2.0,37,1,0,26.142599978187345,27.932287815902114,1.2928214607828123,0.0673584645171065,2.3244633929222047,1,1
experiment_results1.csv,perturbation_run,perturbation_gap,1,2026-04-21T20:39:26+08:00,20260421_203926_848934,controlled_perturbation_study,CTChest,perspective,tp_-141.15_-53.01_-92.41,Far,3,CTChest__perspective__tp_-141.15_-53.01_-92.41__shot2_16.17__shot3m3m1_0.40__shot3m3m2_15.89,Low,1,16.17,0.4,15.89,-141.1487427,-53.01185989,-92.40821838,254.41711392947923,marker-only,2.0,38,1,0,20.41698823103757,15.900891989837731,4.437154027508366,0.0673584645171065,2.5868924579833963,1,1
experiment_results1.csv,perturbation_run,perturbation_gap,1,2026-04-21T20:39:27+08:00,20260421_203927_341220,controlled_perturbation_study,CTChest,perspective,tp_-141.15_-53.01_-92.41,Far,3,CTChest__perspective__tp_-141.15_-53.01_-92.41__shot2_16.17__shot3m3m1_0.40__shot3m3m2_15.89,Low,1,16.17,0.4,15.89,-141.1487427,-53.01185989,-92.40821838,254.41711392947923,marker-only,2.0,39,1,0,37.528750812420654,11.61299298350991,12.833773176191134,0.0673584645171065,2.2272623089092423,1,1
experiment_results1.csv,perturbation_run,perturbation_gap,1,2026-04-21T20:39:27+08:00,20260421_203927_831093,controlled_perturbation_study,CTChest,perspective,tp_-141.15_-53.01_-92.41,Far,3,CTChest__perspective__tp_-141.15_-53.01_-92.41__shot2_16.17__shot3m3m1_0.40__shot3m3m2_15.89,Low,1,16.17,0.4,15.89,-141.1487427,-53.01185989,-92.40821838,254.41711392947923,marker-only,2.0,40,1,0,31.74402728972222,15.781615942197682,7.485612789195517,0.0673584645171065,1.8192884705679315,1,1
experiment_results1.csv,perturbation_run,perturbation_gap,1,2026-04-21T20:39:28+08:00,20260421_203928_316570,controlled_perturbation_study,CTChest,perspective,tp_-141.15_-53.01_-92.41,Far,3,CTChest__perspective__tp_-141.15_-53.01_-92.41__shot2_16.17__shot3m3m1_0.40__shot3m3m2_15.89,Low,1,16.17,0.4,15.89,-141.1487427,-53.01185989,-92.40821838,254.41711392947923,marker-only,2.0,41,1,0,26.67081100383033,3.35287482740654,2.1571666240577505,0.0673584645171065,2.447017202710635,1,1
experiment_results1.csv,perturbation_run,perturbation_gap,1,2026-04-21T20:39:28+08:00,20260421_203928_809137,controlled_perturbation_study,CTChest,perspective,tp_-141.15_-53.01_-92.41,Far,3,CTChest__perspective__tp_-141.15_-53.01_-92.41__shot2_16.17__shot3m3m1_0.40__shot3m3m2_15.89,Low,1,16.17,0.4,15.89,-141.1487427,-53.01185989,-92.40821838,254.41711392947923,marker-only,2.0,42,1,0,21.245377726932954,10.67620258772405,5.278771040837497,0.0673584645171065,2.331215435394409,1,1
experiment_results1.csv,perturbation_run,perturbation_gap,1,2026-04-21T20:39:29+08:00,20260421_203929_305718,controlled_perturbation_study,CTChest,perspective,tp_-141.15_-53.01_-92.41,Far,3,CTChest__perspective__tp_-141.15_-53.01_-92.41__shot2_16.17__shot3m3m1_0.40__shot3m3m2_15.89,Low,1,16.17,0.4,15.89,-141.1487427,-53.01185989,-92.40821838,254.41711392947923,marker-only,2.0,43,1,0,22.777047491126527,10.723776692576786,22.2531196382661,0.0673584645171065,2.072511115050553,1,1
experiment_results1.csv,perturbation_run,perturbation_gap,1,2026-04-21T20:39:29+08:00,20260421_203929_797480,controlled_perturbation_study,CTChest,perspective,tp_-141.15_-53.01_-92.41,Far,3,CTChest__perspective__tp_-141.15_-53.01_-92.41__shot2_16.17__shot3m3m1_0.40__shot3m3m2_15.89,Low,1,16.17,0.4,15.89,-141.1487427,-53.01185989,-92.40821838,254.41711392947923,marker-only,2.0,44,1,0,8.161974395591331,18.90841399760289,9.159080427786929,0.0673584645171065,2.534640809493258,1,1
experiment_results1.csv,perturbation_run,perturbation_gap,1,2026-04-21T20:39:30+08:00,20260421_203930_287379,controlled_perturbation_study,CTChest,perspective,tp_-141.15_-53.01_-92.41,Far,3,CTChest__perspective__tp_-141.15_-53.01_-92.41__shot2_16.17__shot3m3m1_0.40__shot3m3m2_15.89,Low,1,16.17,0.4,15.89,-141.1487427,-53.01185989,-92.40821838,254.41711392947923,marker-only,2.0,45,1,0,11.91181658144821,17.14604664723137,5.98259593914077,0.0673584645171065,2.275519851869089,1,1
experiment_results1.csv,perturbation_run,perturbation_gap,1,2026-04-21T20:39:30+08:00,20260421_203930_778387,controlled_perturbation_study,CTChest,perspective,tp_-141.15_-53.01_-92.41,Far,3,CTChest__perspective__tp_-141.15_-53.01_-92.41__shot2_16.17__shot3m3m1_0.40__shot3m3m2_15.89,Low,1,16.17,0.4,15.89,-141.1487427,-53.01185989,-92.40821838,254.41711392947923,marker-only,2.0,46,1,0,22.459257674385483,12.750408772217744,23.01671822969297,0.0673584645171065,2.601533706797112,1,1
experiment_results1.csv,perturbation_run,perturbation_gap,1,2026-04-21T20:39:31+08:00,20260421_203931_267646,controlled_perturbation_study,CTChest,perspective,tp_-141.15_-53.01_-92.41,Far,3,CTChest__perspective__tp_-141.15_-53.01_-92.41__shot2_16.17__shot3m3m1_0.40__shot3m3m2_15.89,Low,1,16.17,0.4,15.89,-141.1487427,-53.01185989,-92.40821838,254.41711392947923,marker-only,2.0,47,1,0,29.409945159070347,13.643074834435447,15.543602758109316,0.0673584645171065,2.312197535156077,1,1
experiment_results1.csv,perturbation_run,perturbation_gap,1,2026-04-21T20:39:31+08:00,20260421_203931_757779,controlled_perturbation_study,CTChest,perspective,tp_-141.15_-53.01_-92.41,Far,3,CTChest__perspective__tp_-141.15_-53.01_-92.41__shot2_16.17__shot3m3m1_0.40__shot3m3m2_15.89,Low,1,16.17,0.4,15.89,-141.1487427,-53.01185989,-92.40821838,254.41711392947923,marker-only,2.0,48,1,0,7.032879248377065,3.010230866673157,13.447413642332904,0.0673584645171065,2.0740889415166133,1,1
experiment_results1.csv,perturbation_run,perturbation_gap,1,2026-04-21T20:39:32+08:00,20260421_203932_247695,controlled_perturbation_study,CTChest,perspective,tp_-141.15_-53.01_-92.41,Far,3,CTChest__perspective__tp_-141.15_-53.01_-92.41__shot2_16.17__shot3m3m1_0.40__shot3m3m2_15.89,Low,1,16.17,0.4,15.89,-141.1487427,-53.01185989,-92.40821838,254.41711392947923,marker-only,2.0,49,1,0,4.53195575157892,13.092522122550587,13.913647281280417,0.0673584645171065,2.3271560017415904,1,1
experiment_results1.csv,perturbation_run,perturbation_gap,1,2026-04-21T20:39:32+08:00,20260421_203932_733789,controlled_perturbation_study,CTChest,perspective,tp_-141.15_-53.01_-92.41,Far,3,CTChest__perspective__tp_-141.15_-53.01_-92.41__shot2_16.17__shot3m3m1_0.40__shot3m3m2_15.89,Low,1,16.17,0.4,15.89,-141.1487427,-53.01185989,-92.40821838,254.41711392947923,marker-only,2.0,50,1,0,6.360538448206456,17.585771888863416,31.13037642054941,0.0673584645171065,2.2258321870535926,1,1
experiment_results1.csv,perturbation_run,perturbation_gap,1,2026-04-21T20:39:44+08:00,20260421_203944_205320,controlled_perturbation_study,CTChest,perspective,tp_-141.15_-53.01_-92.41,Far,3,CTChest__perspective__tp_-141.15_-53.01_-92.41__shot2_16.17__shot3m3m1_0.40__shot3m3m2_15.89,Low,1,16.17,0.4,15.89,-141.1487427,-53.01185989,-92.40821838,254.41711392947923,target-only,0.5,1,1,0,2.1703629523806103,1.0144720464902124,0.9847729021764734,0.0673584645171065,0.0659047218102651,1,1
experiment_results1.csv,perturbation_run,perturbation_gap,1,2026-04-21T20:39:44+08:00,20260421_203944_496803,controlled_perturbation_study,CTChest,perspective,tp_-141.15_-53.01_-92.41,Far,3,CTChest__perspective__tp_-141.15_-53.01_-92.41__shot2_16.17__shot3m3m1_0.40__shot3m3m2_15.89,Low,1,16.17,0.4,15.89,-141.1487427,-53.01185989,-92.40821838,254.41711392947923,target-only,0.5,2,1,0,1.5571502796802308,0.6793003084199487,0.540600119702015,0.0673584645171065,0.0659047218102651,1,1
experiment_results1.csv,perturbation_run,perturbation_gap,1,2026-04-21T20:39:44+08:00,20260421_203944_783557,controlled_perturbation_study,CTChest,perspective,tp_-141.15_-53.01_-92.41,Far,3,CTChest__perspective__tp_-141.15_-53.01_-92.41__shot2_16.17__shot3m3m1_0.40__shot3m3m2_15.89,Low,1,16.17,0.4,15.89,-141.1487427,-53.01185989,-92.40821838,254.41711392947923,target-only,0.5,3,1,0,2.6834128843052265,0.5923575703831009,0.6121716546212556,0.0673584645171065,0.0659047218102651,1,1
experiment_results1.csv,perturbation_run,perturbation_gap,1,2026-04-21T20:39:45+08:00,20260421_203945_076242,controlled_perturbation_study,CTChest,perspective,tp_-141.15_-53.01_-92.41,Far,3,CTChest__perspective__tp_-141.15_-53.01_-92.41__shot2_16.17__shot3m3m1_0.40__shot3m3m2_15.89,Low,1,16.17,0.4,15.89,-141.1487427,-53.01185989,-92.40821838,254.41711392947923,target-only,0.5,4,1,0,0.1842248409835861,0.6944986736153826,0.1118467736687867,0.0673584645171065,0.0659047218102651,1,1
experiment_results1.csv,perturbation_run,perturbation_gap,1,2026-04-21T20:39:45+08:00,20260421_203945_369325,controlled_perturbation_study,CTChest,perspective,tp_-141.15_-53.01_-92.41,Far,3,CTChest__perspective__tp_-141.15_-53.01_-92.41__shot2_16.17__shot3m3m1_0.40__shot3m3m2_15.89,Low,1,16.17,0.4,15.89,-141.1487427,-53.01185989,-92.40821838,254.41711392947923,target-only,0.5,5,1,0,2.8977542255045665,1.0938630365152258,0.1308228813540042,0.0673584645171065,0.0659047218102651,1,1
experiment_results1.csv,perturbation_run,perturbation_gap,1,2026-04-21T20:39:45+08:00,20260421_203945_661307,controlled_perturbation_study,CTChest,perspective,tp_-141.15_-53.01_-92.41,Far,3,CTChest__perspective__tp_-141.15_-53.01_-92.41__shot2_16.17__shot3m3m1_0.40__shot3m3m2_15.89,Low,1,16.17,0.4,15.89,-141.1487427,-53.01185989,-92.40821838,254.41711392947923,target-only,0.5,6,1,0,3.733298635927955,1.0841790637074,0.1705916809319237,0.0673584645171065,0.0659047218102651,1,1
experiment_results1.csv,perturbation_run,perturbation_gap,1,2026-04-21T20:39:45+08:00,20260421_203945_951006,controlled_perturbation_study,CTChest,perspective,tp_-141.15_-53.01_-92.41,Far,3,CTChest__perspective__tp_-141.15_-53.01_-92.41__shot2_16.17__shot3m3m1_0.40__shot3m3m2_15.89,Low,1,16.17,0.4,15.89,-141.1487427,-53.01185989,-92.40821838,254.41711392947923,target-only,0.5,7,1,0,0.6459349095019676,0.4900967362570261,0.585605049204607,0.0673584645171065,0.0659047218102651,1,1
experiment_results1.csv,perturbation_run,perturbation_gap,1,2026-04-21T20:39:46+08:00,20260421_203946_245035,controlled_perturbation_study,CTChest,perspective,tp_-141.15_-53.01_-92.41,Far,3,CTChest__perspective__tp_-141.15_-53.01_-92.41__shot2_16.17__shot3m3m1_0.40__shot3m3m2_15.89,Low,1,16.17,0.4,15.89,-141.1487427,-53.01185989,-92.40821838,254.41711392947923,target-only,0.5,8,1,0,1.9190198925072064,0.727896217996349,0.2806796821715736,0.0673584645171065,0.0659047218102651,1,1
experiment_results1.csv,perturbation_run,perturbation_gap,1,2026-04-21T20:39:46+08:00,20260421_203946_527474,controlled_perturbation_study,CTChest,perspective,tp_-141.15_-53.01_-92.41,Far,3,CTChest__perspective__tp_-141.15_-53.01_-92.41__shot2_16.17__shot3m3m1_0.40__shot3m3m2_15.89,Low,1,16.17,0.4,15.89,-141.1487427,-53.01185989,-92.40821838,254.41711392947923,target-only,0.5,9,1,0,3.907632547445682,0.7384772989144169,0.5510803843480492,0.0673584645171065,0.0659047218102651,1,1
experiment_results1.csv,perturbation_run,perturbation_gap,1,2026-04-21T20:39:46+08:00,20260421_203946_812646,controlled_perturbation_study,CTChest,perspective,tp_-141.15_-53.01_-92.41,Far,3,CTChest__perspective__tp_-141.15_-53.01_-92.41__shot2_16.17__shot3m3m1_0.40__shot3m3m2_15.89,Low,1,16.17,0.4,15.89,-141.1487427,-53.01185989,-92.40821838,254.41711392947923,target-only,0.5,10,1,0,0.2102667861699479,0.6268473531467326,0.1888187630661786,0.0673584645171065,0.0659047218102651,1,1
experiment_results1.csv,perturbation_run,perturbation_gap,1,2026-04-21T20:39:47+08:00,20260421_203947_090398,controlled_perturbation_study,CTChest,perspective,tp_-141.15_-53.01_-92.41,Far,3,CTChest__perspective__tp_-141.15_-53.01_-92.41__shot2_16.17__shot3m3m1_0.40__shot3m3m2_15.89,Low,1,16.17,0.4,15.89,-141.1487427,-53.01185989,-92.40821838,254.41711392947923,target-only,0.5,11,1,0,1.1589265909466773,0.4778754995616452,0.5210191466246142,0.0673584645171065,0.0659047218102651,1,1
experiment_results1.csv,perturbation_run,perturbation_gap,1,2026-04-21T20:39:47+08:00,20260421_203947_375776,controlled_perturbation_study,CTChest,perspective,tp_-141.15_-53.01_-92.41,Far,3,CTChest__perspective__tp_-141.15_-53.01_-92.41__shot2_16.17__shot3m3m1_0.40__shot3m3m2_15.89,Low,1,16.17,0.4,15.89,-141.1487427,-53.01185989,-92.40821838,254.41711392947923,target-only,0.5,12,1,0,3.96067469697492,0.2376547212732064,0.1035572409655118,0.0673584645171065,0.0659047218102651,1,1
experiment_results1.csv,perturbation_run,perturbation_gap,1,2026-04-21T20:39:47+08:00,20260421_203947_625727,controlled_perturbation_study,CTChest,perspective,tp_-141.15_-53.01_-92.41,Far,3,CTChest__perspective__tp_-141.15_-53.01_-92.41__shot2_16.17__shot3m3m1_0.40__shot3m3m2_15.89,Low,1,16.17,0.4,15.89,-141.1487427,-53.01185989,-92.40821838,254.41711392947923,target-only,0.5,13,1,0,1.0686102014992096,0.6386260825821777,1.3723115771107888,0.0673584645171065,0.0659047218102651,1,1
experiment_results1.csv,perturbation_run,perturbation_gap,1,2026-04-21T20:39:47+08:00,20260421_203947_880447,controlled_perturbation_study,CTChest,perspective,tp_-141.15_-53.01_-92.41,Far,3,CTChest__perspective__tp_-141.15_-53.01_-92.41__shot2_16.17__shot3m3m1_0.40__shot3m3m2_15.89,Low,1,16.17,0.4,15.89,-141.1487427,-53.01185989,-92.40821838,254.41711392947923,target-only,0.5,14,1,0,2.8236262247380863,0.6952190491471703,0.605100176948281,0.0673584645171065,0.0659047218102651,1,1
experiment_results1.csv,perturbation_run,perturbation_gap,1,2026-04-21T20:39:48+08:00,20260421_203948_133791,controlled_perturbation_study,CTChest,perspective,tp_-141.15_-53.01_-92.41,Far,3,CTChest__perspective__tp_-141.15_-53.01_-92.41__shot2_16.17__shot3m3m1_0.40__shot3m3m2_15.89,Low,1,16.17,0.4,15.89,-141.1487427,-53.01185989,-92.40821838,254.41711392947923,target-only,0.5,15,1,0,0.5280890843490491,1.3763981936276275,0.5854759729921185,0.0673584645171065,0.0659047218102651,1,1
experiment_results1.csv,perturbation_run,perturbation_gap,1,2026-04-21T20:39:48+08:00,20260421_203948_394864,controlled_perturbation_study,CTChest,perspective,tp_-141.15_-53.01_-92.41,Far,3,CTChest__perspective__tp_-141.15_-53.01_-92.41__shot2_16.17__shot3m3m1_0.40__shot3m3m2_15.89,Low,1,16.17,0.4,15.89,-141.1487427,-53.01185989,-92.40821838,254.41711392947923,target-only,0.5,16,1,0,3.9390772436133097,0.3931075009659703,0.6339380639992188,0.0673584645171065,0.0659047218102651,1,1
experiment_results1.csv,perturbation_run,perturbation_gap,1,2026-04-21T20:39:48+08:00,20260421_203948_695650,controlled_perturbation_study,CTChest,perspective,tp_-141.15_-53.01_-92.41,Far,3,CTChest__perspective__tp_-141.15_-53.01_-92.41__shot2_16.17__shot3m3m1_0.40__shot3m3m2_15.89,Low,1,16.17,0.4,15.89,-141.1487427,-53.01185989,-92.40821838,254.41711392947923,target-only,0.5,17,1,0,1.7492331182870893,1.281045130210255,1.0813945438569117,0.0673584645171065,0.0659047218102651,1,1
experiment_results1.csv,perturbation_run,perturbation_gap,1,2026-04-21T20:39:49+08:00,20260421_203949_004078,controlled_perturbation_study,CTChest,perspective,tp_-141.15_-53.01_-92.41,Far,3,CTChest__perspective__tp_-141.15_-53.01_-92.41__shot2_16.17__shot3m3m1_0.40__shot3m3m2_15.89,Low,1,16.17,0.4,15.89,-141.1487427,-53.01185989,-92.40821838,254.41711392947923,target-only,0.5,18,1,0,3.662175266253067,0.5465596814843471,0.5201427390942623,0.0673584645171065,0.0659047218102651,1,1
experiment_results1.csv,perturbation_run,perturbation_gap,1,2026-04-21T20:39:49+08:00,20260421_203949_289831,controlled_perturbation_study,CTChest,perspective,tp_-141.15_-53.01_-92.41,Far,3,CTChest__perspective__tp_-141.15_-53.01_-92.41__shot2_16.17__shot3m3m1_0.40__shot3m3m2_15.89,Low,1,16.17,0.4,15.89,-141.1487427,-53.01185989,-92.40821838,254.41711392947923,target-only,0.5,19,1,0,0.7278510539619485,0.2739180466252841,0.5395317045356308,0.0673584645171065,0.0659047218102651,1,1
experiment_results1.csv,perturbation_run,perturbation_gap,1,2026-04-21T20:39:49+08:00,20260421_203949_579869,controlled_perturbation_study,CTChest,perspective,tp_-141.15_-53.01_-92.41,Far,3,CTChest__perspective__tp_-141.15_-53.01_-92.41__shot2_16.17__shot3m3m1_0.40__shot3m3m2_15.89,Low,1,16.17,0.4,15.89,-141.1487427,-53.01185989,-92.40821838,254.41711392947923,target-only,0.5,20,1,0,0.3910090403469486,0.828211304591933,0.4591584012604527,0.0673584645171065,0.0659047218102651,1,1
experiment_results1.csv,perturbation_run,perturbation_gap,1,2026-04-21T20:39:49+08:00,20260421_203949_902535,controlled_perturbation_study,CTChest,perspective,tp_-141.15_-53.01_-92.41,Far,3,CTChest__perspective__tp_-141.15_-53.01_-92.41__shot2_16.17__shot3m3m1_0.40__shot3m3m2_15.89,Low,1,16.17,0.4,15.89,-141.1487427,-53.01185989,-92.40821838,254.41711392947923,target-only,0.5,21,1,0,2.6801892009585755,1.3249864599989138,1.0367841878335302,0.0673584645171065,0.0659047218102651,1,1
experiment_results1.csv,perturbation_run,perturbation_gap,1,2026-04-21T20:39:50+08:00,20260421_203950_246603,controlled_perturbation_study,CTChest,perspective,tp_-141.15_-53.01_-92.41,Far,3,CTChest__perspective__tp_-141.15_-53.01_-92.41__shot2_16.17__shot3m3m1_0.40__shot3m3m2_15.89,Low,1,16.17,0.4,15.89,-141.1487427,-53.01185989,-92.40821838,254.41711392947923,target-only,0.5,22,1,0,1.943971692320676,0.7119049652240275,0.5086826454870266,0.0673584645171065,0.0659047218102651,1,1
experiment_results1.csv,perturbation_run,perturbation_gap,1,2026-04-21T20:39:50+08:00,20260421_203950_593628,controlled_perturbation_study,CTChest,perspective,tp_-141.15_-53.01_-92.41,Far,3,CTChest__perspective__tp_-141.15_-53.01_-92.41__shot2_16.17__shot3m3m1_0.40__shot3m3m2_15.89,Low,1,16.17,0.4,15.89,-141.1487427,-53.01185989,-92.40821838,254.41711392947923,target-only,0.5,23,1,0,1.7534950732695334,0.7312125341824576,0.1130289548297983,0.0673584645171065,0.0659047218102651,1,1
experiment_results1.csv,perturbation_run,perturbation_gap,1,2026-04-21T20:39:50+08:00,20260421_203950_951127,controlled_perturbation_study,CTChest,perspective,tp_-141.15_-53.01_-92.41,Far,3,CTChest__perspective__tp_-141.15_-53.01_-92.41__shot2_16.17__shot3m3m1_0.40__shot3m3m2_15.89,Low,1,16.17,0.4,15.89,-141.1487427,-53.01185989,-92.40821838,254.41711392947923,target-only,0.5,24,1,0,6.741348397661839,0.7724185592603071,0.3836080420957715,0.0673584645171065,0.0659047218102651,1,1
experiment_results1.csv,perturbation_run,perturbation_gap,1,2026-04-21T20:39:51+08:00,20260421_203951_257933,controlled_perturbation_study,CTChest,perspective,tp_-141.15_-53.01_-92.41,Far,3,CTChest__perspective__tp_-141.15_-53.01_-92.41__shot2_16.17__shot3m3m1_0.40__shot3m3m2_15.89,Low,1,16.17,0.4,15.89,-141.1487427,-53.01185989,-92.40821838,254.41711392947923,target-only,0.5,25,1,0,3.207367686710975,0.8773616747369498,0.2027527615644716,0.0673584645171065,0.0659047218102651,1,1
experiment_results1.csv,perturbation_run,perturbation_gap,1,2026-04-21T20:39:51+08:00,20260421_203951_627597,controlled_perturbation_study,CTChest,perspective,tp_-141.15_-53.01_-92.41,Far,3,CTChest__perspective__tp_-141.15_-53.01_-92.41__shot2_16.17__shot3m3m1_0.40__shot3m3m2_15.89,Low,1,16.17,0.4,15.89,-141.1487427,-53.01185989,-92.40821838,254.41711392947923,target-only,0.5,26,1,0,1.352297348762563,1.0400940653788555,0.7208752329726338,0.0673584645171065,0.0659047218102651,1,1
experiment_results1.csv,perturbation_run,perturbation_gap,1,2026-04-21T20:39:51+08:00,20260421_203951_956645,controlled_perturbation_study,CTChest,perspective,tp_-141.15_-53.01_-92.41,Far,3,CTChest__perspective__tp_-141.15_-53.01_-92.41__shot2_16.17__shot3m3m1_0.40__shot3m3m2_15.89,Low,1,16.17,0.4,15.89,-141.1487427,-53.01185989,-92.40821838,254.41711392947923,target-only,0.5,27,1,0,2.141047084582297,0.380498532376338,0.5483185376094325,0.0673584645171065,0.0659047218102651,1,1
experiment_results1.csv,perturbation_run,perturbation_gap,1,2026-04-21T20:39:52+08:00,20260421_203952_337815,controlled_perturbation_study,CTChest,perspective,tp_-141.15_-53.01_-92.41,Far,3,CTChest__perspective__tp_-141.15_-53.01_-92.41__shot2_16.17__shot3m3m1_0.40__shot3m3m2_15.89,Low,1,16.17,0.4,15.89,-141.1487427,-53.01185989,-92.40821838,254.41711392947923,target-only,0.5,28,1,0,0.7277435992265051,0.4420695085527885,0.4635211378692051,0.0673584645171065,0.0659047218102651,1,1
experiment_results1.csv,perturbation_run,perturbation_gap,1,2026-04-21T20:39:52+08:00,20260421_203952_733138,controlled_perturbation_study,CTChest,perspective,tp_-141.15_-53.01_-92.41,Far,3,CTChest__perspective__tp_-141.15_-53.01_-92.41__shot2_16.17__shot3m3m1_0.40__shot3m3m2_15.89,Low,1,16.17,0.4,15.89,-141.1487427,-53.01185989,-92.40821838,254.41711392947923,target-only,0.5,29,1,0,0.4264924008482224,0.6553922566746125,0.7971725211775991,0.0673584645171065,0.0659047218102651,1,1
experiment_results1.csv,perturbation_run,perturbation_gap,1,2026-04-21T20:39:53+08:00,20260421_203953_141226,controlled_perturbation_study,CTChest,perspective,tp_-141.15_-53.01_-92.41,Far,3,CTChest__perspective__tp_-141.15_-53.01_-92.41__shot2_16.17__shot3m3m1_0.40__shot3m3m2_15.89,Low,1,16.17,0.4,15.89,-141.1487427,-53.01185989,-92.40821838,254.41711392947923,target-only,0.5,30,1,0,1.156735114300999,0.8706842596529699,0.2979223211746996,0.0673584645171065,0.0659047218102651,1,1
experiment_results1.csv,perturbation_run,perturbation_gap,1,2026-04-21T20:39:53+08:00,20260421_203953_550599,controlled_perturbation_study,CTChest,perspective,tp_-141.15_-53.01_-92.41,Far,3,CTChest__perspective__tp_-141.15_-53.01_-92.41__shot2_16.17__shot3m3m1_0.40__shot3m3m2_15.89,Low,1,16.17,0.4,15.89,-141.1487427,-53.01185989,-92.40821838,254.41711392947923,target-only,0.5,31,1,0,2.5497999998197463,0.9086894387379644,1.1464124940490008,0.0673584645171065,0.0659047218102651,1,1
experiment_results1.csv,perturbation_run,perturbation_gap,1,2026-04-21T20:39:53+08:00,20260421_203953_957867,controlled_perturbation_study,CTChest,perspective,tp_-141.15_-53.01_-92.41,Far,3,CTChest__perspective__tp_-141.15_-53.01_-92.41__shot2_16.17__shot3m3m1_0.40__shot3m3m2_15.89,Low,1,16.17,0.4,15.89,-141.1487427,-53.01185989,-92.40821838,254.41711392947923,target-only,0.5,32,1,0,1.094725808173331,1.2183974762939676,0.0574672933024867,0.0673584645171065,0.0659047218102651,1,1
experiment_results1.csv,perturbation_run,perturbation_gap,1,2026-04-21T20:39:54+08:00,20260421_203954_377009,controlled_perturbation_study,CTChest,perspective,tp_-141.15_-53.01_-92.41,Far,3,CTChest__perspective__tp_-141.15_-53.01_-92.41__shot2_16.17__shot3m3m1_0.40__shot3m3m2_15.89,Low,1,16.17,0.4,15.89,-141.1487427,-53.01185989,-92.40821838,254.41711392947923,target-only,0.5,33,1,0,0.599654788803264,1.0434984951024031,0.0689427864731864,0.0673584645171065,0.0659047218102651,1,1
experiment_results1.csv,perturbation_run,perturbation_gap,1,2026-04-21T20:39:54+08:00,20260421_203954_801291,controlled_perturbation_study,CTChest,perspective,tp_-141.15_-53.01_-92.41,Far,3,CTChest__perspective__tp_-141.15_-53.01_-92.41__shot2_16.17__shot3m3m1_0.40__shot3m3m2_15.89,Low,1,16.17,0.4,15.89,-141.1487427,-53.01185989,-92.40821838,254.41711392947923,target-only,0.5,34,1,0,1.7056574223144056,0.613948947519017,0.3948804339632364,0.0673584645171065,0.0659047218102651,1,1
experiment_results1.csv,perturbation_run,perturbation_gap,1,2026-04-21T20:39:55+08:00,20260421_203955_181151,controlled_perturbation_study,CTChest,perspective,tp_-141.15_-53.01_-92.41,Far,3,CTChest__perspective__tp_-141.15_-53.01_-92.41__shot2_16.17__shot3m3m1_0.40__shot3m3m2_15.89,Low,1,16.17,0.4,15.89,-141.1487427,-53.01185989,-92.40821838,254.41711392947923,target-only,0.5,35,1,0,0.5679536533660153,0.8394980551088705,0.8872492099264101,0.0673584645171065,0.0659047218102651,1,1
experiment_results1.csv,perturbation_run,perturbation_gap,1,2026-04-21T20:39:55+08:00,20260421_203955_621356,controlled_perturbation_study,CTChest,perspective,tp_-141.15_-53.01_-92.41,Far,3,CTChest__perspective__tp_-141.15_-53.01_-92.41__shot2_16.17__shot3m3m1_0.40__shot3m3m2_15.89,Low,1,16.17,0.4,15.89,-141.1487427,-53.01185989,-92.40821838,254.41711392947923,target-only,0.5,36,1,0,0.9490320839756936,0.5470985678103875,0.0542684329975535,0.0673584645171065,0.0659047218102651,1,1
experiment_results1.csv,perturbation_run,perturbation_gap,1,2026-04-21T20:39:56+08:00,20260421_203956_070529,controlled_perturbation_study,CTChest,perspective,tp_-141.15_-53.01_-92.41,Far,3,CTChest__perspective__tp_-141.15_-53.01_-92.41__shot2_16.17__shot3m3m1_0.40__shot3m3m2_15.89,Low,1,16.17,0.4,15.89,-141.1487427,-53.01185989,-92.40821838,254.41711392947923,target-only,0.5,37,1,0,1.2989143958228049,1.6750099262650704,0.4862047065759071,0.0673584645171065,0.0659047218102651,1,1
experiment_results1.csv,perturbation_run,perturbation_gap,1,2026-04-21T20:39:56+08:00,20260421_203956_535732,controlled_perturbation_study,CTChest,perspective,tp_-141.15_-53.01_-92.41,Far,3,CTChest__perspective__tp_-141.15_-53.01_-92.41__shot2_16.17__shot3m3m1_0.40__shot3m3m2_15.89,Low,1,16.17,0.4,15.89,-141.1487427,-53.01185989,-92.40821838,254.41711392947923,target-only,0.5,38,1,0,2.207455598133143,0.7379985351062526,0.0258560037813473,0.0673584645171065,0.0659047218102651,1,1
experiment_results1.csv,perturbation_run,perturbation_gap,1,2026-04-21T20:39:57+08:00,20260421_203957_006819,controlled_perturbation_study,CTChest,perspective,tp_-141.15_-53.01_-92.41,Far,3,CTChest__perspective__tp_-141.15_-53.01_-92.41__shot2_16.17__shot3m3m1_0.40__shot3m3m2_15.89,Low,1,16.17,0.4,15.89,-141.1487427,-53.01185989,-92.40821838,254.41711392947923,target-only,0.5,39,1,0,2.428655707659316,1.4002501698387395,0.1186584675072332,0.0673584645171065,0.0659047218102651,1,1
experiment_results1.csv,perturbation_run,perturbation_gap,1,2026-04-21T20:39:57+08:00,20260421_203957_474271,controlled_perturbation_study,CTChest,perspective,tp_-141.15_-53.01_-92.41,Far,3,CTChest__perspective__tp_-141.15_-53.01_-92.41__shot2_16.17__shot3m3m1_0.40__shot3m3m2_15.89,Low,1,16.17,0.4,15.89,-141.1487427,-53.01185989,-92.40821838,254.41711392947923,target-only,0.5,40,1,0,0.7680901285909608,0.5534023944088096,0.7644373964399654,0.0673584645171065,0.0659047218102651,1,1
experiment_results1.csv,perturbation_run,perturbation_gap,1,2026-04-21T20:39:57+08:00,20260421_203957_931692,controlled_perturbation_study,CTChest,perspective,tp_-141.15_-53.01_-92.41,Far,3,CTChest__perspective__tp_-141.15_-53.01_-92.41__shot2_16.17__shot3m3m1_0.40__shot3m3m2_15.89,Low,1,16.17,0.4,15.89,-141.1487427,-53.01185989,-92.40821838,254.41711392947923,target-only,0.5,41,1,0,0.1920131875547229,0.8958543195141965,1.028616173221942,0.0673584645171065,0.0659047218102651,1,1
experiment_results1.csv,perturbation_run,perturbation_gap,1,2026-04-21T20:39:58+08:00,20260421_203958_397223,controlled_perturbation_study,CTChest,perspective,tp_-141.15_-53.01_-92.41,Far,3,CTChest__perspective__tp_-141.15_-53.01_-92.41__shot2_16.17__shot3m3m1_0.40__shot3m3m2_15.89,Low,1,16.17,0.4,15.89,-141.1487427,-53.01185989,-92.40821838,254.41711392947923,target-only,0.5,42,1,0,2.906948376281872,0.421261288206767,0.7763174848423666,0.0673584645171065,0.0659047218102651,1,1
experiment_results1.csv,perturbation_run,perturbation_gap,1,2026-04-21T20:39:58+08:00,20260421_203958_862791,controlled_perturbation_study,CTChest,perspective,tp_-141.15_-53.01_-92.41,Far,3,CTChest__perspective__tp_-141.15_-53.01_-92.41__shot2_16.17__shot3m3m1_0.40__shot3m3m2_15.89,Low,1,16.17,0.4,15.89,-141.1487427,-53.01185989,-92.40821838,254.41711392947923,target-only,0.5,43,1,0,1.30244082660217,0.8818542730919371,0.146711346112682,0.0673584645171065,0.0659047218102651,1,1
experiment_results1.csv,perturbation_run,perturbation_gap,1,2026-04-21T20:39:59+08:00,20260421_203959_321441,controlled_perturbation_study,CTChest,perspective,tp_-141.15_-53.01_-92.41,Far,3,CTChest__perspective__tp_-141.15_-53.01_-92.41__shot2_16.17__shot3m3m1_0.40__shot3m3m2_15.89,Low,1,16.17,0.4,15.89,-141.1487427,-53.01185989,-92.40821838,254.41711392947923,target-only,0.5,44,1,0,2.053684750420445,0.5515599226581193,0.5095454861521519,0.0673584645171065,0.0659047218102651,1,1
experiment_results1.csv,perturbation_run,perturbation_gap,1,2026-04-21T20:39:59+08:00,20260421_203959_784411,controlled_perturbation_study,CTChest,perspective,tp_-141.15_-53.01_-92.41,Far,3,CTChest__perspective__tp_-141.15_-53.01_-92.41__shot2_16.17__shot3m3m1_0.40__shot3m3m2_15.89,Low,1,16.17,0.4,15.89,-141.1487427,-53.01185989,-92.40821838,254.41711392947923,target-only,0.5,45,1,0,2.7498408775577827,0.4159645936932928,0.2860268576849075,0.0673584645171065,0.0659047218102651,1,1
experiment_results1.csv,perturbation_run,perturbation_gap,1,2026-04-21T20:40:00+08:00,20260421_204000_241684,controlled_perturbation_study,CTChest,perspective,tp_-141.15_-53.01_-92.41,Far,3,CTChest__perspective__tp_-141.15_-53.01_-92.41__shot2_16.17__shot3m3m1_0.40__shot3m3m2_15.89,Low,1,16.17,0.4,15.89,-141.1487427,-53.01185989,-92.40821838,254.41711392947923,target-only,0.5,46,1,0,2.0975283039688457,1.0537936593063937,0.0618776095290761,0.0673584645171065,0.0659047218102651,1,1
experiment_results1.csv,perturbation_run,perturbation_gap,1,2026-04-21T20:40:00+08:00,20260421_204000_704845,controlled_perturbation_study,CTChest,perspective,tp_-141.15_-53.01_-92.41,Far,3,CTChest__perspective__tp_-141.15_-53.01_-92.41__shot2_16.17__shot3m3m1_0.40__shot3m3m2_15.89,Low,1,16.17,0.4,15.89,-141.1487427,-53.01185989,-92.40821838,254.41711392947923,target-only,0.5,47,1,0,0.9474192416017296,0.5416372261826444,0.0584101698819319,0.0673584645171065,0.0659047218102651,1,1
experiment_results1.csv,perturbation_run,perturbation_gap,1,2026-04-21T20:40:01+08:00,20260421_204001_117086,controlled_perturbation_study,CTChest,perspective,tp_-141.15_-53.01_-92.41,Far,3,CTChest__perspective__tp_-141.15_-53.01_-92.41__shot2_16.17__shot3m3m1_0.40__shot3m3m2_15.89,Low,1,16.17,0.4,15.89,-141.1487427,-53.01185989,-92.40821838,254.41711392947923,target-only,0.5,48,1,0,0.5886738431807879,0.6816403706541116,0.7086236147654883,0.0673584645171065,0.0659047218102651,1,1
experiment_results1.csv,perturbation_run,perturbation_gap,1,2026-04-21T20:40:01+08:00,20260421_204001_435150,controlled_perturbation_study,CTChest,perspective,tp_-141.15_-53.01_-92.41,Far,3,CTChest__perspective__tp_-141.15_-53.01_-92.41__shot2_16.17__shot3m3m1_0.40__shot3m3m2_15.89,Low,1,16.17,0.4,15.89,-141.1487427,-53.01185989,-92.40821838,254.41711392947923,target-only,0.5,49,1,0,3.4457451516633992,0.6424320468923111,0.4605107647146732,0.0673584645171065,0.0659047218102651,1,1
experiment_results1.csv,perturbation_run,perturbation_gap,1,2026-04-21T20:40:01+08:00,20260421_204001_737392,controlled_perturbation_study,CTChest,perspective,tp_-141.15_-53.01_-92.41,Far,3,CTChest__perspective__tp_-141.15_-53.01_-92.41__shot2_16.17__shot3m3m1_0.40__shot3m3m2_15.89,Low,1,16.17,0.4,15.89,-141.1487427,-53.01185989,-92.40821838,254.41711392947923,target-only,0.5,50,1,0,1.9096878063078853,0.6595229232110036,0.4453280480083252,0.0673584645171065,0.0659047218102651,1,1
experiment_results1.csv,perturbation_run,perturbation_gap,1,2026-04-21T20:40:09+08:00,20260421_204009_941594,controlled_perturbation_study,CTChest,perspective,tp_-141.15_-53.01_-92.41,Far,3,CTChest__perspective__tp_-141.15_-53.01_-92.41__shot2_16.17__shot3m3m1_0.40__shot3m3m2_15.89,Low,1,16.17,0.4,15.89,-141.1487427,-53.01185989,-92.40821838,254.41711392947923,target-only,1.0,1,1,0,1.8102653137353784,0.5126695310952464,1.56381889390119,0.0673584645171065,0.0659047218102651,1,1
experiment_results1.csv,perturbation_run,perturbation_gap,1,2026-04-21T20:40:10+08:00,20260421_204010_324027,controlled_perturbation_study,CTChest,perspective,tp_-141.15_-53.01_-92.41,Far,3,CTChest__perspective__tp_-141.15_-53.01_-92.41__shot2_16.17__shot3m3m1_0.40__shot3m3m2_15.89,Low,1,16.17,0.4,15.89,-141.1487427,-53.01185989,-92.40821838,254.41711392947923,target-only,1.0,2,1,0,1.0559647333593143,1.1259173806720044,0.5905216439440427,0.0673584645171065,0.0659047218102651,1,1
experiment_results1.csv,perturbation_run,perturbation_gap,1,2026-04-21T20:40:10+08:00,20260421_204010_716746,controlled_perturbation_study,CTChest,perspective,tp_-141.15_-53.01_-92.41,Far,3,CTChest__perspective__tp_-141.15_-53.01_-92.41__shot2_16.17__shot3m3m1_0.40__shot3m3m2_15.89,Low,1,16.17,0.4,15.89,-141.1487427,-53.01185989,-92.40821838,254.41711392947923,target-only,1.0,3,1,0,1.0554411670594177,0.8658144602405713,0.3658306331293677,0.0673584645171065,0.0659047218102651,1,1
experiment_results1.csv,perturbation_run,perturbation_gap,1,2026-04-21T20:40:11+08:00,20260421_204011_012743,controlled_perturbation_study,CTChest,perspective,tp_-141.15_-53.01_-92.41,Far,3,CTChest__perspective__tp_-141.15_-53.01_-92.41__shot2_16.17__shot3m3m1_0.40__shot3m3m2_15.89,Low,1,16.17,0.4,15.89,-141.1487427,-53.01185989,-92.40821838,254.41711392947923,target-only,1.0,4,1,0,1.30864976447429,2.039310324461871,0.0272706757166088,0.0673584645171065,0.0659047218102651,1,1
experiment_results1.csv,perturbation_run,perturbation_gap,1,2026-04-21T20:40:11+08:00,20260421_204011_303842,controlled_perturbation_study,CTChest,perspective,tp_-141.15_-53.01_-92.41,Far,3,CTChest__perspective__tp_-141.15_-53.01_-92.41__shot2_16.17__shot3m3m1_0.40__shot3m3m2_15.89,Low,1,16.17,0.4,15.89,-141.1487427,-53.01185989,-92.40821838,254.41711392947923,target-only,1.0,5,1,0,3.177453303550378,1.901541957742359,1.4732679136639235,0.0673584645171065,0.0659047218102651,1,1
experiment_results1.csv,perturbation_run,perturbation_gap,1,2026-04-21T20:40:11+08:00,20260421_204011_589153,controlled_perturbation_study,CTChest,perspective,tp_-141.15_-53.01_-92.41,Far,3,CTChest__perspective__tp_-141.15_-53.01_-92.41__shot2_16.17__shot3m3m1_0.40__shot3m3m2_15.89,Low,1,16.17,0.4,15.89,-141.1487427,-53.01185989,-92.40821838,254.41711392947923,target-only,1.0,6,1,0,1.506605054716081,0.7586384861753128,1.1178081086929783,0.0673584645171065,0.0659047218102651,1,1
experiment_results1.csv,perturbation_run,perturbation_gap,1,2026-04-21T20:40:11+08:00,20260421_204011_877584,controlled_perturbation_study,CTChest,perspective,tp_-141.15_-53.01_-92.41,Far,3,CTChest__perspective__tp_-141.15_-53.01_-92.41__shot2_16.17__shot3m3m1_0.40__shot3m3m2_15.89,Low,1,16.17,0.4,15.89,-141.1487427,-53.01185989,-92.40821838,254.41711392947923,target-only,1.0,7,1,0,5.978198314301206,2.2426452539341915,1.589787937144449,0.0673584645171065,0.0659047218102651,1,1
experiment_results1.csv,perturbation_run,perturbation_gap,1,2026-04-21T20:40:12+08:00,20260421_204012_171120,controlled_perturbation_study,CTChest,perspective,tp_-141.15_-53.01_-92.41,Far,3,CTChest__perspective__tp_-141.15_-53.01_-92.41__shot2_16.17__shot3m3m1_0.40__shot3m3m2_15.89,Low,1,16.17,0.4,15.89,-141.1487427,-53.01185989,-92.40821838,254.41711392947923,target-only,1.0,8,1,0,2.683758721618944,3.306062836328532,0.7931375281568693,0.0673584645171065,0.0659047218102651,1,1
experiment_results1.csv,perturbation_run,perturbation_gap,1,2026-04-21T20:40:12+08:00,20260421_204012_472699,controlled_perturbation_study,CTChest,perspective,tp_-141.15_-53.01_-92.41,Far,3,CTChest__perspective__tp_-141.15_-53.01_-92.41__shot2_16.17__shot3m3m1_0.40__shot3m3m2_15.89,Low,1,16.17,0.4,15.89,-141.1487427,-53.01185989,-92.40821838,254.41711392947923,target-only,1.0,9,1,0,3.3964343580240675,0.6070575914683131,0.2140557251168494,0.0673584645171065,0.0659047218102651,1,1
experiment_results1.csv,perturbation_run,perturbation_gap,1,2026-04-21T20:40:12+08:00,20260421_204012_790113,controlled_perturbation_study,CTChest,perspective,tp_-141.15_-53.01_-92.41,Far,3,CTChest__perspective__tp_-141.15_-53.01_-92.41__shot2_16.17__shot3m3m1_0.40__shot3m3m2_15.89,Low,1,16.17,0.4,15.89,-141.1487427,-53.01185989,-92.40821838,254.41711392947923,target-only,1.0,10,1,0,7.232444830109593,1.444169075245615,0.3271702031431076,0.0673584645171065,0.0659047218102651,1,1
experiment_results1.csv,perturbation_run,perturbation_gap,1,2026-04-21T20:40:13+08:00,20260421_204013_089635,controlled_perturbation_study,CTChest,perspective,tp_-141.15_-53.01_-92.41,Far,3,CTChest__perspective__tp_-141.15_-53.01_-92.41__shot2_16.17__shot3m3m1_0.40__shot3m3m2_15.89,Low,1,16.17,0.4,15.89,-141.1487427,-53.01185989,-92.40821838,254.41711392947923,target-only,1.0,11,1,0,1.2441986524453477,2.2297858859982216,0.0976209077487516,0.0673584645171065,0.0659047218102651,1,1
experiment_results1.csv,perturbation_run,perturbation_gap,1,2026-04-21T20:40:13+08:00,20260421_204013_380673,controlled_perturbation_study,CTChest,perspective,tp_-141.15_-53.01_-92.41,Far,3,CTChest__perspective__tp_-141.15_-53.01_-92.41__shot2_16.17__shot3m3m1_0.40__shot3m3m2_15.89,Low,1,16.17,0.4,15.89,-141.1487427,-53.01185989,-92.40821838,254.41711392947923,target-only,1.0,12,1,0,1.2100017013548292,0.5241822391799236,0.3862369636800795,0.0673584645171065,0.0659047218102651,1,1
experiment_results1.csv,perturbation_run,perturbation_gap,1,2026-04-21T20:40:13+08:00,20260421_204013_659682,controlled_perturbation_study,CTChest,perspective,tp_-141.15_-53.01_-92.41,Far,3,CTChest__perspective__tp_-141.15_-53.01_-92.41__shot2_16.17__shot3m3m1_0.40__shot3m3m2_15.89,Low,1,16.17,0.4,15.89,-141.1487427,-53.01185989,-92.40821838,254.41711392947923,target-only,1.0,13,1,0,1.2307622209828584,1.288021367588721,0.2498995094645429,0.0673584645171065,0.0659047218102651,1,1
experiment_results1.csv,perturbation_run,perturbation_gap,1,2026-04-21T20:40:13+08:00,20260421_204013_918919,controlled_perturbation_study,CTChest,perspective,tp_-141.15_-53.01_-92.41,Far,3,CTChest__perspective__tp_-141.15_-53.01_-92.41__shot2_16.17__shot3m3m1_0.40__shot3m3m2_15.89,Low,1,16.17,0.4,15.89,-141.1487427,-53.01185989,-92.40821838,254.41711392947923,target-only,1.0,14,1,0,1.0326009524462212,0.8693534690450273,0.6804619090132495,0.0673584645171065,0.0659047218102651,1,1
experiment_results1.csv,perturbation_run,perturbation_gap,1,2026-04-21T20:40:14+08:00,20260421_204014_207981,controlled_perturbation_study,CTChest,perspective,tp_-141.15_-53.01_-92.41,Far,3,CTChest__perspective__tp_-141.15_-53.01_-92.41__shot2_16.17__shot3m3m1_0.40__shot3m3m2_15.89,Low,1,16.17,0.4,15.89,-141.1487427,-53.01185989,-92.40821838,254.41711392947923,target-only,1.0,15,1,0,4.731777266574143,2.801247345333539,0.199700701515807,0.0673584645171065,0.0659047218102651,1,1
experiment_results1.csv,perturbation_run,perturbation_gap,1,2026-04-21T20:40:14+08:00,20260421_204014_501457,controlled_perturbation_study,CTChest,perspective,tp_-141.15_-53.01_-92.41,Far,3,CTChest__perspective__tp_-141.15_-53.01_-92.41__shot2_16.17__shot3m3m1_0.40__shot3m3m2_15.89,Low,1,16.17,0.4,15.89,-141.1487427,-53.01185989,-92.40821838,254.41711392947923,target-only,1.0,16,1,0,1.408979668670968,1.9032373281306807,0.7682504286974825,0.0673584645171065,0.0659047218102651,1,1
experiment_results1.csv,perturbation_run,perturbation_gap,1,2026-04-21T20:40:14+08:00,20260421_204014_800444,controlled_perturbation_study,CTChest,perspective,tp_-141.15_-53.01_-92.41,Far,3,CTChest__perspective__tp_-141.15_-53.01_-92.41__shot2_16.17__shot3m3m1_0.40__shot3m3m2_15.89,Low,1,16.17,0.4,15.89,-141.1487427,-53.01185989,-92.40821838,254.41711392947923,target-only,1.0,17,1,0,2.7237643793415,1.2881367276561897,0.6020077507679036,0.0673584645171065,0.0659047218102651,1,1
experiment_results1.csv,perturbation_run,perturbation_gap,1,2026-04-21T20:40:15+08:00,20260421_204015_109504,controlled_perturbation_study,CTChest,perspective,tp_-141.15_-53.01_-92.41,Far,3,CTChest__perspective__tp_-141.15_-53.01_-92.41__shot2_16.17__shot3m3m1_0.40__shot3m3m2_15.89,Low,1,16.17,0.4,15.89,-141.1487427,-53.01185989,-92.40821838,254.41711392947923,target-only,1.0,18,1,0,3.210244315339663,0.1334679929369606,0.6972829767001976,0.0673584645171065,0.0659047218102651,1,1
experiment_results1.csv,perturbation_run,perturbation_gap,1,2026-04-21T20:40:15+08:00,20260421_204015_409514,controlled_perturbation_study,CTChest,perspective,tp_-141.15_-53.01_-92.41,Far,3,CTChest__perspective__tp_-141.15_-53.01_-92.41__shot2_16.17__shot3m3m1_0.40__shot3m3m2_15.89,Low,1,16.17,0.4,15.89,-141.1487427,-53.01185989,-92.40821838,254.41711392947923,target-only,1.0,19,1,0,1.5683999928472094,0.5329016178621918,0.2021069008135685,0.0673584645171065,0.0659047218102651,1,1
experiment_results1.csv,perturbation_run,perturbation_gap,1,2026-04-21T20:40:15+08:00,20260421_204015_724276,controlled_perturbation_study,CTChest,perspective,tp_-141.15_-53.01_-92.41,Far,3,CTChest__perspective__tp_-141.15_-53.01_-92.41__shot2_16.17__shot3m3m1_0.40__shot3m3m2_15.89,Low,1,16.17,0.4,15.89,-141.1487427,-53.01185989,-92.40821838,254.41711392947923,target-only,1.0,20,1,0,4.30092874795669,0.4185600354069403,1.0215031742599316,0.0673584645171065,0.0659047218102651,1,1
experiment_results1.csv,perturbation_run,perturbation_gap,1,2026-04-21T20:40:16+08:00,20260421_204016_083144,controlled_perturbation_study,CTChest,perspective,tp_-141.15_-53.01_-92.41,Far,3,CTChest__perspective__tp_-141.15_-53.01_-92.41__shot2_16.17__shot3m3m1_0.40__shot3m3m2_15.89,Low,1,16.17,0.4,15.89,-141.1487427,-53.01185989,-92.40821838,254.41711392947923,target-only,1.0,21,1,0,0.9146798480581724,0.6178085000565359,2.220655689905372,0.0673584645171065,0.0659047218102651,1,1
experiment_results1.csv,perturbation_run,perturbation_gap,1,2026-04-21T20:40:16+08:00,20260421_204016_378213,controlled_perturbation_study,CTChest,perspective,tp_-141.15_-53.01_-92.41,Far,3,CTChest__perspective__tp_-141.15_-53.01_-92.41__shot2_16.17__shot3m3m1_0.40__shot3m3m2_15.89,Low,1,16.17,0.4,15.89,-141.1487427,-53.01185989,-92.40821838,254.41711392947923,target-only,1.0,22,1,0,0.5639736743279731,0.320553947643368,0.969751620410926,0.0673584645171065,0.0659047218102651,1,1
experiment_results1.csv,perturbation_run,perturbation_gap,1,2026-04-21T20:40:16+08:00,20260421_204016_674721,controlled_perturbation_study,CTChest,perspective,tp_-141.15_-53.01_-92.41,Far,3,CTChest__perspective__tp_-141.15_-53.01_-92.41__shot2_16.17__shot3m3m1_0.40__shot3m3m2_15.89,Low,1,16.17,0.4,15.89,-141.1487427,-53.01185989,-92.40821838,254.41711392947923,target-only,1.0,23,1,0,2.4991660744371096,1.676164840211286,2.015590037498334,0.0673584645171065,0.0659047218102651,1,1
experiment_results1.csv,perturbation_run,perturbation_gap,1,2026-04-21T20:40:17+08:00,20260421_204017_004894,controlled_perturbation_study,CTChest,perspective,tp_-141.15_-53.01_-92.41,Far,3,CTChest__perspective__tp_-141.15_-53.01_-92.41__shot2_16.17__shot3m3m1_0.40__shot3m3m2_15.89,Low,1,16.17,0.4,15.89,-141.1487427,-53.01185989,-92.40821838,254.41711392947923,target-only,1.0,24,1,0,0.4197798213198946,1.0824775454809672,0.1413218903216034,0.0673584645171065,0.0659047218102651,1,1
experiment_results1.csv,perturbation_run,perturbation_gap,1,2026-04-21T20:40:17+08:00,20260421_204017_313505,controlled_perturbation_study,CTChest,perspective,tp_-141.15_-53.01_-92.41,Far,3,CTChest__perspective__tp_-141.15_-53.01_-92.41__shot2_16.17__shot3m3m1_0.40__shot3m3m2_15.89,Low,1,16.17,0.4,15.89,-141.1487427,-53.01185989,-92.40821838,254.41711392947923,target-only,1.0,25,1,0,5.429003677531861,0.7212533977687094,0.5513725736208953,0.0673584645171065,0.0659047218102651,1,1
experiment_results1.csv,perturbation_run,perturbation_gap,1,2026-04-21T20:40:17+08:00,20260421_204017_642911,controlled_perturbation_study,CTChest,perspective,tp_-141.15_-53.01_-92.41,Far,3,CTChest__perspective__tp_-141.15_-53.01_-92.41__shot2_16.17__shot3m3m1_0.40__shot3m3m2_15.89,Low,1,16.17,0.4,15.89,-141.1487427,-53.01185989,-92.40821838,254.41711392947923,target-only,1.0,26,1,0,4.2723318323551975,0.676766376775284,1.7478002494467653,0.0673584645171065,0.0659047218102651,1,1
experiment_results1.csv,perturbation_run,perturbation_gap,1,2026-04-21T20:40:18+08:00,20260421_204018_029844,controlled_perturbation_study,CTChest,perspective,tp_-141.15_-53.01_-92.41,Far,3,CTChest__perspective__tp_-141.15_-53.01_-92.41__shot2_16.17__shot3m3m1_0.40__shot3m3m2_15.89,Low,1,16.17,0.4,15.89,-141.1487427,-53.01185989,-92.40821838,254.41711392947923,target-only,1.0,27,1,0,2.018757483278512,1.7473168715496732,0.8888276729632921,0.0673584645171065,0.0659047218102651,1,1
experiment_results1.csv,perturbation_run,perturbation_gap,1,2026-04-21T20:40:18+08:00,20260421_204018_385158,controlled_perturbation_study,CTChest,perspective,tp_-141.15_-53.01_-92.41,Far,3,CTChest__perspective__tp_-141.15_-53.01_-92.41__shot2_16.17__shot3m3m1_0.40__shot3m3m2_15.89,Low,1,16.17,0.4,15.89,-141.1487427,-53.01185989,-92.40821838,254.41711392947923,target-only,1.0,28,1,0,1.1566556732320723,0.8237251525316355,0.0465373263782408,0.0673584645171065,0.0659047218102651,1,1
experiment_results1.csv,perturbation_run,perturbation_gap,1,2026-04-21T20:40:18+08:00,20260421_204018_779560,controlled_perturbation_study,CTChest,perspective,tp_-141.15_-53.01_-92.41,Far,3,CTChest__perspective__tp_-141.15_-53.01_-92.41__shot2_16.17__shot3m3m1_0.40__shot3m3m2_15.89,Low,1,16.17,0.4,15.89,-141.1487427,-53.01185989,-92.40821838,254.41711392947923,target-only,1.0,29,1,0,0.5414198517027977,0.8990934668700978,0.9577596595027262,0.0673584645171065,0.0659047218102651,1,1
experiment_results1.csv,perturbation_run,perturbation_gap,1,2026-04-21T20:40:19+08:00,20260421_204019_137091,controlled_perturbation_study,CTChest,perspective,tp_-141.15_-53.01_-92.41,Far,3,CTChest__perspective__tp_-141.15_-53.01_-92.41__shot2_16.17__shot3m3m1_0.40__shot3m3m2_15.89,Low,1,16.17,0.4,15.89,-141.1487427,-53.01185989,-92.40821838,254.41711392947923,target-only,1.0,30,1,0,5.350580314904383,1.7375217496771262,1.308323700753048,0.0673584645171065,0.0659047218102651,1,1
experiment_results1.csv,perturbation_run,perturbation_gap,1,2026-04-21T20:40:19+08:00,20260421_204019_491090,controlled_perturbation_study,CTChest,perspective,tp_-141.15_-53.01_-92.41,Far,3,CTChest__perspective__tp_-141.15_-53.01_-92.41__shot2_16.17__shot3m3m1_0.40__shot3m3m2_15.89,Low,1,16.17,0.4,15.89,-141.1487427,-53.01185989,-92.40821838,254.41711392947923,target-only,1.0,31,1,0,4.88131894210564,1.7500911874705485,0.0933140826739368,0.0673584645171065,0.0659047218102651,1,1
experiment_results1.csv,perturbation_run,perturbation_gap,1,2026-04-21T20:40:19+08:00,20260421_204019_857601,controlled_perturbation_study,CTChest,perspective,tp_-141.15_-53.01_-92.41,Far,3,CTChest__perspective__tp_-141.15_-53.01_-92.41__shot2_16.17__shot3m3m1_0.40__shot3m3m2_15.89,Low,1,16.17,0.4,15.89,-141.1487427,-53.01185989,-92.40821838,254.41711392947923,target-only,1.0,32,1,0,6.5998363957311215,2.668168851993796,0.2946787318491977,0.0673584645171065,0.0659047218102651,1,1
experiment_results1.csv,perturbation_run,perturbation_gap,1,2026-04-21T20:40:20+08:00,20260421_204020_221381,controlled_perturbation_study,CTChest,perspective,tp_-141.15_-53.01_-92.41,Far,3,CTChest__perspective__tp_-141.15_-53.01_-92.41__shot2_16.17__shot3m3m1_0.40__shot3m3m2_15.89,Low,1,16.17,0.4,15.89,-141.1487427,-53.01185989,-92.40821838,254.41711392947923,target-only,1.0,33,1,0,3.476047303177856,1.813245888446366,0.0497343615679845,0.0673584645171065,0.0659047218102651,1,1
experiment_results1.csv,perturbation_run,perturbation_gap,1,2026-04-21T20:40:20+08:00,20260421_204020_538476,controlled_perturbation_study,CTChest,perspective,tp_-141.15_-53.01_-92.41,Far,3,CTChest__perspective__tp_-141.15_-53.01_-92.41__shot2_16.17__shot3m3m1_0.40__shot3m3m2_15.89,Low,1,16.17,0.4,15.89,-141.1487427,-53.01185989,-92.40821838,254.41711392947923,target-only,1.0,34,1,0,4.161117241979287,2.223145011771729,0.1992991026597996,0.0673584645171065,0.0659047218102651,1,1
experiment_results1.csv,perturbation_run,perturbation_gap,1,2026-04-21T20:40:20+08:00,20260421_204020_913548,controlled_perturbation_study,CTChest,perspective,tp_-141.15_-53.01_-92.41,Far,3,CTChest__perspective__tp_-141.15_-53.01_-92.41__shot2_16.17__shot3m3m1_0.40__shot3m3m2_15.89,Low,1,16.17,0.4,15.89,-141.1487427,-53.01185989,-92.40821838,254.41711392947923,target-only,1.0,35,1,0,3.57430235550136,1.266590807730862,0.5399413642641879,0.0673584645171065,0.0659047218102651,1,1
experiment_results1.csv,perturbation_run,perturbation_gap,1,2026-04-21T20:40:21+08:00,20260421_204021_308421,controlled_perturbation_study,CTChest,perspective,tp_-141.15_-53.01_-92.41,Far,3,CTChest__perspective__tp_-141.15_-53.01_-92.41__shot2_16.17__shot3m3m1_0.40__shot3m3m2_15.89,Low,1,16.17,0.4,15.89,-141.1487427,-53.01185989,-92.40821838,254.41711392947923,target-only,1.0,36,1,0,4.728194515277884,1.3398384560483516,1.132654926953775,0.0673584645171065,0.0659047218102651,1,1
experiment_results1.csv,perturbation_run,perturbation_gap,1,2026-04-21T20:40:21+08:00,20260421_204021_705109,controlled_perturbation_study,CTChest,perspective,tp_-141.15_-53.01_-92.41,Far,3,CTChest__perspective__tp_-141.15_-53.01_-92.41__shot2_16.17__shot3m3m1_0.40__shot3m3m2_15.89,Low,1,16.17,0.4,15.89,-141.1487427,-53.01185989,-92.40821838,254.41711392947923,target-only,1.0,37,1,0,2.923432277474553,2.1226708000216,1.8190332943625007,0.0673584645171065,0.0659047218102651,1,1
experiment_results1.csv,perturbation_run,perturbation_gap,1,2026-04-21T20:40:22+08:00,20260421_204022_109660,controlled_perturbation_study,CTChest,perspective,tp_-141.15_-53.01_-92.41,Far,3,CTChest__perspective__tp_-141.15_-53.01_-92.41__shot2_16.17__shot3m3m1_0.40__shot3m3m2_15.89,Low,1,16.17,0.4,15.89,-141.1487427,-53.01185989,-92.40821838,254.41711392947923,target-only,1.0,38,1,0,5.051351089223533,0.8567918729502433,0.13639350643157,0.0673584645171065,0.0659047218102651,1,1
experiment_results1.csv,perturbation_run,perturbation_gap,1,2026-04-21T20:40:22+08:00,20260421_204022_524091,controlled_perturbation_study,CTChest,perspective,tp_-141.15_-53.01_-92.41,Far,3,CTChest__perspective__tp_-141.15_-53.01_-92.41__shot2_16.17__shot3m3m1_0.40__shot3m3m2_15.89,Low,1,16.17,0.4,15.89,-141.1487427,-53.01185989,-92.40821838,254.41711392947923,target-only,1.0,39,1,0,5.069261890508759,1.0693463182640766,0.4523547762779105,0.0673584645171065,0.0659047218102651,1,1
experiment_results1.csv,perturbation_run,perturbation_gap,1,2026-04-21T20:40:22+08:00,20260421_204022_925496,controlled_perturbation_study,CTChest,perspective,tp_-141.15_-53.01_-92.41,Far,3,CTChest__perspective__tp_-141.15_-53.01_-92.41__shot2_16.17__shot3m3m1_0.40__shot3m3m2_15.89,Low,1,16.17,0.4,15.89,-141.1487427,-53.01185989,-92.40821838,254.41711392947923,target-only,1.0,40,1,0,2.525755770013748,0.6277827304384547,1.1668761674396275,0.0673584645171065,0.0659047218102651,1,1
experiment_results1.csv,perturbation_run,perturbation_gap,1,2026-04-21T20:40:23+08:00,20260421_204023_277877,controlled_perturbation_study,CTChest,perspective,tp_-141.15_-53.01_-92.41,Far,3,CTChest__perspective__tp_-141.15_-53.01_-92.41__shot2_16.17__shot3m3m1_0.40__shot3m3m2_15.89,Low,1,16.17,0.4,15.89,-141.1487427,-53.01185989,-92.40821838,254.41711392947923,target-only,1.0,41,1,0,2.5641687179665693,1.3679679865820047,1.1039255823566358,0.0673584645171065,0.0659047218102651,1,1
experiment_results1.csv,perturbation_run,perturbation_gap,1,2026-04-21T20:40:23+08:00,20260421_204023_590143,controlled_perturbation_study,CTChest,perspective,tp_-141.15_-53.01_-92.41,Far,3,CTChest__perspective__tp_-141.15_-53.01_-92.41__shot2_16.17__shot3m3m1_0.40__shot3m3m2_15.89,Low,1,16.17,0.4,15.89,-141.1487427,-53.01185989,-92.40821838,254.41711392947923,target-only,1.0,42,1,0,2.904856156396038,0.7539712653742232,0.0304713994006239,0.0673584645171065,0.0659047218102651,1,1
experiment_results1.csv,perturbation_run,perturbation_gap,1,2026-04-21T20:40:23+08:00,20260421_204023_872131,controlled_perturbation_study,CTChest,perspective,tp_-141.15_-53.01_-92.41,Far,3,CTChest__perspective__tp_-141.15_-53.01_-92.41__shot2_16.17__shot3m3m1_0.40__shot3m3m2_15.89,Low,1,16.17,0.4,15.89,-141.1487427,-53.01185989,-92.40821838,254.41711392947923,target-only,1.0,43,1,0,3.3386890676909498,1.826314508672424,0.0307493433569142,0.0673584645171065,0.0659047218102651,1,1
experiment_results1.csv,perturbation_run,perturbation_gap,1,2026-04-21T20:40:24+08:00,20260421_204024_163539,controlled_perturbation_study,CTChest,perspective,tp_-141.15_-53.01_-92.41,Far,3,CTChest__perspective__tp_-141.15_-53.01_-92.41__shot2_16.17__shot3m3m1_0.40__shot3m3m2_15.89,Low,1,16.17,0.4,15.89,-141.1487427,-53.01185989,-92.40821838,254.41711392947923,target-only,1.0,44,1,0,2.637428485981844,2.146049001196905,0.4697591591327078,0.0673584645171065,0.0659047218102651,1,1
experiment_results1.csv,perturbation_run,perturbation_gap,1,2026-04-21T20:40:24+08:00,20260421_204024_423262,controlled_perturbation_study,CTChest,perspective,tp_-141.15_-53.01_-92.41,Far,3,CTChest__perspective__tp_-141.15_-53.01_-92.41__shot2_16.17__shot3m3m1_0.40__shot3m3m2_15.89,Low,1,16.17,0.4,15.89,-141.1487427,-53.01185989,-92.40821838,254.41711392947923,target-only,1.0,45,1,0,1.354237925855157,1.7880463354102558,0.7358974525563092,0.0673584645171065,0.0659047218102651,1,1
experiment_results1.csv,perturbation_run,perturbation_gap,1,2026-04-21T20:40:24+08:00,20260421_204024_719289,controlled_perturbation_study,CTChest,perspective,tp_-141.15_-53.01_-92.41,Far,3,CTChest__perspective__tp_-141.15_-53.01_-92.41__shot2_16.17__shot3m3m1_0.40__shot3m3m2_15.89,Low,1,16.17,0.4,15.89,-141.1487427,-53.01185989,-92.40821838,254.41711392947923,target-only,1.0,46,1,0,2.687460234583752,0.903308790905064,0.1735615452628315,0.0673584645171065,0.0659047218102651,1,1
experiment_results1.csv,perturbation_run,perturbation_gap,1,2026-04-21T20:40:25+08:00,20260421_204025_013589,controlled_perturbation_study,CTChest,perspective,tp_-141.15_-53.01_-92.41,Far,3,CTChest__perspective__tp_-141.15_-53.01_-92.41__shot2_16.17__shot3m3m1_0.40__shot3m3m2_15.89,Low,1,16.17,0.4,15.89,-141.1487427,-53.01185989,-92.40821838,254.41711392947923,target-only,1.0,47,1,0,5.823282349842066,1.2336930049074195,0.9273754693007432,0.0673584645171065,0.0659047218102651,1,1
experiment_results1.csv,perturbation_run,perturbation_gap,1,2026-04-21T20:40:25+08:00,20260421_204025_320214,controlled_perturbation_study,CTChest,perspective,tp_-141.15_-53.01_-92.41,Far,3,CTChest__perspective__tp_-141.15_-53.01_-92.41__shot2_16.17__shot3m3m1_0.40__shot3m3m2_15.89,Low,1,16.17,0.4,15.89,-141.1487427,-53.01185989,-92.40821838,254.41711392947923,target-only,1.0,48,1,0,3.79194963769673,0.7038019518621867,0.9434647237001664,0.0673584645171065,0.0659047218102651,1,1
experiment_results1.csv,perturbation_run,perturbation_gap,1,2026-04-21T20:40:25+08:00,20260421_204025_626583,controlled_perturbation_study,CTChest,perspective,tp_-141.15_-53.01_-92.41,Far,3,CTChest__perspective__tp_-141.15_-53.01_-92.41__shot2_16.17__shot3m3m1_0.40__shot3m3m2_15.89,Low,1,16.17,0.4,15.89,-141.1487427,-53.01185989,-92.40821838,254.41711392947923,target-only,1.0,49,1,0,2.0405313497990094,0.1953634047806201,0.7842601475830342,0.0673584645171065,0.0659047218102651,1,1
experiment_results1.csv,perturbation_run,perturbation_gap,1,2026-04-21T20:40:25+08:00,20260421_204025_939406,controlled_perturbation_study,CTChest,perspective,tp_-141.15_-53.01_-92.41,Far,3,CTChest__perspective__tp_-141.15_-53.01_-92.41__shot2_16.17__shot3m3m1_0.40__shot3m3m2_15.89,Low,1,16.17,0.4,15.89,-141.1487427,-53.01185989,-92.40821838,254.41711392947923,target-only,1.0,50,1,0,5.841414553231608,2.0182709300406887,0.4708189266982945,0.0673584645171065,0.0659047218102651,1,1
experiment_results1.csv,perturbation_run,perturbation_gap,1,2026-04-21T20:40:32+08:00,20260421_204032_260795,controlled_perturbation_study,CTChest,perspective,tp_-141.15_-53.01_-92.41,Far,3,CTChest__perspective__tp_-141.15_-53.01_-92.41__shot2_16.17__shot3m3m1_0.40__shot3m3m2_15.89,Low,1,16.17,0.4,15.89,-141.1487427,-53.01185989,-92.40821838,254.41711392947923,target-only,2.0,1,1,0,5.151760911159907,0.812777797772796,0.97328908091611,0.0673584645171065,0.0659047218102651,1,1
experiment_results1.csv,perturbation_run,perturbation_gap,1,2026-04-21T20:40:32+08:00,20260421_204032_734156,controlled_perturbation_study,CTChest,perspective,tp_-141.15_-53.01_-92.41,Far,3,CTChest__perspective__tp_-141.15_-53.01_-92.41__shot2_16.17__shot3m3m1_0.40__shot3m3m2_15.89,Low,1,16.17,0.4,15.89,-141.1487427,-53.01185989,-92.40821838,254.41711392947923,target-only,2.0,2,1,0,2.607499205174972,0.7333408831987851,0.5099044922989475,0.0673584645171065,0.0659047218102651,1,1
experiment_results1.csv,perturbation_run,perturbation_gap,1,2026-04-21T20:40:33+08:00,20260421_204033_113345,controlled_perturbation_study,CTChest,perspective,tp_-141.15_-53.01_-92.41,Far,3,CTChest__perspective__tp_-141.15_-53.01_-92.41__shot2_16.17__shot3m3m1_0.40__shot3m3m2_15.89,Low,1,16.17,0.4,15.89,-141.1487427,-53.01185989,-92.40821838,254.41711392947923,target-only,2.0,3,1,0,12.23998782630637,5.363018204956953,2.910599078946117,0.0673584645171065,0.0659047218102651,1,1
experiment_results1.csv,perturbation_run,perturbation_gap,1,2026-04-21T20:40:33+08:00,20260421_204033_410192,controlled_perturbation_study,CTChest,perspective,tp_-141.15_-53.01_-92.41,Far,3,CTChest__perspective__tp_-141.15_-53.01_-92.41__shot2_16.17__shot3m3m1_0.40__shot3m3m2_15.89,Low,1,16.17,0.4,15.89,-141.1487427,-53.01185989,-92.40821838,254.41711392947923,target-only,2.0,4,1,0,1.7599003254255898,1.6370182313881174,1.0577792316265917,0.0673584645171065,0.0659047218102651,1,1
experiment_results1.csv,perturbation_run,perturbation_gap,1,2026-04-21T20:40:33+08:00,20260421_204033_719791,controlled_perturbation_study,CTChest,perspective,tp_-141.15_-53.01_-92.41,Far,3,CTChest__perspective__tp_-141.15_-53.01_-92.41__shot2_16.17__shot3m3m1_0.40__shot3m3m2_15.89,Low,1,16.17,0.4,15.89,-141.1487427,-53.01185989,-92.40821838,254.41711392947923,target-only,2.0,5,1,0,1.265990622576415,1.7431847230941486,1.340020613572175,0.0673584645171065,0.0659047218102651,1,1
experiment_results1.csv,perturbation_run,perturbation_gap,1,2026-04-21T20:40:34+08:00,20260421_204034_021002,controlled_perturbation_study,CTChest,perspective,tp_-141.15_-53.01_-92.41,Far,3,CTChest__perspective__tp_-141.15_-53.01_-92.41__shot2_16.17__shot3m3m1_0.40__shot3m3m2_15.89,Low,1,16.17,0.4,15.89,-141.1487427,-53.01185989,-92.40821838,254.41711392947923,target-only,2.0,6,1,0,12.668101382862094,0.3458314847958424,2.018444367936138,0.0673584645171065,0.0659047218102651,1,1
experiment_results1.csv,perturbation_run,perturbation_gap,1,2026-04-21T20:40:34+08:00,20260421_204034_324621,controlled_perturbation_study,CTChest,perspective,tp_-141.15_-53.01_-92.41,Far,3,CTChest__perspective__tp_-141.15_-53.01_-92.41__shot2_16.17__shot3m3m1_0.40__shot3m3m2_15.89,Low,1,16.17,0.4,15.89,-141.1487427,-53.01185989,-92.40821838,254.41711392947923,target-only,2.0,7,1,0,2.321028644597503,2.932855591887156,0.7265834276778156,0.0673584645171065,0.0659047218102651,1,1
experiment_results1.csv,perturbation_run,perturbation_gap,1,2026-04-21T20:40:34+08:00,20260421_204034_620039,controlled_perturbation_study,CTChest,perspective,tp_-141.15_-53.01_-92.41,Far,3,CTChest__perspective__tp_-141.15_-53.01_-92.41__shot2_16.17__shot3m3m1_0.40__shot3m3m2_15.89,Low,1,16.17,0.4,15.89,-141.1487427,-53.01185989,-92.40821838,254.41711392947923,target-only,2.0,8,1,0,2.1095761152949604,1.2251193068913828,1.163670170248419,0.0673584645171065,0.0659047218102651,1,1
experiment_results1.csv,perturbation_run,perturbation_gap,1,2026-04-21T20:40:34+08:00,20260421_204034_930548,controlled_perturbation_study,CTChest,perspective,tp_-141.15_-53.01_-92.41,Far,3,CTChest__perspective__tp_-141.15_-53.01_-92.41__shot2_16.17__shot3m3m1_0.40__shot3m3m2_15.89,Low,1,16.17,0.4,15.89,-141.1487427,-53.01185989,-92.40821838,254.41711392947923,target-only,2.0,9,1,0,2.4424146539948373,3.3293739716511697,1.6673135294658217,0.0673584645171065,0.0659047218102651,1,1
experiment_results1.csv,perturbation_run,perturbation_gap,1,2026-04-21T20:40:35+08:00,20260421_204035_230072,controlled_perturbation_study,CTChest,perspective,tp_-141.15_-53.01_-92.41,Far,3,CTChest__perspective__tp_-141.15_-53.01_-92.41__shot2_16.17__shot3m3m1_0.40__shot3m3m2_15.89,Low,1,16.17,0.4,15.89,-141.1487427,-53.01185989,-92.40821838,254.41711392947923,target-only,2.0,10,1,0,2.999323719256886,1.804465253233202,1.330142614141682,0.0673584645171065,0.0659047218102651,1,1
experiment_results1.csv,perturbation_run,perturbation_gap,1,2026-04-21T20:40:35+08:00,20260421_204035_535703,controlled_perturbation_study,CTChest,perspective,tp_-141.15_-53.01_-92.41,Far,3,CTChest__perspective__tp_-141.15_-53.01_-92.41__shot2_16.17__shot3m3m1_0.40__shot3m3m2_15.89,Low,1,16.17,0.4,15.89,-141.1487427,-53.01185989,-92.40821838,254.41711392947923,target-only,2.0,11,1,0,3.3497378170972048,0.825020547851342,0.0967007979549933,0.0673584645171065,0.0659047218102651,1,1
experiment_results1.csv,perturbation_run,perturbation_gap,1,2026-04-21T20:40:35+08:00,20260421_204035_833154,controlled_perturbation_study,CTChest,perspective,tp_-141.15_-53.01_-92.41,Far,3,CTChest__perspective__tp_-141.15_-53.01_-92.41__shot2_16.17__shot3m3m1_0.40__shot3m3m2_15.89,Low,1,16.17,0.4,15.89,-141.1487427,-53.01185989,-92.40821838,254.41711392947923,target-only,2.0,12,1,0,5.205884491358807,1.855003077276612,0.6801109458842474,0.0673584645171065,0.0659047218102651,1,1
experiment_results1.csv,perturbation_run,perturbation_gap,1,2026-04-21T20:40:36+08:00,20260421_204036_130931,controlled_perturbation_study,CTChest,perspective,tp_-141.15_-53.01_-92.41,Far,3,CTChest__perspective__tp_-141.15_-53.01_-92.41__shot2_16.17__shot3m3m1_0.40__shot3m3m2_15.89,Low,1,16.17,0.4,15.89,-141.1487427,-53.01185989,-92.40821838,254.41711392947923,target-only,2.0,13,1,0,6.924040338478628,3.3052419290813,1.6359537384600438,0.0673584645171065,0.0659047218102651,1,1
experiment_results1.csv,perturbation_run,perturbation_gap,1,2026-04-21T20:40:36+08:00,20260421_204036_420884,controlled_perturbation_study,CTChest,perspective,tp_-141.15_-53.01_-92.41,Far,3,CTChest__perspective__tp_-141.15_-53.01_-92.41__shot2_16.17__shot3m3m1_0.40__shot3m3m2_15.89,Low,1,16.17,0.4,15.89,-141.1487427,-53.01185989,-92.40821838,254.41711392947923,target-only,2.0,14,1,0,3.5181839297186,2.86188678965279,1.6460506004425222,0.0673584645171065,0.0659047218102651,1,1
experiment_results1.csv,perturbation_run,perturbation_gap,1,2026-04-21T20:40:36+08:00,20260421_204036_715204,controlled_perturbation_study,CTChest,perspective,tp_-141.15_-53.01_-92.41,Far,3,CTChest__perspective__tp_-141.15_-53.01_-92.41__shot2_16.17__shot3m3m1_0.40__shot3m3m2_15.89,Low,1,16.17,0.4,15.89,-141.1487427,-53.01185989,-92.40821838,254.41711392947923,target-only,2.0,15,1,0,2.9772094946326098,2.0051140626534174,0.0883844370531746,0.0673584645171065,0.0659047218102651,1,1
experiment_results1.csv,perturbation_run,perturbation_gap,1,2026-04-21T20:40:37+08:00,20260421_204037_549882,controlled_perturbation_study,CTChest,perspective,tp_-141.15_-53.01_-92.41,Far,3,CTChest__perspective__tp_-141.15_-53.01_-92.41__shot2_16.17__shot3m3m1_0.40__shot3m3m2_15.89,Low,1,16.17,0.4,15.89,-141.1487427,-53.01185989,-92.40821838,254.41711392947923,target-only,2.0,16,1,0,6.065344296313095,0.3576050838766135,0.2280487360298164,0.0673584645171065,0.0659047218102651,1,1
experiment_results1.csv,perturbation_run,perturbation_gap,1,2026-04-21T20:40:37+08:00,20260421_204037_914020,controlled_perturbation_study,CTChest,perspective,tp_-141.15_-53.01_-92.41,Far,3,CTChest__perspective__tp_-141.15_-53.01_-92.41__shot2_16.17__shot3m3m1_0.40__shot3m3m2_15.89,Low,1,16.17,0.4,15.89,-141.1487427,-53.01185989,-92.40821838,254.41711392947923,target-only,2.0,17,1,0,6.271852750926712,1.933158111057412,1.6574398076097256,0.0673584645171065,0.0659047218102651,1,1
experiment_results1.csv,perturbation_run,perturbation_gap,1,2026-04-21T20:40:38+08:00,20260421_204038_204254,controlled_perturbation_study,CTChest,perspective,tp_-141.15_-53.01_-92.41,Far,3,CTChest__perspective__tp_-141.15_-53.01_-92.41__shot2_16.17__shot3m3m1_0.40__shot3m3m2_15.89,Low,1,16.17,0.4,15.89,-141.1487427,-53.01185989,-92.40821838,254.41711392947923,target-only,2.0,18,1,0,2.3805851045703394,2.784467369024885,4.381061371744345,0.0673584645171065,0.0659047218102651,1,1
experiment_results1.csv,perturbation_run,perturbation_gap,1,2026-04-21T20:40:38+08:00,20260421_204038_507469,controlled_perturbation_study,CTChest,perspective,tp_-141.15_-53.01_-92.41,Far,3,CTChest__perspective__tp_-141.15_-53.01_-92.41__shot2_16.17__shot3m3m1_0.40__shot3m3m2_15.89,Low,1,16.17,0.4,15.89,-141.1487427,-53.01185989,-92.40821838,254.41711392947923,target-only,2.0,19,1,0,6.242612497090156,2.6686717164582787,0.0556135208711393,0.0673584645171065,0.0659047218102651,1,1
experiment_results1.csv,perturbation_run,perturbation_gap,1,2026-04-21T20:40:38+08:00,20260421_204038_812580,controlled_perturbation_study,CTChest,perspective,tp_-141.15_-53.01_-92.41,Far,3,CTChest__perspective__tp_-141.15_-53.01_-92.41__shot2_16.17__shot3m3m1_0.40__shot3m3m2_15.89,Low,1,16.17,0.4,15.89,-141.1487427,-53.01185989,-92.40821838,254.41711392947923,target-only,2.0,20,1,0,1.9346227201153583,2.599944957665264,1.407004282247858,0.0673584645171065,0.0659047218102651,1,1
experiment_results1.csv,perturbation_run,perturbation_gap,1,2026-04-21T20:40:39+08:00,20260421_204039_126216,controlled_perturbation_study,CTChest,perspective,tp_-141.15_-53.01_-92.41,Far,3,CTChest__perspective__tp_-141.15_-53.01_-92.41__shot2_16.17__shot3m3m1_0.40__shot3m3m2_15.89,Low,1,16.17,0.4,15.89,-141.1487427,-53.01185989,-92.40821838,254.41711392947923,target-only,2.0,21,1,0,6.400387177010349,3.451591246044693,2.7923303298645297,0.0673584645171065,0.0659047218102651,1,1
experiment_results1.csv,perturbation_run,perturbation_gap,1,2026-04-21T20:40:39+08:00,20260421_204039_461544,controlled_perturbation_study,CTChest,perspective,tp_-141.15_-53.01_-92.41,Far,3,CTChest__perspective__tp_-141.15_-53.01_-92.41__shot2_16.17__shot3m3m1_0.40__shot3m3m2_15.89,Low,1,16.17,0.4,15.89,-141.1487427,-53.01185989,-92.40821838,254.41711392947923,target-only,2.0,22,1,0,6.8461184284876255,5.560464495738398,0.1583951299538158,0.0673584645171065,0.0659047218102651,1,1
experiment_results1.csv,perturbation_run,perturbation_gap,1,2026-04-21T20:40:39+08:00,20260421_204039_811530,controlled_perturbation_study,CTChest,perspective,tp_-141.15_-53.01_-92.41,Far,3,CTChest__perspective__tp_-141.15_-53.01_-92.41__shot2_16.17__shot3m3m1_0.40__shot3m3m2_15.89,Low,1,16.17,0.4,15.89,-141.1487427,-53.01185989,-92.40821838,254.41711392947923,target-only,2.0,23,1,0,12.684457820589351,2.9487087471982583,1.257879352463061,0.0673584645171065,0.0659047218102651,1,1
experiment_results1.csv,perturbation_run,perturbation_gap,1,2026-04-21T20:40:40+08:00,20260421_204040_157160,controlled_perturbation_study,CTChest,perspective,tp_-141.15_-53.01_-92.41,Far,3,CTChest__perspective__tp_-141.15_-53.01_-92.41__shot2_16.17__shot3m3m1_0.40__shot3m3m2_15.89,Low,1,16.17,0.4,15.89,-141.1487427,-53.01185989,-92.40821838,254.41711392947923,target-only,2.0,24,1,0,1.9073097965388544,2.107032243716589,1.3649473915197077,0.0673584645171065,0.0659047218102651,1,1
experiment_results1.csv,perturbation_run,perturbation_gap,1,2026-04-21T20:40:40+08:00,20260421_204040_510195,controlled_perturbation_study,CTChest,perspective,tp_-141.15_-53.01_-92.41,Far,3,CTChest__perspective__tp_-141.15_-53.01_-92.41__shot2_16.17__shot3m3m1_0.40__shot3m3m2_15.89,Low,1,16.17,0.4,15.89,-141.1487427,-53.01185989,-92.40821838,254.41711392947923,target-only,2.0,25,1,0,7.091738909912477,3.215715603261064,4.098468285641104,0.0673584645171065,0.0659047218102651,1,1
experiment_results1.csv,perturbation_run,perturbation_gap,1,2026-04-21T20:40:40+08:00,20260421_204040_820201,controlled_perturbation_study,CTChest,perspective,tp_-141.15_-53.01_-92.41,Far,3,CTChest__perspective__tp_-141.15_-53.01_-92.41__shot2_16.17__shot3m3m1_0.40__shot3m3m2_15.89,Low,1,16.17,0.4,15.89,-141.1487427,-53.01185989,-92.40821838,254.41711392947923,target-only,2.0,26,1,0,4.123727726469304,0.8776672566846133,2.796497683403329,0.0673584645171065,0.0659047218102651,1,1
experiment_results1.csv,perturbation_run,perturbation_gap,1,2026-04-21T20:40:41+08:00,20260421_204041_193154,controlled_perturbation_study,CTChest,perspective,tp_-141.15_-53.01_-92.41,Far,3,CTChest__perspective__tp_-141.15_-53.01_-92.41__shot2_16.17__shot3m3m1_0.40__shot3m3m2_15.89,Low,1,16.17,0.4,15.89,-141.1487427,-53.01185989,-92.40821838,254.41711392947923,target-only,2.0,27,1,0,1.5704844297080642,2.353793534558253,1.8800721202232595,0.0673584645171065,0.0659047218102651,1,1
experiment_results1.csv,perturbation_run,perturbation_gap,1,2026-04-21T20:40:41+08:00,20260421_204041_565971,controlled_perturbation_study,CTChest,perspective,tp_-141.15_-53.01_-92.41,Far,3,CTChest__perspective__tp_-141.15_-53.01_-92.41__shot2_16.17__shot3m3m1_0.40__shot3m3m2_15.89,Low,1,16.17,0.4,15.89,-141.1487427,-53.01185989,-92.40821838,254.41711392947923,target-only,2.0,28,1,0,6.776823118832319,1.70596009372929,1.6132487272046254,0.0673584645171065,0.0659047218102651,1,1
experiment_results1.csv,perturbation_run,perturbation_gap,1,2026-04-21T20:40:41+08:00,20260421_204041_949837,controlled_perturbation_study,CTChest,perspective,tp_-141.15_-53.01_-92.41,Far,3,CTChest__perspective__tp_-141.15_-53.01_-92.41__shot2_16.17__shot3m3m1_0.40__shot3m3m2_15.89,Low,1,16.17,0.4,15.89,-141.1487427,-53.01185989,-92.40821838,254.41711392947923,target-only,2.0,29,1,0,7.03991607817178,0.8038719030110018,1.879798391555905,0.0673584645171065,0.0659047218102651,1,1
experiment_results1.csv,perturbation_run,perturbation_gap,1,2026-04-21T20:40:42+08:00,20260421_204042_451550,controlled_perturbation_study,CTChest,perspective,tp_-141.15_-53.01_-92.41,Far,3,CTChest__perspective__tp_-141.15_-53.01_-92.41__shot2_16.17__shot3m3m1_0.40__shot3m3m2_15.89,Low,1,16.17,0.4,15.89,-141.1487427,-53.01185989,-92.40821838,254.41711392947923,target-only,2.0,30,1,0,5.118632106145052,2.4508950809889347,0.906213972826504,0.0673584645171065,0.0659047218102651,1,1
experiment_results1.csv,perturbation_run,perturbation_gap,1,2026-04-21T20:40:42+08:00,20260421_204042_833458,controlled_perturbation_study,CTChest,perspective,tp_-141.15_-53.01_-92.41,Far,3,CTChest__perspective__tp_-141.15_-53.01_-92.41__shot2_16.17__shot3m3m1_0.40__shot3m3m2_15.89,Low,1,16.17,0.4,15.89,-141.1487427,-53.01185989,-92.40821838,254.41711392947923,target-only,2.0,31,1,0,8.563934642996372,3.309723166725519,1.4663227773642595,0.0673584645171065,0.0659047218102651,1,1
experiment_results1.csv,perturbation_run,perturbation_gap,1,2026-04-21T20:40:43+08:00,20260421_204043_235912,controlled_perturbation_study,CTChest,perspective,tp_-141.15_-53.01_-92.41,Far,3,CTChest__perspective__tp_-141.15_-53.01_-92.41__shot2_16.17__shot3m3m1_0.40__shot3m3m2_15.89,Low,1,16.17,0.4,15.89,-141.1487427,-53.01185989,-92.40821838,254.41711392947923,target-only,2.0,32,1,0,7.658291042206805,2.83881998765689,3.753893112916237,0.0673584645171065,0.0659047218102651,1,1
experiment_results1.csv,perturbation_run,perturbation_gap,1,2026-04-21T20:40:43+08:00,20260421_204043_560127,controlled_perturbation_study,CTChest,perspective,tp_-141.15_-53.01_-92.41,Far,3,CTChest__perspective__tp_-141.15_-53.01_-92.41__shot2_16.17__shot3m3m1_0.40__shot3m3m2_15.89,Low,1,16.17,0.4,15.89,-141.1487427,-53.01185989,-92.40821838,254.41711392947923,target-only,2.0,33,1,0,6.551742704918769,0.5860033285740899,1.0313566253406528,0.0673584645171065,0.0659047218102651,1,1
experiment_results1.csv,perturbation_run,perturbation_gap,1,2026-04-21T20:40:43+08:00,20260421_204043_896555,controlled_perturbation_study,CTChest,perspective,tp_-141.15_-53.01_-92.41,Far,3,CTChest__perspective__tp_-141.15_-53.01_-92.41__shot2_16.17__shot3m3m1_0.40__shot3m3m2_15.89,Low,1,16.17,0.4,15.89,-141.1487427,-53.01185989,-92.40821838,254.41711392947923,target-only,2.0,34,1,0,10.54921637126814,2.2067512225906287,2.629474318298537,0.0673584645171065,0.0659047218102651,1,1
experiment_results1.csv,perturbation_run,perturbation_gap,1,2026-04-21T20:40:44+08:00,20260421_204044_232112,controlled_perturbation_study,CTChest,perspective,tp_-141.15_-53.01_-92.41,Far,3,CTChest__perspective__tp_-141.15_-53.01_-92.41__shot2_16.17__shot3m3m1_0.40__shot3m3m2_15.89,Low,1,16.17,0.4,15.89,-141.1487427,-53.01185989,-92.40821838,254.41711392947923,target-only,2.0,35,1,0,1.6754509642622095,2.900960288537248,3.4372587024323464,0.0673584645171065,0.0659047218102651,1,1
experiment_results1.csv,perturbation_run,perturbation_gap,1,2026-04-21T20:40:44+08:00,20260421_204044_566195,controlled_perturbation_study,CTChest,perspective,tp_-141.15_-53.01_-92.41,Far,3,CTChest__perspective__tp_-141.15_-53.01_-92.41__shot2_16.17__shot3m3m1_0.40__shot3m3m2_15.89,Low,1,16.17,0.4,15.89,-141.1487427,-53.01185989,-92.40821838,254.41711392947923,target-only,2.0,36,1,0,4.320446538644478,0.9219375584344284,1.8457847826062,0.0673584645171065,0.0659047218102651,1,1
experiment_results1.csv,perturbation_run,perturbation_gap,1,2026-04-21T20:40:44+08:00,20260421_204044_926926,controlled_perturbation_study,CTChest,perspective,tp_-141.15_-53.01_-92.41,Far,3,CTChest__perspective__tp_-141.15_-53.01_-92.41__shot2_16.17__shot3m3m1_0.40__shot3m3m2_15.89,Low,1,16.17,0.4,15.89,-141.1487427,-53.01185989,-92.40821838,254.41711392947923,target-only,2.0,37,1,0,2.712234360427084,3.916382050489089,0.4172841731732168,0.0673584645171065,0.0659047218102651,1,1
experiment_results1.csv,perturbation_run,perturbation_gap,1,2026-04-21T20:40:45+08:00,20260421_204045_277877,controlled_perturbation_study,CTChest,perspective,tp_-141.15_-53.01_-92.41,Far,3,CTChest__perspective__tp_-141.15_-53.01_-92.41__shot2_16.17__shot3m3m1_0.40__shot3m3m2_15.89,Low,1,16.17,0.4,15.89,-141.1487427,-53.01185989,-92.40821838,254.41711392947923,target-only,2.0,38,1,0,2.383161002300769,2.355142529149945,0.111725741757346,0.0673584645171065,0.0659047218102651,1,1
experiment_results1.csv,perturbation_run,perturbation_gap,1,2026-04-21T20:40:45+08:00,20260421_204045_637903,controlled_perturbation_study,CTChest,perspective,tp_-141.15_-53.01_-92.41,Far,3,CTChest__perspective__tp_-141.15_-53.01_-92.41__shot2_16.17__shot3m3m1_0.40__shot3m3m2_15.89,Low,1,16.17,0.4,15.89,-141.1487427,-53.01185989,-92.40821838,254.41711392947923,target-only,2.0,39,1,0,2.987718471768181,2.913963260373953,0.6946231914135387,0.0673584645171065,0.0659047218102651,1,1
experiment_results1.csv,perturbation_run,perturbation_gap,1,2026-04-21T20:40:45+08:00,20260421_204045_960867,controlled_perturbation_study,CTChest,perspective,tp_-141.15_-53.01_-92.41,Far,3,CTChest__perspective__tp_-141.15_-53.01_-92.41__shot2_16.17__shot3m3m1_0.40__shot3m3m2_15.89,Low,1,16.17,0.4,15.89,-141.1487427,-53.01185989,-92.40821838,254.41711392947923,target-only,2.0,40,1,0,2.3122135909239527,0.8042142253747283,0.8504395789940881,0.0673584645171065,0.0659047218102651,1,1
experiment_results1.csv,perturbation_run,perturbation_gap,1,2026-04-21T20:40:46+08:00,20260421_204046_250945,controlled_perturbation_study,CTChest,perspective,tp_-141.15_-53.01_-92.41,Far,3,CTChest__perspective__tp_-141.15_-53.01_-92.41__shot2_16.17__shot3m3m1_0.40__shot3m3m2_15.89,Low,1,16.17,0.4,15.89,-141.1487427,-53.01185989,-92.40821838,254.41711392947923,target-only,2.0,41,1,0,4.259059269597178,1.5702223129481128,1.4867601670329262,0.0673584645171065,0.0659047218102651,1,1
experiment_results1.csv,perturbation_run,perturbation_gap,1,2026-04-21T20:40:46+08:00,20260421_204046_539496,controlled_perturbation_study,CTChest,perspective,tp_-141.15_-53.01_-92.41,Far,3,CTChest__perspective__tp_-141.15_-53.01_-92.41__shot2_16.17__shot3m3m1_0.40__shot3m3m2_15.89,Low,1,16.17,0.4,15.89,-141.1487427,-53.01185989,-92.40821838,254.41711392947923,target-only,2.0,42,1,0,7.664273816010936,1.1985536398306966,3.6255591953427366,0.0673584645171065,0.0659047218102651,1,1
experiment_results1.csv,perturbation_run,perturbation_gap,1,2026-04-21T20:40:46+08:00,20260421_204046_828462,controlled_perturbation_study,CTChest,perspective,tp_-141.15_-53.01_-92.41,Far,3,CTChest__perspective__tp_-141.15_-53.01_-92.41__shot2_16.17__shot3m3m1_0.40__shot3m3m2_15.89,Low,1,16.17,0.4,15.89,-141.1487427,-53.01185989,-92.40821838,254.41711392947923,target-only,2.0,43,1,0,4.6425865069542445,0.98032259617112,2.4144101414697032,0.0673584645171065,0.0659047218102651,1,1
experiment_results1.csv,perturbation_run,perturbation_gap,1,2026-04-21T20:40:47+08:00,20260421_204047_116981,controlled_perturbation_study,CTChest,perspective,tp_-141.15_-53.01_-92.41,Far,3,CTChest__perspective__tp_-141.15_-53.01_-92.41__shot2_16.17__shot3m3m1_0.40__shot3m3m2_15.89,Low,1,16.17,0.4,15.89,-141.1487427,-53.01185989,-92.40821838,254.41711392947923,target-only,2.0,44,1,0,3.287579164070118,2.610708662342121,2.870684287602184,0.0673584645171065,0.0659047218102651,1,1
experiment_results1.csv,perturbation_run,perturbation_gap,1,2026-04-21T20:40:47+08:00,20260421_204047_410489,controlled_perturbation_study,CTChest,perspective,tp_-141.15_-53.01_-92.41,Far,3,CTChest__perspective__tp_-141.15_-53.01_-92.41__shot2_16.17__shot3m3m1_0.40__shot3m3m2_15.89,Low,1,16.17,0.4,15.89,-141.1487427,-53.01185989,-92.40821838,254.41711392947923,target-only,2.0,45,1,0,14.619477977741491,3.399869380918356,1.5312823123723711,0.0673584645171065,0.0659047218102651,1,1
experiment_results1.csv,perturbation_run,perturbation_gap,1,2026-04-21T20:40:47+08:00,20260421_204047_705428,controlled_perturbation_study,CTChest,perspective,tp_-141.15_-53.01_-92.41,Far,3,CTChest__perspective__tp_-141.15_-53.01_-92.41__shot2_16.17__shot3m3m1_0.40__shot3m3m2_15.89,Low,1,16.17,0.4,15.89,-141.1487427,-53.01185989,-92.40821838,254.41711392947923,target-only,2.0,46,1,0,1.5874627679461382,1.0160422268499572,1.48333501592295,0.0673584645171065,0.0659047218102651,1,1
experiment_results1.csv,perturbation_run,perturbation_gap,1,2026-04-21T20:40:48+08:00,20260421_204048_011058,controlled_perturbation_study,CTChest,perspective,tp_-141.15_-53.01_-92.41,Far,3,CTChest__perspective__tp_-141.15_-53.01_-92.41__shot2_16.17__shot3m3m1_0.40__shot3m3m2_15.89,Low,1,16.17,0.4,15.89,-141.1487427,-53.01185989,-92.40821838,254.41711392947923,target-only,2.0,47,1,0,3.65540254575556,0.935754244484245,0.528249851673053,0.0673584645171065,0.0659047218102651,1,1
experiment_results1.csv,perturbation_run,perturbation_gap,1,2026-04-21T20:40:48+08:00,20260421_204048_360137,controlled_perturbation_study,CTChest,perspective,tp_-141.15_-53.01_-92.41,Far,3,CTChest__perspective__tp_-141.15_-53.01_-92.41__shot2_16.17__shot3m3m1_0.40__shot3m3m2_15.89,Low,1,16.17,0.4,15.89,-141.1487427,-53.01185989,-92.40821838,254.41711392947923,target-only,2.0,48,1,0,2.6606271538458337,3.1874918717770724,0.2492565203153733,0.0673584645171065,0.0659047218102651,1,1
experiment_results1.csv,perturbation_run,perturbation_gap,1,2026-04-21T20:40:48+08:00,20260421_204048_672354,controlled_perturbation_study,CTChest,perspective,tp_-141.15_-53.01_-92.41,Far,3,CTChest__perspective__tp_-141.15_-53.01_-92.41__shot2_16.17__shot3m3m1_0.40__shot3m3m2_15.89,Low,1,16.17,0.4,15.89,-141.1487427,-53.01185989,-92.40821838,254.41711392947923,target-only,2.0,49,1,0,2.65440105093624,2.5242219556643817,2.643989230075867,0.0673584645171065,0.0659047218102651,1,1
experiment_results1.csv,perturbation_run,perturbation_gap,1,2026-04-21T20:40:48+08:00,20260421_204048_974315,controlled_perturbation_study,CTChest,perspective,tp_-141.15_-53.01_-92.41,Far,3,CTChest__perspective__tp_-141.15_-53.01_-92.41__shot2_16.17__shot3m3m1_0.40__shot3m3m2_15.89,Low,1,16.17,0.4,15.89,-141.1487427,-53.01185989,-92.40821838,254.41711392947923,target-only,2.0,50,1,0,8.824958609030901,4.009845834252563,1.0985946837370972,0.0673584645171065,0.0659047218102651,1,1
experiment_results1.csv,perturbation_run,perturbation_gap,1,2026-04-21T20:42:20+08:00,20260421_204220_747466,controlled_perturbation_study,CTChest,perspective,tp_-141.15_-53.01_-92.41,Far,3,CTChest__perspective__tp_-141.15_-53.01_-92.41__shot2_46.99__shot3m3m1_43.10__shot3m3m2_67.87,Medium,2,46.99,43.1,67.87,-141.149,-53.012,-92.40821838,257.458001463925,target-only,2.0,1,1,0,0.936213092561076,0.6718372802132417,0.6721818802007451,0.071782862323354,0.0709637085853143,1,1
experiment_results1.csv,perturbation_run,perturbation_gap,1,2026-04-21T20:42:20+08:00,20260421_204220_998363,controlled_perturbation_study,CTChest,perspective,tp_-141.15_-53.01_-92.41,Far,3,CTChest__perspective__tp_-141.15_-53.01_-92.41__shot2_46.99__shot3m3m1_43.10__shot3m3m2_67.87,Medium,2,46.99,43.1,67.87,-141.149,-53.012,-92.40821838,257.458001463925,target-only,2.0,2,1,0,2.1661550400507603,3.1705902720994565,1.3262578747948826,0.071782862323354,0.0709637085853143,1,1
experiment_results1.csv,perturbation_run,perturbation_gap,1,2026-04-21T20:42:21+08:00,20260421_204221_280656,controlled_perturbation_study,CTChest,perspective,tp_-141.15_-53.01_-92.41,Far,3,CTChest__perspective__tp_-141.15_-53.01_-92.41__shot2_46.99__shot3m3m1_43.10__shot3m3m2_67.87,Medium,2,46.99,43.1,67.87,-141.149,-53.012,-92.40821838,257.458001463925,target-only,2.0,3,1,0,6.183930953836275,8.393999822401254,2.31167021473371,0.071782862323354,0.0709637085853143,1,1
experiment_results1.csv,perturbation_run,perturbation_gap,1,2026-04-21T20:42:21+08:00,20260421_204221_569895,controlled_perturbation_study,CTChest,perspective,tp_-141.15_-53.01_-92.41,Far,3,CTChest__perspective__tp_-141.15_-53.01_-92.41__shot2_46.99__shot3m3m1_43.10__shot3m3m2_67.87,Medium,2,46.99,43.1,67.87,-141.149,-53.012,-92.40821838,257.458001463925,target-only,2.0,4,1,0,5.80152168958644,7.485527269770019,0.7832112216908331,0.071782862323354,0.0709637085853143,1,1
experiment_results1.csv,perturbation_run,perturbation_gap,1,2026-04-21T20:42:21+08:00,20260421_204221_858832,controlled_perturbation_study,CTChest,perspective,tp_-141.15_-53.01_-92.41,Far,3,CTChest__perspective__tp_-141.15_-53.01_-92.41__shot2_46.99__shot3m3m1_43.10__shot3m3m2_67.87,Medium,2,46.99,43.1,67.87,-141.149,-53.012,-92.40821838,257.458001463925,target-only,2.0,5,1,0,1.2367163975660094,2.1324869536076227,0.2395152244733498,0.071782862323354,0.0709637085853143,1,1
experiment_results1.csv,perturbation_run,perturbation_gap,1,2026-04-21T20:42:22+08:00,20260421_204222_146138,controlled_perturbation_study,CTChest,perspective,tp_-141.15_-53.01_-92.41,Far,3,CTChest__perspective__tp_-141.15_-53.01_-92.41__shot2_46.99__shot3m3m1_43.10__shot3m3m2_67.87,Medium,2,46.99,43.1,67.87,-141.149,-53.012,-92.40821838,257.458001463925,target-only,2.0,6,1,0,1.9291249791640253,2.1436118611996067,0.7371998410225015,0.071782862323354,0.0709637085853143,1,1
experiment_results1.csv,perturbation_run,perturbation_gap,1,2026-04-21T20:42:22+08:00,20260421_204222_425648,controlled_perturbation_study,CTChest,perspective,tp_-141.15_-53.01_-92.41,Far,3,CTChest__perspective__tp_-141.15_-53.01_-92.41__shot2_46.99__shot3m3m1_43.10__shot3m3m2_67.87,Medium,2,46.99,43.1,67.87,-141.149,-53.012,-92.40821838,257.458001463925,target-only,2.0,7,1,0,3.0905995661003267,2.150370716225226,2.436519196146031,0.071782862323354,0.0709637085853143,1,1
experiment_results1.csv,perturbation_run,perturbation_gap,1,2026-04-21T20:42:22+08:00,20260421_204222_744550,controlled_perturbation_study,CTChest,perspective,tp_-141.15_-53.01_-92.41,Far,3,CTChest__perspective__tp_-141.15_-53.01_-92.41__shot2_46.99__shot3m3m1_43.10__shot3m3m2_67.87,Medium,2,46.99,43.1,67.87,-141.149,-53.012,-92.40821838,257.458001463925,target-only,2.0,8,1,0,1.966209208944528,2.319919368249331,0.4013076410988018,0.071782862323354,0.0709637085853143,1,1
experiment_results1.csv,perturbation_run,perturbation_gap,1,2026-04-21T20:42:23+08:00,20260421_204223_037290,controlled_perturbation_study,CTChest,perspective,tp_-141.15_-53.01_-92.41,Far,3,CTChest__perspective__tp_-141.15_-53.01_-92.41__shot2_46.99__shot3m3m1_43.10__shot3m3m2_67.87,Medium,2,46.99,43.1,67.87,-141.149,-53.012,-92.40821838,257.458001463925,target-only,2.0,9,1,0,0.8516085740277776,0.648309281542952,2.828596522503901,0.071782862323354,0.0709637085853143,1,1
experiment_results1.csv,perturbation_run,perturbation_gap,1,2026-04-21T20:42:23+08:00,20260421_204223_321269,controlled_perturbation_study,CTChest,perspective,tp_-141.15_-53.01_-92.41,Far,3,CTChest__perspective__tp_-141.15_-53.01_-92.41__shot2_46.99__shot3m3m1_43.10__shot3m3m2_67.87,Medium,2,46.99,43.1,67.87,-141.149,-53.012,-92.40821838,257.458001463925,target-only,2.0,10,1,0,1.595281492939946,2.0853629295474705,1.5449337662541545,0.071782862323354,0.0709637085853143,1,1
experiment_results1.csv,perturbation_run,perturbation_gap,1,2026-04-21T20:42:23+08:00,20260421_204223_604630,controlled_perturbation_study,CTChest,perspective,tp_-141.15_-53.01_-92.41,Far,3,CTChest__perspective__tp_-141.15_-53.01_-92.41__shot2_46.99__shot3m3m1_43.10__shot3m3m2_67.87,Medium,2,46.99,43.1,67.87,-141.149,-53.012,-92.40821838,257.458001463925,target-only,2.0,11,1,0,0.8624943020275729,1.1153740925504654,0.9399052831909508,0.071782862323354,0.0709637085853143,1,1
experiment_results1.csv,perturbation_run,perturbation_gap,1,2026-04-21T20:42:23+08:00,20260421_204223_902010,controlled_perturbation_study,CTChest,perspective,tp_-141.15_-53.01_-92.41,Far,3,CTChest__perspective__tp_-141.15_-53.01_-92.41__shot2_46.99__shot3m3m1_43.10__shot3m3m2_67.87,Medium,2,46.99,43.1,67.87,-141.149,-53.012,-92.40821838,257.458001463925,target-only,2.0,12,1,0,1.6073313198037713,2.655146917080648,1.5330648136868508,0.071782862323354,0.0709637085853143,1,1
experiment_results1.csv,perturbation_run,perturbation_gap,1,2026-04-21T20:42:24+08:00,20260421_204224_191548,controlled_perturbation_study,CTChest,perspective,tp_-141.15_-53.01_-92.41,Far,3,CTChest__perspective__tp_-141.15_-53.01_-92.41__shot2_46.99__shot3m3m1_43.10__shot3m3m2_67.87,Medium,2,46.99,43.1,67.87,-141.149,-53.012,-92.40821838,257.458001463925,target-only,2.0,13,1,0,1.7749672082432533,2.305052140853961,5.181662709375935,0.071782862323354,0.0709637085853143,1,1
experiment_results1.csv,perturbation_run,perturbation_gap,1,2026-04-21T20:42:24+08:00,20260421_204224_484527,controlled_perturbation_study,CTChest,perspective,tp_-141.15_-53.01_-92.41,Far,3,CTChest__perspective__tp_-141.15_-53.01_-92.41__shot2_46.99__shot3m3m1_43.10__shot3m3m2_67.87,Medium,2,46.99,43.1,67.87,-141.149,-53.012,-92.40821838,257.458001463925,target-only,2.0,14,1,0,1.7848652743194768,2.950693768392405,1.006428368196707,0.071782862323354,0.0709637085853143,1,1
experiment_results1.csv,perturbation_run,perturbation_gap,1,2026-04-21T20:42:24+08:00,20260421_204224_781556,controlled_perturbation_study,CTChest,perspective,tp_-141.15_-53.01_-92.41,Far,3,CTChest__perspective__tp_-141.15_-53.01_-92.41__shot2_46.99__shot3m3m1_43.10__shot3m3m2_67.87,Medium,2,46.99,43.1,67.87,-141.149,-53.012,-92.40821838,257.458001463925,target-only,2.0,15,1,0,1.1543762835705789,1.7357952572179067,1.7079102028260218,0.071782862323354,0.0709637085853143,1,1
experiment_results1.csv,perturbation_run,perturbation_gap,1,2026-04-21T20:42:25+08:00,20260421_204225_085376,controlled_perturbation_study,CTChest,perspective,tp_-141.15_-53.01_-92.41,Far,3,CTChest__perspective__tp_-141.15_-53.01_-92.41__shot2_46.99__shot3m3m1_43.10__shot3m3m2_67.87,Medium,2,46.99,43.1,67.87,-141.149,-53.012,-92.40821838,257.458001463925,target-only,2.0,16,1,0,1.643867096481852,1.6407992944770642,1.5035372584194246,0.071782862323354,0.0709637085853143,1,1
experiment_results1.csv,perturbation_run,perturbation_gap,1,2026-04-21T20:42:25+08:00,20260421_204225_394836,controlled_perturbation_study,CTChest,perspective,tp_-141.15_-53.01_-92.41,Far,3,CTChest__perspective__tp_-141.15_-53.01_-92.41__shot2_46.99__shot3m3m1_43.10__shot3m3m2_67.87,Medium,2,46.99,43.1,67.87,-141.149,-53.012,-92.40821838,257.458001463925,target-only,2.0,17,1,0,5.543251895456163,6.827100516326477,0.777339727415478,0.071782862323354,0.0709637085853143,1,1
experiment_results1.csv,perturbation_run,perturbation_gap,1,2026-04-21T20:42:25+08:00,20260421_204225_704357,controlled_perturbation_study,CTChest,perspective,tp_-141.15_-53.01_-92.41,Far,3,CTChest__perspective__tp_-141.15_-53.01_-92.41__shot2_46.99__shot3m3m1_43.10__shot3m3m2_67.87,Medium,2,46.99,43.1,67.87,-141.149,-53.012,-92.40821838,257.458001463925,target-only,2.0,18,1,0,1.911879568205393,2.416000627323474,0.2013794767229416,0.071782862323354,0.0709637085853143,1,1
experiment_results1.csv,perturbation_run,perturbation_gap,1,2026-04-21T20:42:26+08:00,20260421_204226_021890,controlled_perturbation_study,CTChest,perspective,tp_-141.15_-53.01_-92.41,Far,3,CTChest__perspective__tp_-141.15_-53.01_-92.41__shot2_46.99__shot3m3m1_43.10__shot3m3m2_67.87,Medium,2,46.99,43.1,67.87,-141.149,-53.012,-92.40821838,257.458001463925,target-only,2.0,19,1,0,2.257435551606721,3.263726675531143,2.8033222718102966,0.071782862323354,0.0709637085853143,1,1
experiment_results1.csv,perturbation_run,perturbation_gap,1,2026-04-21T20:42:26+08:00,20260421_204226_339122,controlled_perturbation_study,CTChest,perspective,tp_-141.15_-53.01_-92.41,Far,3,CTChest__perspective__tp_-141.15_-53.01_-92.41__shot2_46.99__shot3m3m1_43.10__shot3m3m2_67.87,Medium,2,46.99,43.1,67.87,-141.149,-53.012,-92.40821838,257.458001463925,target-only,2.0,20,1,0,4.414042749582404,6.1714604577908485,0.173925196686087,0.071782862323354,0.0709637085853143,1,1
experiment_results1.csv,perturbation_run,perturbation_gap,1,2026-04-21T20:42:26+08:00,20260421_204226_662984,controlled_perturbation_study,CTChest,perspective,tp_-141.15_-53.01_-92.41,Far,3,CTChest__perspective__tp_-141.15_-53.01_-92.41__shot2_46.99__shot3m3m1_43.10__shot3m3m2_67.87,Medium,2,46.99,43.1,67.87,-141.149,-53.012,-92.40821838,257.458001463925,target-only,2.0,21,1,0,3.9876141117954496,4.9623975500228354,0.733320320867336,0.071782862323354,0.0709637085853143,1,1
experiment_results1.csv,perturbation_run,perturbation_gap,1,2026-04-21T20:42:26+08:00,20260421_204226_997160,controlled_perturbation_study,CTChest,perspective,tp_-141.15_-53.01_-92.41,Far,3,CTChest__perspective__tp_-141.15_-53.01_-92.41__shot2_46.99__shot3m3m1_43.10__shot3m3m2_67.87,Medium,2,46.99,43.1,67.87,-141.149,-53.012,-92.40821838,257.458001463925,target-only,2.0,22,1,0,4.5312649632922,4.433632451983803,1.711907864027728,0.071782862323354,0.0709637085853143,1,1
experiment_results1.csv,perturbation_run,perturbation_gap,1,2026-04-21T20:42:27+08:00,20260421_204227_338108,controlled_perturbation_study,CTChest,perspective,tp_-141.15_-53.01_-92.41,Far,3,CTChest__perspective__tp_-141.15_-53.01_-92.41__shot2_46.99__shot3m3m1_43.10__shot3m3m2_67.87,Medium,2,46.99,43.1,67.87,-141.149,-53.012,-92.40821838,257.458001463925,target-only,2.0,23,1,0,1.1753450553072993,1.7803650706080325,0.8265833424208708,0.071782862323354,0.0709637085853143,1,1
experiment_results1.csv,perturbation_run,perturbation_gap,1,2026-04-21T20:42:27+08:00,20260421_204227_693178,controlled_perturbation_study,CTChest,perspective,tp_-141.15_-53.01_-92.41,Far,3,CTChest__perspective__tp_-141.15_-53.01_-92.41__shot2_46.99__shot3m3m1_43.10__shot3m3m2_67.87,Medium,2,46.99,43.1,67.87,-141.149,-53.012,-92.40821838,257.458001463925,target-only,2.0,24,1,0,1.350894604302886,0.9256878985047692,1.4920798234823454,0.071782862323354,0.0709637085853143,1,1
experiment_results1.csv,perturbation_run,perturbation_gap,1,2026-04-21T20:42:28+08:00,20260421_204228_066293,controlled_perturbation_study,CTChest,perspective,tp_-141.15_-53.01_-92.41,Far,3,CTChest__perspective__tp_-141.15_-53.01_-92.41__shot2_46.99__shot3m3m1_43.10__shot3m3m2_67.87,Medium,2,46.99,43.1,67.87,-141.149,-53.012,-92.40821838,257.458001463925,target-only,2.0,25,1,0,0.5310756975920445,0.887082340536728,0.9122926373971444,0.071782862323354,0.0709637085853143,1,1
experiment_results1.csv,perturbation_run,perturbation_gap,1,2026-04-21T20:42:28+08:00,20260421_204228_438708,controlled_perturbation_study,CTChest,perspective,tp_-141.15_-53.01_-92.41,Far,3,CTChest__perspective__tp_-141.15_-53.01_-92.41__shot2_46.99__shot3m3m1_43.10__shot3m3m2_67.87,Medium,2,46.99,43.1,67.87,-141.149,-53.012,-92.40821838,257.458001463925,target-only,2.0,26,1,0,1.4028015991345126,1.0234821821683262,1.8909581264990591,0.071782862323354,0.0709637085853143,1,1
experiment_results1.csv,perturbation_run,perturbation_gap,1,2026-04-21T20:42:28+08:00,20260421_204228_818388,controlled_perturbation_study,CTChest,perspective,tp_-141.15_-53.01_-92.41,Far,3,CTChest__perspective__tp_-141.15_-53.01_-92.41__shot2_46.99__shot3m3m1_43.10__shot3m3m2_67.87,Medium,2,46.99,43.1,67.87,-141.149,-53.012,-92.40821838,257.458001463925,target-only,2.0,27,1,0,1.0651052357105033,1.315833401383629,2.2666160097698627,0.071782862323354,0.0709637085853143,1,1
experiment_results1.csv,perturbation_run,perturbation_gap,1,2026-04-21T20:42:29+08:00,20260421_204229_201008,controlled_perturbation_study,CTChest,perspective,tp_-141.15_-53.01_-92.41,Far,3,CTChest__perspective__tp_-141.15_-53.01_-92.41__shot2_46.99__shot3m3m1_43.10__shot3m3m2_67.87,Medium,2,46.99,43.1,67.87,-141.149,-53.012,-92.40821838,257.458001463925,target-only,2.0,28,1,0,1.8894636695945364,2.9494638973219782,0.1138848629631284,0.071782862323354,0.0709637085853143,1,1
experiment_results1.csv,perturbation_run,perturbation_gap,1,2026-04-21T20:42:29+08:00,20260421_204229_592036,controlled_perturbation_study,CTChest,perspective,tp_-141.15_-53.01_-92.41,Far,3,CTChest__perspective__tp_-141.15_-53.01_-92.41__shot2_46.99__shot3m3m1_43.10__shot3m3m2_67.87,Medium,2,46.99,43.1,67.87,-141.149,-53.012,-92.40821838,257.458001463925,target-only,2.0,29,1,0,5.25522832696142,5.869853598794745,0.566402250910251,0.071782862323354,0.0709637085853143,1,1
experiment_results1.csv,perturbation_run,perturbation_gap,1,2026-04-21T20:42:29+08:00,20260421_204229_934921,controlled_perturbation_study,CTChest,perspective,tp_-141.15_-53.01_-92.41,Far,3,CTChest__perspective__tp_-141.15_-53.01_-92.41__shot2_46.99__shot3m3m1_43.10__shot3m3m2_67.87,Medium,2,46.99,43.1,67.87,-141.149,-53.012,-92.40821838,257.458001463925,target-only,2.0,30,1,0,1.8401773775942147,3.072761286305859,1.4953043075073973,0.071782862323354,0.0709637085853143,1,1
experiment_results1.csv,perturbation_run,perturbation_gap,1,2026-04-21T20:42:30+08:00,20260421_204230_337065,controlled_perturbation_study,CTChest,perspective,tp_-141.15_-53.01_-92.41,Far,3,CTChest__perspective__tp_-141.15_-53.01_-92.41__shot2_46.99__shot3m3m1_43.10__shot3m3m2_67.87,Medium,2,46.99,43.1,67.87,-141.149,-53.012,-92.40821838,257.458001463925,target-only,2.0,31,1,0,3.3828526949651905,4.468512616763548,0.0894168894964612,0.071782862323354,0.0709637085853143,1,1
experiment_results1.csv,perturbation_run,perturbation_gap,1,2026-04-21T20:42:30+08:00,20260421_204230_753142,controlled_perturbation_study,CTChest,perspective,tp_-141.15_-53.01_-92.41,Far,3,CTChest__perspective__tp_-141.15_-53.01_-92.41__shot2_46.99__shot3m3m1_43.10__shot3m3m2_67.87,Medium,2,46.99,43.1,67.87,-141.149,-53.012,-92.40821838,257.458001463925,target-only,2.0,32,1,0,3.1471397233435168,3.5785948295055903,1.949492862362073,0.071782862323354,0.0709637085853143,1,1
experiment_results1.csv,perturbation_run,perturbation_gap,1,2026-04-21T20:42:31+08:00,20260421_204231_146018,controlled_perturbation_study,CTChest,perspective,tp_-141.15_-53.01_-92.41,Far,3,CTChest__perspective__tp_-141.15_-53.01_-92.41__shot2_46.99__shot3m3m1_43.10__shot3m3m2_67.87,Medium,2,46.99,43.1,67.87,-141.149,-53.012,-92.40821838,257.458001463925,target-only,2.0,33,1,0,4.157700963380382,4.434862227399472,2.4917518642983136,0.071782862323354,0.0709637085853143,1,1
experiment_results1.csv,perturbation_run,perturbation_gap,1,2026-04-21T20:42:31+08:00,20260421_204231_474531,controlled_perturbation_study,CTChest,perspective,tp_-141.15_-53.01_-92.41,Far,3,CTChest__perspective__tp_-141.15_-53.01_-92.41__shot2_46.99__shot3m3m1_43.10__shot3m3m2_67.87,Medium,2,46.99,43.1,67.87,-141.149,-53.012,-92.40821838,257.458001463925,target-only,2.0,34,1,0,2.120646378551656,3.438985030261962,0.0269291141335857,0.071782862323354,0.0709637085853143,1,1
experiment_results1.csv,perturbation_run,perturbation_gap,1,2026-04-21T20:42:31+08:00,20260421_204231_773353,controlled_perturbation_study,CTChest,perspective,tp_-141.15_-53.01_-92.41,Far,3,CTChest__perspective__tp_-141.15_-53.01_-92.41__shot2_46.99__shot3m3m1_43.10__shot3m3m2_67.87,Medium,2,46.99,43.1,67.87,-141.149,-53.012,-92.40821838,257.458001463925,target-only,2.0,35,1,0,3.2995022368447406,3.018380953795244,2.070767107037194,0.071782862323354,0.0709637085853143,1,1
experiment_results1.csv,perturbation_run,perturbation_gap,1,2026-04-21T20:42:32+08:00,20260421_204232_071240,controlled_perturbation_study,CTChest,perspective,tp_-141.15_-53.01_-92.41,Far,3,CTChest__perspective__tp_-141.15_-53.01_-92.41__shot2_46.99__shot3m3m1_43.10__shot3m3m2_67.87,Medium,2,46.99,43.1,67.87,-141.149,-53.012,-92.40821838,257.458001463925,target-only,2.0,36,1,0,4.815500618215104,6.440664150591079,3.3852336882456204,0.071782862323354,0.0709637085853143,1,1
experiment_results1.csv,perturbation_run,perturbation_gap,1,2026-04-21T20:42:32+08:00,20260421_204232_789504,controlled_perturbation_study,CTChest,perspective,tp_-141.15_-53.01_-92.41,Far,3,CTChest__perspective__tp_-141.15_-53.01_-92.41__shot2_46.99__shot3m3m1_43.10__shot3m3m2_67.87,Medium,2,46.99,43.1,67.87,-141.149,-53.012,-92.40821838,257.458001463925,target-only,2.0,37,1,0,1.6010018119810052,0.9754958441648404,0.8874462758528577,0.071782862323354,0.0709637085853143,1,1
experiment_results1.csv,perturbation_run,perturbation_gap,1,2026-04-21T20:42:33+08:00,20260421_204233_121808,controlled_perturbation_study,CTChest,perspective,tp_-141.15_-53.01_-92.41,Far,3,CTChest__perspective__tp_-141.15_-53.01_-92.41__shot2_46.99__shot3m3m1_43.10__shot3m3m2_67.87,Medium,2,46.99,43.1,67.87,-141.149,-53.012,-92.40821838,257.458001463925,target-only,2.0,38,1,0,3.598485616132413,5.450223281040797,1.4165126978141722,0.071782862323354,0.0709637085853143,1,1
experiment_results1.csv,perturbation_run,perturbation_gap,1,2026-04-21T20:42:33+08:00,20260421_204233_439022,controlled_perturbation_study,CTChest,perspective,tp_-141.15_-53.01_-92.41,Far,3,CTChest__perspective__tp_-141.15_-53.01_-92.41__shot2_46.99__shot3m3m1_43.10__shot3m3m2_67.87,Medium,2,46.99,43.1,67.87,-141.149,-53.012,-92.40821838,257.458001463925,target-only,2.0,39,1,0,6.17601697625691,8.023560019850258,1.3079452359569572,0.071782862323354,0.0709637085853143,1,1
experiment_results1.csv,perturbation_run,perturbation_gap,1,2026-04-21T20:42:33+08:00,20260421_204233_764451,controlled_perturbation_study,CTChest,perspective,tp_-141.15_-53.01_-92.41,Far,3,CTChest__perspective__tp_-141.15_-53.01_-92.41__shot2_46.99__shot3m3m1_43.10__shot3m3m2_67.87,Medium,2,46.99,43.1,67.87,-141.149,-53.012,-92.40821838,257.458001463925,target-only,2.0,40,1,0,2.9173456354786564,3.13618452849766,2.122430989341338,0.071782862323354,0.0709637085853143,1,1
experiment_results1.csv,perturbation_run,perturbation_gap,1,2026-04-21T20:42:34+08:00,20260421_204234_100611,controlled_perturbation_study,CTChest,perspective,tp_-141.15_-53.01_-92.41,Far,3,CTChest__perspective__tp_-141.15_-53.01_-92.41__shot2_46.99__shot3m3m1_43.10__shot3m3m2_67.87,Medium,2,46.99,43.1,67.87,-141.149,-53.012,-92.40821838,257.458001463925,target-only,2.0,41,1,0,2.6658098482532715,4.375443688449953,0.8022027022732854,0.071782862323354,0.0709637085853143,1,1
experiment_results1.csv,perturbation_run,perturbation_gap,1,2026-04-21T20:42:34+08:00,20260421_204234_433212,controlled_perturbation_study,CTChest,perspective,tp_-141.15_-53.01_-92.41,Far,3,CTChest__perspective__tp_-141.15_-53.01_-92.41__shot2_46.99__shot3m3m1_43.10__shot3m3m2_67.87,Medium,2,46.99,43.1,67.87,-141.149,-53.012,-92.40821838,257.458001463925,target-only,2.0,42,1,0,2.386354326285355,1.9515948843930184,0.3405845442747507,0.071782862323354,0.0709637085853143,1,1
experiment_results1.csv,perturbation_run,perturbation_gap,1,2026-04-21T20:42:34+08:00,20260421_204234_781175,controlled_perturbation_study,CTChest,perspective,tp_-141.15_-53.01_-92.41,Far,3,CTChest__perspective__tp_-141.15_-53.01_-92.41__shot2_46.99__shot3m3m1_43.10__shot3m3m2_67.87,Medium,2,46.99,43.1,67.87,-141.149,-53.012,-92.40821838,257.458001463925,target-only,2.0,43,1,0,2.965735463835022,4.682542482429154,3.135855018077409,0.071782862323354,0.0709637085853143,1,1
experiment_results1.csv,perturbation_run,perturbation_gap,1,2026-04-21T20:42:35+08:00,20260421_204235_146329,controlled_perturbation_study,CTChest,perspective,tp_-141.15_-53.01_-92.41,Far,3,CTChest__perspective__tp_-141.15_-53.01_-92.41__shot2_46.99__shot3m3m1_43.10__shot3m3m2_67.87,Medium,2,46.99,43.1,67.87,-141.149,-53.012,-92.40821838,257.458001463925,target-only,2.0,44,1,0,4.76927967491178,5.79683227716536,1.2347055626706565,0.071782862323354,0.0709637085853143,1,1
experiment_results1.csv,perturbation_run,perturbation_gap,1,2026-04-21T20:42:35+08:00,20260421_204235_507328,controlled_perturbation_study,CTChest,perspective,tp_-141.15_-53.01_-92.41,Far,3,CTChest__perspective__tp_-141.15_-53.01_-92.41__shot2_46.99__shot3m3m1_43.10__shot3m3m2_67.87,Medium,2,46.99,43.1,67.87,-141.149,-53.012,-92.40821838,257.458001463925,target-only,2.0,45,1,0,6.797084771047919,9.500560444822865,0.3860462283504353,0.071782862323354,0.0709637085853143,1,1
experiment_results1.csv,perturbation_run,perturbation_gap,1,2026-04-21T20:42:35+08:00,20260421_204235_867652,controlled_perturbation_study,CTChest,perspective,tp_-141.15_-53.01_-92.41,Far,3,CTChest__perspective__tp_-141.15_-53.01_-92.41__shot2_46.99__shot3m3m1_43.10__shot3m3m2_67.87,Medium,2,46.99,43.1,67.87,-141.149,-53.012,-92.40821838,257.458001463925,target-only,2.0,46,1,0,3.5540709862518987,5.242956166728689,1.0816056633392364,0.071782862323354,0.0709637085853143,1,1
experiment_results1.csv,perturbation_run,perturbation_gap,1,2026-04-21T20:42:36+08:00,20260421_204236_249662,controlled_perturbation_study,CTChest,perspective,tp_-141.15_-53.01_-92.41,Far,3,CTChest__perspective__tp_-141.15_-53.01_-92.41__shot2_46.99__shot3m3m1_43.10__shot3m3m2_67.87,Medium,2,46.99,43.1,67.87,-141.149,-53.012,-92.40821838,257.458001463925,target-only,2.0,47,1,0,1.5161705291880927,1.7037263490419,1.953927385404457,0.071782862323354,0.0709637085853143,1,1
experiment_results1.csv,perturbation_run,perturbation_gap,1,2026-04-21T20:42:36+08:00,20260421_204236_629558,controlled_perturbation_study,CTChest,perspective,tp_-141.15_-53.01_-92.41,Far,3,CTChest__perspective__tp_-141.15_-53.01_-92.41__shot2_46.99__shot3m3m1_43.10__shot3m3m2_67.87,Medium,2,46.99,43.1,67.87,-141.149,-53.012,-92.40821838,257.458001463925,target-only,2.0,48,1,0,2.8841991267805582,3.0513579110689992,0.7729564856398048,0.071782862323354,0.0709637085853143,1,1
experiment_results1.csv,perturbation_run,perturbation_gap,1,2026-04-21T20:42:37+08:00,20260421_204237_021742,controlled_perturbation_study,CTChest,perspective,tp_-141.15_-53.01_-92.41,Far,3,CTChest__perspective__tp_-141.15_-53.01_-92.41__shot2_46.99__shot3m3m1_43.10__shot3m3m2_67.87,Medium,2,46.99,43.1,67.87,-141.149,-53.012,-92.40821838,257.458001463925,target-only,2.0,49,1,0,5.1869185826075705,5.140054319901185,1.0497961731233398,0.071782862323354,0.0709637085853143,1,1
experiment_results1.csv,perturbation_run,perturbation_gap,1,2026-04-21T20:42:37+08:00,20260421_204237_426879,controlled_perturbation_study,CTChest,perspective,tp_-141.15_-53.01_-92.41,Far,3,CTChest__perspective__tp_-141.15_-53.01_-92.41__shot2_46.99__shot3m3m1_43.10__shot3m3m2_67.87,Medium,2,46.99,43.1,67.87,-141.149,-53.012,-92.40821838,257.458001463925,target-only,2.0,50,1,0,2.9474150781787567,4.634787434702853,0.6987494140913786,0.071782862323354,0.0709637085853143,1,1
experiment_results1.csv,perturbation_run,perturbation_gap,1,2026-04-21T20:42:45+08:00,20260421_204245_049983,controlled_perturbation_study,CTChest,perspective,tp_-141.15_-53.01_-92.41,Far,3,CTChest__perspective__tp_-141.15_-53.01_-92.41__shot2_46.99__shot3m3m1_43.10__shot3m3m2_67.87,Medium,2,46.99,43.1,67.87,-141.149,-53.012,-92.40821838,257.458001463925,target-only,1.0,1,1,0,0.4185012636880936,0.8704101111731642,0.0774100961667099,0.071782862323354,0.0709637085853143,1,1
experiment_results1.csv,perturbation_run,perturbation_gap,1,2026-04-21T20:42:45+08:00,20260421_204245_346647,controlled_perturbation_study,CTChest,perspective,tp_-141.15_-53.01_-92.41,Far,3,CTChest__perspective__tp_-141.15_-53.01_-92.41__shot2_46.99__shot3m3m1_43.10__shot3m3m2_67.87,Medium,2,46.99,43.1,67.87,-141.149,-53.012,-92.40821838,257.458001463925,target-only,1.0,2,1,0,3.476917753862036,3.4938997633726445,0.1023860708496718,0.071782862323354,0.0709637085853143,1,1
experiment_results1.csv,perturbation_run,perturbation_gap,1,2026-04-21T20:42:45+08:00,20260421_204245_633589,controlled_perturbation_study,CTChest,perspective,tp_-141.15_-53.01_-92.41,Far,3,CTChest__perspective__tp_-141.15_-53.01_-92.41__shot2_46.99__shot3m3m1_43.10__shot3m3m2_67.87,Medium,2,46.99,43.1,67.87,-141.149,-53.012,-92.40821838,257.458001463925,target-only,1.0,3,1,0,0.6358136959505295,0.7779990213097928,1.1563898750116492,0.071782862323354,0.0709637085853143,1,1
experiment_results1.csv,perturbation_run,perturbation_gap,1,2026-04-21T20:42:45+08:00,20260421_204245_916791,controlled_perturbation_study,CTChest,perspective,tp_-141.15_-53.01_-92.41,Far,3,CTChest__perspective__tp_-141.15_-53.01_-92.41__shot2_46.99__shot3m3m1_43.10__shot3m3m2_67.87,Medium,2,46.99,43.1,67.87,-141.149,-53.012,-92.40821838,257.458001463925,target-only,1.0,4,1,0,0.8391734676758204,1.1089437779555211,0.2649461529601318,0.071782862323354,0.0709637085853143,1,1
experiment_results1.csv,perturbation_run,perturbation_gap,1,2026-04-21T20:42:46+08:00,20260421_204246_205566,controlled_perturbation_study,CTChest,perspective,tp_-141.15_-53.01_-92.41,Far,3,CTChest__perspective__tp_-141.15_-53.01_-92.41__shot2_46.99__shot3m3m1_43.10__shot3m3m2_67.87,Medium,2,46.99,43.1,67.87,-141.149,-53.012,-92.40821838,257.458001463925,target-only,1.0,5,1,0,2.5530467372774925,3.013742983957555,0.5181931912343073,0.071782862323354,0.0709637085853143,1,1
experiment_results1.csv,perturbation_run,perturbation_gap,1,2026-04-21T20:42:46+08:00,20260421_204246_489918,controlled_perturbation_study,CTChest,perspective,tp_-141.15_-53.01_-92.41,Far,3,CTChest__perspective__tp_-141.15_-53.01_-92.41__shot2_46.99__shot3m3m1_43.10__shot3m3m2_67.87,Medium,2,46.99,43.1,67.87,-141.149,-53.012,-92.40821838,257.458001463925,target-only,1.0,6,1,0,0.2898363991724768,0.2428770423591711,1.2616309491615445,0.071782862323354,0.0709637085853143,1,1
experiment_results1.csv,perturbation_run,perturbation_gap,1,2026-04-21T20:42:46+08:00,20260421_204246_745293,controlled_perturbation_study,CTChest,perspective,tp_-141.15_-53.01_-92.41,Far,3,CTChest__perspective__tp_-141.15_-53.01_-92.41__shot2_46.99__shot3m3m1_43.10__shot3m3m2_67.87,Medium,2,46.99,43.1,67.87,-141.149,-53.012,-92.40821838,257.458001463925,target-only,1.0,7,1,0,1.5368946433737982,2.50916250681633,0.3313434107763434,0.071782862323354,0.0709637085853143,1,1
experiment_results1.csv,perturbation_run,perturbation_gap,1,2026-04-21T20:42:46+08:00,20260421_204246_997208,controlled_perturbation_study,CTChest,perspective,tp_-141.15_-53.01_-92.41,Far,3,CTChest__perspective__tp_-141.15_-53.01_-92.41__shot2_46.99__shot3m3m1_43.10__shot3m3m2_67.87,Medium,2,46.99,43.1,67.87,-141.149,-53.012,-92.40821838,257.458001463925,target-only,1.0,8,1,0,4.502857396990078,4.998449792433528,0.059124691126525,0.071782862323354,0.0709637085853143,1,1
experiment_results1.csv,perturbation_run,perturbation_gap,1,2026-04-21T20:42:47+08:00,20260421_204247_282501,controlled_perturbation_study,CTChest,perspective,tp_-141.15_-53.01_-92.41,Far,3,CTChest__perspective__tp_-141.15_-53.01_-92.41__shot2_46.99__shot3m3m1_43.10__shot3m3m2_67.87,Medium,2,46.99,43.1,67.87,-141.149,-53.012,-92.40821838,257.458001463925,target-only,1.0,9,1,0,3.3284129933552924,5.010823658439562,0.3521206245109258,0.071782862323354,0.0709637085853143,1,1
experiment_results1.csv,perturbation_run,perturbation_gap,1,2026-04-21T20:42:47+08:00,20260421_204247_569265,controlled_perturbation_study,CTChest,perspective,tp_-141.15_-53.01_-92.41,Far,3,CTChest__perspective__tp_-141.15_-53.01_-92.41__shot2_46.99__shot3m3m1_43.10__shot3m3m2_67.87,Medium,2,46.99,43.1,67.87,-141.149,-53.012,-92.40821838,257.458001463925,target-only,1.0,10,1,0,0.4376479263284627,0.1386603332246938,1.574073926066503,0.071782862323354,0.0709637085853143,1,1
experiment_results1.csv,perturbation_run,perturbation_gap,1,2026-04-21T20:42:47+08:00,20260421_204247_857741,controlled_perturbation_study,CTChest,perspective,tp_-141.15_-53.01_-92.41,Far,3,CTChest__perspective__tp_-141.15_-53.01_-92.41__shot2_46.99__shot3m3m1_43.10__shot3m3m2_67.87,Medium,2,46.99,43.1,67.87,-141.149,-53.012,-92.40821838,257.458001463925,target-only,1.0,11,1,0,0.577102855471223,0.5606186192239259,1.236604812453991,0.071782862323354,0.0709637085853143,1,1
experiment_results1.csv,perturbation_run,perturbation_gap,1,2026-04-21T20:42:48+08:00,20260421_204248_151746,controlled_perturbation_study,CTChest,perspective,tp_-141.15_-53.01_-92.41,Far,3,CTChest__perspective__tp_-141.15_-53.01_-92.41__shot2_46.99__shot3m3m1_43.10__shot3m3m2_67.87,Medium,2,46.99,43.1,67.87,-141.149,-53.012,-92.40821838,257.458001463925,target-only,1.0,12,1,0,1.363328096242682,1.9570172894921567,0.0235223693800227,0.071782862323354,0.0709637085853143,1,1
experiment_results1.csv,perturbation_run,perturbation_gap,1,2026-04-21T20:42:48+08:00,20260421_204248_412389,controlled_perturbation_study,CTChest,perspective,tp_-141.15_-53.01_-92.41,Far,3,CTChest__perspective__tp_-141.15_-53.01_-92.41__shot2_46.99__shot3m3m1_43.10__shot3m3m2_67.87,Medium,2,46.99,43.1,67.87,-141.149,-53.012,-92.40821838,257.458001463925,target-only,1.0,13,1,0,1.2331344369929602,2.0452295574329256,0.2904532512463627,0.071782862323354,0.0709637085853143,1,1
experiment_results1.csv,perturbation_run,perturbation_gap,1,2026-04-21T20:42:48+08:00,20260421_204248_719586,controlled_perturbation_study,CTChest,perspective,tp_-141.15_-53.01_-92.41,Far,3,CTChest__perspective__tp_-141.15_-53.01_-92.41__shot2_46.99__shot3m3m1_43.10__shot3m3m2_67.87,Medium,2,46.99,43.1,67.87,-141.149,-53.012,-92.40821838,257.458001463925,target-only,1.0,14,1,0,1.4858095617528528,2.2950281254590603,0.8066820753916846,0.071782862323354,0.0709637085853143,1,1
experiment_results1.csv,perturbation_run,perturbation_gap,1,2026-04-21T20:42:49+08:00,20260421_204249_017549,controlled_perturbation_study,CTChest,perspective,tp_-141.15_-53.01_-92.41,Far,3,CTChest__perspective__tp_-141.15_-53.01_-92.41__shot2_46.99__shot3m3m1_43.10__shot3m3m2_67.87,Medium,2,46.99,43.1,67.87,-141.149,-53.012,-92.40821838,257.458001463925,target-only,1.0,15,1,0,0.9160869930328236,0.7952104927098482,0.7919919632330324,0.071782862323354,0.0709637085853143,1,1
experiment_results1.csv,perturbation_run,perturbation_gap,1,2026-04-21T20:42:49+08:00,20260421_204249_330469,controlled_perturbation_study,CTChest,perspective,tp_-141.15_-53.01_-92.41,Far,3,CTChest__perspective__tp_-141.15_-53.01_-92.41__shot2_46.99__shot3m3m1_43.10__shot3m3m2_67.87,Medium,2,46.99,43.1,67.87,-141.149,-53.012,-92.40821838,257.458001463925,target-only,1.0,16,1,0,1.1419156765118208,1.4974699443783794,0.8188931719218084,0.071782862323354,0.0709637085853143,1,1
experiment_results1.csv,perturbation_run,perturbation_gap,1,2026-04-21T20:42:49+08:00,20260421_204249_635079,controlled_perturbation_study,CTChest,perspective,tp_-141.15_-53.01_-92.41,Far,3,CTChest__perspective__tp_-141.15_-53.01_-92.41__shot2_46.99__shot3m3m1_43.10__shot3m3m2_67.87,Medium,2,46.99,43.1,67.87,-141.149,-53.012,-92.40821838,257.458001463925,target-only,1.0,17,1,0,0.4642651316385608,0.8363760717024343,0.2628424591045789,0.071782862323354,0.0709637085853143,1,1
experiment_results1.csv,perturbation_run,perturbation_gap,1,2026-04-21T20:42:49+08:00,20260421_204249_953706,controlled_perturbation_study,CTChest,perspective,tp_-141.15_-53.01_-92.41,Far,3,CTChest__perspective__tp_-141.15_-53.01_-92.41__shot2_46.99__shot3m3m1_43.10__shot3m3m2_67.87,Medium,2,46.99,43.1,67.87,-141.149,-53.012,-92.40821838,257.458001463925,target-only,1.0,18,1,0,0.9345104237211412,0.956208794977198,0.3113865824524323,0.071782862323354,0.0709637085853143,1,1
experiment_results1.csv,perturbation_run,perturbation_gap,1,2026-04-21T20:42:50+08:00,20260421_204250_271016,controlled_perturbation_study,CTChest,perspective,tp_-141.15_-53.01_-92.41,Far,3,CTChest__perspective__tp_-141.15_-53.01_-92.41__shot2_46.99__shot3m3m1_43.10__shot3m3m2_67.87,Medium,2,46.99,43.1,67.87,-141.149,-53.012,-92.40821838,257.458001463925,target-only,1.0,19,1,0,1.0074477869754386,1.0639756969365952,0.2488322910610201,0.071782862323354,0.0709637085853143,1,1
experiment_results1.csv,perturbation_run,perturbation_gap,1,2026-04-21T20:42:50+08:00,20260421_204250_601278,controlled_perturbation_study,CTChest,perspective,tp_-141.15_-53.01_-92.41,Far,3,CTChest__perspective__tp_-141.15_-53.01_-92.41__shot2_46.99__shot3m3m1_43.10__shot3m3m2_67.87,Medium,2,46.99,43.1,67.87,-141.149,-53.012,-92.40821838,257.458001463925,target-only,1.0,20,1,0,1.007059996920442,1.674011499521669,0.852708140978412,0.071782862323354,0.0709637085853143,1,1
experiment_results1.csv,perturbation_run,perturbation_gap,1,2026-04-21T20:42:50+08:00,20260421_204250_934536,controlled_perturbation_study,CTChest,perspective,tp_-141.15_-53.01_-92.41,Far,3,CTChest__perspective__tp_-141.15_-53.01_-92.41__shot2_46.99__shot3m3m1_43.10__shot3m3m2_67.87,Medium,2,46.99,43.1,67.87,-141.149,-53.012,-92.40821838,257.458001463925,target-only,1.0,21,1,0,1.9521000423219224,1.4886732862281171,0.3176617482335818,0.071782862323354,0.0709637085853143,1,1
experiment_results1.csv,perturbation_run,perturbation_gap,1,2026-04-21T20:42:51+08:00,20260421_204251_274370,controlled_perturbation_study,CTChest,perspective,tp_-141.15_-53.01_-92.41,Far,3,CTChest__perspective__tp_-141.15_-53.01_-92.41__shot2_46.99__shot3m3m1_43.10__shot3m3m2_67.87,Medium,2,46.99,43.1,67.87,-141.149,-53.012,-92.40821838,257.458001463925,target-only,1.0,22,1,0,0.6503687470790612,0.8128665025597704,0.2523106314604764,0.071782862323354,0.0709637085853143,1,1
experiment_results1.csv,perturbation_run,perturbation_gap,1,2026-04-21T20:42:51+08:00,20260421_204251_621512,controlled_perturbation_study,CTChest,perspective,tp_-141.15_-53.01_-92.41,Far,3,CTChest__perspective__tp_-141.15_-53.01_-92.41__shot2_46.99__shot3m3m1_43.10__shot3m3m2_67.87,Medium,2,46.99,43.1,67.87,-141.149,-53.012,-92.40821838,257.458001463925,target-only,1.0,23,1,0,1.9666830461924387,3.239413815996236,0.4659411436308357,0.071782862323354,0.0709637085853143,1,1
experiment_results1.csv,perturbation_run,perturbation_gap,1,2026-04-21T20:42:51+08:00,20260421_204251_984227,controlled_perturbation_study,CTChest,perspective,tp_-141.15_-53.01_-92.41,Far,3,CTChest__perspective__tp_-141.15_-53.01_-92.41__shot2_46.99__shot3m3m1_43.10__shot3m3m2_67.87,Medium,2,46.99,43.1,67.87,-141.149,-53.012,-92.40821838,257.458001463925,target-only,1.0,24,1,0,0.1737042616769471,0.3566687092367865,1.32545756234535,0.071782862323354,0.0709637085853143,1,1
experiment_results1.csv,perturbation_run,perturbation_gap,1,2026-04-21T20:42:52+08:00,20260421_204252_359518,controlled_perturbation_study,CTChest,perspective,tp_-141.15_-53.01_-92.41,Far,3,CTChest__perspective__tp_-141.15_-53.01_-92.41__shot2_46.99__shot3m3m1_43.10__shot3m3m2_67.87,Medium,2,46.99,43.1,67.87,-141.149,-53.012,-92.40821838,257.458001463925,target-only,1.0,25,1,0,0.6757165450732993,0.7096068486934209,1.1592266009371373,0.071782862323354,0.0709637085853143,1,1
experiment_results1.csv,perturbation_run,perturbation_gap,1,2026-04-21T20:42:52+08:00,20260421_204252_749136,controlled_perturbation_study,CTChest,perspective,tp_-141.15_-53.01_-92.41,Far,3,CTChest__perspective__tp_-141.15_-53.01_-92.41__shot2_46.99__shot3m3m1_43.10__shot3m3m2_67.87,Medium,2,46.99,43.1,67.87,-141.149,-53.012,-92.40821838,257.458001463925,target-only,1.0,26,1,0,4.1420809974709165,5.523016613356703,0.2201099504862116,0.071782862323354,0.0709637085853143,1,1
experiment_results1.csv,perturbation_run,perturbation_gap,1,2026-04-21T20:42:53+08:00,20260421_204253_137053,controlled_perturbation_study,CTChest,perspective,tp_-141.15_-53.01_-92.41,Far,3,CTChest__perspective__tp_-141.15_-53.01_-92.41__shot2_46.99__shot3m3m1_43.10__shot3m3m2_67.87,Medium,2,46.99,43.1,67.87,-141.149,-53.012,-92.40821838,257.458001463925,target-only,1.0,27,1,0,2.15238020881634,2.336789149503182,0.0215424743027967,0.071782862323354,0.0709637085853143,1,1
experiment_results1.csv,perturbation_run,perturbation_gap,1,2026-04-21T20:42:53+08:00,20260421_204253_524606,controlled_perturbation_study,CTChest,perspective,tp_-141.15_-53.01_-92.41,Far,3,CTChest__perspective__tp_-141.15_-53.01_-92.41__shot2_46.99__shot3m3m1_43.10__shot3m3m2_67.87,Medium,2,46.99,43.1,67.87,-141.149,-53.012,-92.40821838,257.458001463925,target-only,1.0,28,1,0,0.7501385241332517,0.60272456015965,0.461791740278946,0.071782862323354,0.0709637085853143,1,1
experiment_results1.csv,perturbation_run,perturbation_gap,1,2026-04-21T20:42:53+08:00,20260421_204253_924697,controlled_perturbation_study,CTChest,perspective,tp_-141.15_-53.01_-92.41,Far,3,CTChest__perspective__tp_-141.15_-53.01_-92.41__shot2_46.99__shot3m3m1_43.10__shot3m3m2_67.87,Medium,2,46.99,43.1,67.87,-141.149,-53.012,-92.40821838,257.458001463925,target-only,1.0,29,1,0,0.9204455285173384,1.5717051965653492,0.2852821493789841,0.071782862323354,0.0709637085853143,1,1
experiment_results1.csv,perturbation_run,perturbation_gap,1,2026-04-21T20:42:54+08:00,20260421_204254_325388,controlled_perturbation_study,CTChest,perspective,tp_-141.15_-53.01_-92.41,Far,3,CTChest__perspective__tp_-141.15_-53.01_-92.41__shot2_46.99__shot3m3m1_43.10__shot3m3m2_67.87,Medium,2,46.99,43.1,67.87,-141.149,-53.012,-92.40821838,257.458001463925,target-only,1.0,30,1,0,0.7431642784708159,0.9064594246241066,0.2474438746595404,0.071782862323354,0.0709637085853143,1,1
experiment_results1.csv,perturbation_run,perturbation_gap,1,2026-04-21T20:42:54+08:00,20260421_204254_745007,controlled_perturbation_study,CTChest,perspective,tp_-141.15_-53.01_-92.41,Far,3,CTChest__perspective__tp_-141.15_-53.01_-92.41__shot2_46.99__shot3m3m1_43.10__shot3m3m2_67.87,Medium,2,46.99,43.1,67.87,-141.149,-53.012,-92.40821838,257.458001463925,target-only,1.0,31,1,0,1.752533219651278,2.60947439380858,1.45417756214239,0.071782862323354,0.0709637085853143,1,1
experiment_results1.csv,perturbation_run,perturbation_gap,1,2026-04-21T20:42:55+08:00,20260421_204255_156221,controlled_perturbation_study,CTChest,perspective,tp_-141.15_-53.01_-92.41,Far,3,CTChest__perspective__tp_-141.15_-53.01_-92.41__shot2_46.99__shot3m3m1_43.10__shot3m3m2_67.87,Medium,2,46.99,43.1,67.87,-141.149,-53.012,-92.40821838,257.458001463925,target-only,1.0,32,1,0,4.72529127085359,6.4105806431074,0.4798828359478789,0.071782862323354,0.0709637085853143,1,1
experiment_results1.csv,perturbation_run,perturbation_gap,1,2026-04-21T20:42:55+08:00,20260421_204255_584130,controlled_perturbation_study,CTChest,perspective,tp_-141.15_-53.01_-92.41,Far,3,CTChest__perspective__tp_-141.15_-53.01_-92.41__shot2_46.99__shot3m3m1_43.10__shot3m3m2_67.87,Medium,2,46.99,43.1,67.87,-141.149,-53.012,-92.40821838,257.458001463925,target-only,1.0,33,1,0,1.9156722329152969,1.861378607590056,0.3335043882397638,0.071782862323354,0.0709637085853143,1,1
experiment_results1.csv,perturbation_run,perturbation_gap,1,2026-04-21T20:42:55+08:00,20260421_204255_955547,controlled_perturbation_study,CTChest,perspective,tp_-141.15_-53.01_-92.41,Far,3,CTChest__perspective__tp_-141.15_-53.01_-92.41__shot2_46.99__shot3m3m1_43.10__shot3m3m2_67.87,Medium,2,46.99,43.1,67.87,-141.149,-53.012,-92.40821838,257.458001463925,target-only,1.0,34,1,0,0.4793507930942464,0.5190278596138459,0.379694767736607,0.071782862323354,0.0709637085853143,1,1
experiment_results1.csv,perturbation_run,perturbation_gap,1,2026-04-21T20:42:56+08:00,20260421_204256_326614,controlled_perturbation_study,CTChest,perspective,tp_-141.15_-53.01_-92.41,Far,3,CTChest__perspective__tp_-141.15_-53.01_-92.41__shot2_46.99__shot3m3m1_43.10__shot3m3m2_67.87,Medium,2,46.99,43.1,67.87,-141.149,-53.012,-92.40821838,257.458001463925,target-only,1.0,35,1,0,0.7245915505702446,1.1547531747674709,0.4882350786486,0.071782862323354,0.0709637085853143,1,1
experiment_results1.csv,perturbation_run,perturbation_gap,1,2026-04-21T20:42:56+08:00,20260421_204256_775528,controlled_perturbation_study,CTChest,perspective,tp_-141.15_-53.01_-92.41,Far,3,CTChest__perspective__tp_-141.15_-53.01_-92.41__shot2_46.99__shot3m3m1_43.10__shot3m3m2_67.87,Medium,2,46.99,43.1,67.87,-141.149,-53.012,-92.40821838,257.458001463925,target-only,1.0,36,1,0,3.599223507181446,5.310710514669975,1.083680096752972,0.071782862323354,0.0709637085853143,1,1
experiment_results1.csv,perturbation_run,perturbation_gap,1,2026-04-21T20:42:57+08:00,20260421_204257_235096,controlled_perturbation_study,CTChest,perspective,tp_-141.15_-53.01_-92.41,Far,3,CTChest__perspective__tp_-141.15_-53.01_-92.41__shot2_46.99__shot3m3m1_43.10__shot3m3m2_67.87,Medium,2,46.99,43.1,67.87,-141.149,-53.012,-92.40821838,257.458001463925,target-only,1.0,37,1,0,1.433059461096814,2.08261257374134,0.9864175108681512,0.071782862323354,0.0709637085853143,1,1
experiment_results1.csv,perturbation_run,perturbation_gap,1,2026-04-21T20:42:57+08:00,20260421_204257_690033,controlled_perturbation_study,CTChest,perspective,tp_-141.15_-53.01_-92.41,Far,3,CTChest__perspective__tp_-141.15_-53.01_-92.41__shot2_46.99__shot3m3m1_43.10__shot3m3m2_67.87,Medium,2,46.99,43.1,67.87,-141.149,-53.012,-92.40821838,257.458001463925,target-only,1.0,38,1,0,3.305395514710154,3.2638736451203614,0.7477181603100467,0.071782862323354,0.0709637085853143,1,1
experiment_results1.csv,perturbation_run,perturbation_gap,1,2026-04-21T20:42:58+08:00,20260421_204258_138630,controlled_perturbation_study,CTChest,perspective,tp_-141.15_-53.01_-92.41,Far,3,CTChest__perspective__tp_-141.15_-53.01_-92.41__shot2_46.99__shot3m3m1_43.10__shot3m3m2_67.87,Medium,2,46.99,43.1,67.87,-141.149,-53.012,-92.40821838,257.458001463925,target-only,1.0,39,1,0,1.869577430270076,2.109278536912869,0.242879670029162,0.071782862323354,0.0709637085853143,1,1
experiment_results1.csv,perturbation_run,perturbation_gap,1,2026-04-21T20:42:58+08:00,20260421_204258_593145,controlled_perturbation_study,CTChest,perspective,tp_-141.15_-53.01_-92.41,Far,3,CTChest__perspective__tp_-141.15_-53.01_-92.41__shot2_46.99__shot3m3m1_43.10__shot3m3m2_67.87,Medium,2,46.99,43.1,67.87,-141.149,-53.012,-92.40821838,257.458001463925,target-only,1.0,40,1,0,1.036212021805263,1.7110898875388114,0.9910060035093526,0.071782862323354,0.0709637085853143,1,1
experiment_results1.csv,perturbation_run,perturbation_gap,1,2026-04-21T20:42:59+08:00,20260421_204259_055060,controlled_perturbation_study,CTChest,perspective,tp_-141.15_-53.01_-92.41,Far,3,CTChest__perspective__tp_-141.15_-53.01_-92.41__shot2_46.99__shot3m3m1_43.10__shot3m3m2_67.87,Medium,2,46.99,43.1,67.87,-141.149,-53.012,-92.40821838,257.458001463925,target-only,1.0,41,1,0,1.198070760452108,2.011754236153117,0.9048549199972848,0.071782862323354,0.0709637085853143,1,1
experiment_results1.csv,perturbation_run,perturbation_gap,1,2026-04-21T20:42:59+08:00,20260421_204259_511156,controlled_perturbation_study,CTChest,perspective,tp_-141.15_-53.01_-92.41,Far,3,CTChest__perspective__tp_-141.15_-53.01_-92.41__shot2_46.99__shot3m3m1_43.10__shot3m3m2_67.87,Medium,2,46.99,43.1,67.87,-141.149,-53.012,-92.40821838,257.458001463925,target-only,1.0,42,1,0,2.3027708783428182,3.510224135391861,0.2367118154715489,0.071782862323354,0.0709637085853143,1,1
experiment_results1.csv,perturbation_run,perturbation_gap,1,2026-04-21T20:42:59+08:00,20260421_204259_967618,controlled_perturbation_study,CTChest,perspective,tp_-141.15_-53.01_-92.41,Far,3,CTChest__perspective__tp_-141.15_-53.01_-92.41__shot2_46.99__shot3m3m1_43.10__shot3m3m2_67.87,Medium,2,46.99,43.1,67.87,-141.149,-53.012,-92.40821838,257.458001463925,target-only,1.0,43,1,0,0.3235175495575769,0.0596642593240059,0.7855096389742069,0.071782862323354,0.0709637085853143,1,1
experiment_results1.csv,perturbation_run,perturbation_gap,1,2026-04-21T20:43:00+08:00,20260421_204300_363296,controlled_perturbation_study,CTChest,perspective,tp_-141.15_-53.01_-92.41,Far,3,CTChest__perspective__tp_-141.15_-53.01_-92.41__shot2_46.99__shot3m3m1_43.10__shot3m3m2_67.87,Medium,2,46.99,43.1,67.87,-141.149,-53.012,-92.40821838,257.458001463925,target-only,1.0,44,1,0,3.231650042489067,4.079012356492041,0.1470572039100549,0.071782862323354,0.0709637085853143,1,1
experiment_results1.csv,perturbation_run,perturbation_gap,1,2026-04-21T20:43:00+08:00,20260421_204300_818864,controlled_perturbation_study,CTChest,perspective,tp_-141.15_-53.01_-92.41,Far,3,CTChest__perspective__tp_-141.15_-53.01_-92.41__shot2_46.99__shot3m3m1_43.10__shot3m3m2_67.87,Medium,2,46.99,43.1,67.87,-141.149,-53.012,-92.40821838,257.458001463925,target-only,1.0,45,1,0,2.4309520860708305,3.0094051524801184,1.0248855064035371,0.071782862323354,0.0709637085853143,1,1
experiment_results1.csv,perturbation_run,perturbation_gap,1,2026-04-21T20:43:01+08:00,20260421_204301_175093,controlled_perturbation_study,CTChest,perspective,tp_-141.15_-53.01_-92.41,Far,3,CTChest__perspective__tp_-141.15_-53.01_-92.41__shot2_46.99__shot3m3m1_43.10__shot3m3m2_67.87,Medium,2,46.99,43.1,67.87,-141.149,-53.012,-92.40821838,257.458001463925,target-only,1.0,46,1,0,2.168831967660272,2.971603466085526,0.4115370662508045,0.071782862323354,0.0709637085853143,1,1
experiment_results1.csv,perturbation_run,perturbation_gap,1,2026-04-21T20:43:01+08:00,20260421_204301_480772,controlled_perturbation_study,CTChest,perspective,tp_-141.15_-53.01_-92.41,Far,3,CTChest__perspective__tp_-141.15_-53.01_-92.41__shot2_46.99__shot3m3m1_43.10__shot3m3m2_67.87,Medium,2,46.99,43.1,67.87,-141.149,-53.012,-92.40821838,257.458001463925,target-only,1.0,47,1,0,2.3432336531089004,3.723918629435738,0.6178898866870002,0.071782862323354,0.0709637085853143,1,1
experiment_results1.csv,perturbation_run,perturbation_gap,1,2026-04-21T20:43:01+08:00,20260421_204301_774132,controlled_perturbation_study,CTChest,perspective,tp_-141.15_-53.01_-92.41,Far,3,CTChest__perspective__tp_-141.15_-53.01_-92.41__shot2_46.99__shot3m3m1_43.10__shot3m3m2_67.87,Medium,2,46.99,43.1,67.87,-141.149,-53.012,-92.40821838,257.458001463925,target-only,1.0,48,1,0,0.7798263097544877,1.0809061040061638,0.8064614689151053,0.071782862323354,0.0709637085853143,1,1
experiment_results1.csv,perturbation_run,perturbation_gap,1,2026-04-21T20:43:02+08:00,20260421_204302_056353,controlled_perturbation_study,CTChest,perspective,tp_-141.15_-53.01_-92.41,Far,3,CTChest__perspective__tp_-141.15_-53.01_-92.41__shot2_46.99__shot3m3m1_43.10__shot3m3m2_67.87,Medium,2,46.99,43.1,67.87,-141.149,-53.012,-92.40821838,257.458001463925,target-only,1.0,49,1,0,1.3794552936192936,2.424994068817161,0.5518834070796022,0.071782862323354,0.0709637085853143,1,1
experiment_results1.csv,perturbation_run,perturbation_gap,1,2026-04-21T20:43:02+08:00,20260421_204302_346086,controlled_perturbation_study,CTChest,perspective,tp_-141.15_-53.01_-92.41,Far,3,CTChest__perspective__tp_-141.15_-53.01_-92.41__shot2_46.99__shot3m3m1_43.10__shot3m3m2_67.87,Medium,2,46.99,43.1,67.87,-141.149,-53.012,-92.40821838,257.458001463925,target-only,1.0,50,1,0,1.218299723632399,0.84970874122038,2.1396138308368755,0.071782862323354,0.0709637085853143,1,1
experiment_results1.csv,perturbation_run,perturbation_gap,1,2026-04-21T20:43:07+08:00,20260421_204307_647215,controlled_perturbation_study,CTChest,perspective,tp_-141.15_-53.01_-92.41,Far,3,CTChest__perspective__tp_-141.15_-53.01_-92.41__shot2_46.99__shot3m3m1_43.10__shot3m3m2_67.87,Medium,2,46.99,43.1,67.87,-141.149,-53.012,-92.40821838,257.458001463925,target-only,0.5,1,1,0,0.8592385246201891,1.4813494446822106,0.1552921117935131,0.071782862323354,0.0709637085853143,1,1
experiment_results1.csv,perturbation_run,perturbation_gap,1,2026-04-21T20:43:07+08:00,20260421_204307_939082,controlled_perturbation_study,CTChest,perspective,tp_-141.15_-53.01_-92.41,Far,3,CTChest__perspective__tp_-141.15_-53.01_-92.41__shot2_46.99__shot3m3m1_43.10__shot3m3m2_67.87,Medium,2,46.99,43.1,67.87,-141.149,-53.012,-92.40821838,257.458001463925,target-only,0.5,2,1,0,1.5122528026928497,2.148839990939746,0.8833974008969624,0.071782862323354,0.0709637085853143,1,1
experiment_results1.csv,perturbation_run,perturbation_gap,1,2026-04-21T20:43:08+08:00,20260421_204308_235450,controlled_perturbation_study,CTChest,perspective,tp_-141.15_-53.01_-92.41,Far,3,CTChest__perspective__tp_-141.15_-53.01_-92.41__shot2_46.99__shot3m3m1_43.10__shot3m3m2_67.87,Medium,2,46.99,43.1,67.87,-141.149,-53.012,-92.40821838,257.458001463925,target-only,0.5,3,1,0,0.2349473748137302,0.1038152063353614,0.4880814833539467,0.071782862323354,0.0709637085853143,1,1
experiment_results1.csv,perturbation_run,perturbation_gap,1,2026-04-21T20:43:08+08:00,20260421_204308_537699,controlled_perturbation_study,CTChest,perspective,tp_-141.15_-53.01_-92.41,Far,3,CTChest__perspective__tp_-141.15_-53.01_-92.41__shot2_46.99__shot3m3m1_43.10__shot3m3m2_67.87,Medium,2,46.99,43.1,67.87,-141.149,-53.012,-92.40821838,257.458001463925,target-only,0.5,4,1,0,2.74394604414633,3.685975885990836,0.2835513934304133,0.071782862323354,0.0709637085853143,1,1
experiment_results1.csv,perturbation_run,perturbation_gap,1,2026-04-21T20:43:08+08:00,20260421_204308_793938,controlled_perturbation_study,CTChest,perspective,tp_-141.15_-53.01_-92.41,Far,3,CTChest__perspective__tp_-141.15_-53.01_-92.41__shot2_46.99__shot3m3m1_43.10__shot3m3m2_67.87,Medium,2,46.99,43.1,67.87,-141.149,-53.012,-92.40821838,257.458001463925,target-only,0.5,5,1,0,0.3696879489315483,0.701463457310712,1.1514762297626933,0.071782862323354,0.0709637085853143,1,1
experiment_results1.csv,perturbation_run,perturbation_gap,1,2026-04-21T20:43:09+08:00,20260421_204309_080876,controlled_perturbation_study,CTChest,perspective,tp_-141.15_-53.01_-92.41,Far,3,CTChest__perspective__tp_-141.15_-53.01_-92.41__shot2_46.99__shot3m3m1_43.10__shot3m3m2_67.87,Medium,2,46.99,43.1,67.87,-141.149,-53.012,-92.40821838,257.458001463925,target-only,0.5,6,1,0,0.5993811081352927,0.9866221179315108,0.3523030241315711,0.071782862323354,0.0709637085853143,1,1
experiment_results1.csv,perturbation_run,perturbation_gap,1,2026-04-21T20:43:09+08:00,20260421_204309_379589,controlled_perturbation_study,CTChest,perspective,tp_-141.15_-53.01_-92.41,Far,3,CTChest__perspective__tp_-141.15_-53.01_-92.41__shot2_46.99__shot3m3m1_43.10__shot3m3m2_67.87,Medium,2,46.99,43.1,67.87,-141.149,-53.012,-92.40821838,257.458001463925,target-only,0.5,7,1,0,0.5420288552232152,0.6551390799060433,0.501933961959091,0.071782862323354,0.0709637085853143,1,1
experiment_results1.csv,perturbation_run,perturbation_gap,1,2026-04-21T20:43:09+08:00,20260421_204309_672709,controlled_perturbation_study,CTChest,perspective,tp_-141.15_-53.01_-92.41,Far,3,CTChest__perspective__tp_-141.15_-53.01_-92.41__shot2_46.99__shot3m3m1_43.10__shot3m3m2_67.87,Medium,2,46.99,43.1,67.87,-141.149,-53.012,-92.40821838,257.458001463925,target-only,0.5,8,1,0,0.5588955856061149,0.5858865000425943,0.6640576353783834,0.071782862323354,0.0709637085853143,1,1
experiment_results1.csv,perturbation_run,perturbation_gap,1,2026-04-21T20:43:09+08:00,20260421_204309_970286,controlled_perturbation_study,CTChest,perspective,tp_-141.15_-53.01_-92.41,Far,3,CTChest__perspective__tp_-141.15_-53.01_-92.41__shot2_46.99__shot3m3m1_43.10__shot3m3m2_67.87,Medium,2,46.99,43.1,67.87,-141.149,-53.012,-92.40821838,257.458001463925,target-only,0.5,9,1,0,0.1555681632223039,0.226525438185094,0.1358610155643577,0.071782862323354,0.0709637085853143,1,1
experiment_results1.csv,perturbation_run,perturbation_gap,1,2026-04-21T20:43:10+08:00,20260421_204310_235815,controlled_perturbation_study,CTChest,perspective,tp_-141.15_-53.01_-92.41,Far,3,CTChest__perspective__tp_-141.15_-53.01_-92.41__shot2_46.99__shot3m3m1_43.10__shot3m3m2_67.87,Medium,2,46.99,43.1,67.87,-141.149,-53.012,-92.40821838,257.458001463925,target-only,0.5,10,1,0,0.8111083270810118,0.9545675527703092,0.7077933808102026,0.071782862323354,0.0709637085853143,1,1
experiment_results1.csv,perturbation_run,perturbation_gap,1,2026-04-21T20:43:10+08:00,20260421_204310_530241,controlled_perturbation_study,CTChest,perspective,tp_-141.15_-53.01_-92.41,Far,3,CTChest__perspective__tp_-141.15_-53.01_-92.41__shot2_46.99__shot3m3m1_43.10__shot3m3m2_67.87,Medium,2,46.99,43.1,67.87,-141.149,-53.012,-92.40821838,257.458001463925,target-only,0.5,11,1,0,0.9145315382760058,1.556869053028921,0.5529642635462223,0.071782862323354,0.0709637085853143,1,1
experiment_results1.csv,perturbation_run,perturbation_gap,1,2026-04-21T20:43:10+08:00,20260421_204310_837225,controlled_perturbation_study,CTChest,perspective,tp_-141.15_-53.01_-92.41,Far,3,CTChest__perspective__tp_-141.15_-53.01_-92.41__shot2_46.99__shot3m3m1_43.10__shot3m3m2_67.87,Medium,2,46.99,43.1,67.87,-141.149,-53.012,-92.40821838,257.458001463925,target-only,0.5,12,1,0,1.2462310142266082,2.0626623958893626,0.5745141552398476,0.071782862323354,0.0709637085853143,1,1
experiment_results1.csv,perturbation_run,perturbation_gap,1,2026-04-21T20:43:11+08:00,20260421_204311_139109,controlled_perturbation_study,CTChest,perspective,tp_-141.15_-53.01_-92.41,Far,3,CTChest__perspective__tp_-141.15_-53.01_-92.41__shot2_46.99__shot3m3m1_43.10__shot3m3m2_67.87,Medium,2,46.99,43.1,67.87,-141.149,-53.012,-92.40821838,257.458001463925,target-only,0.5,13,1,0,0.6598213931673476,1.1082986211771513,0.478904618740341,0.071782862323354,0.0709637085853143,1,1
experiment_results1.csv,perturbation_run,perturbation_gap,1,2026-04-21T20:43:11+08:00,20260421_204311_456570,controlled_perturbation_study,CTChest,perspective,tp_-141.15_-53.01_-92.41,Far,3,CTChest__perspective__tp_-141.15_-53.01_-92.41__shot2_46.99__shot3m3m1_43.10__shot3m3m2_67.87,Medium,2,46.99,43.1,67.87,-141.149,-53.012,-92.40821838,257.458001463925,target-only,0.5,14,1,0,1.181523504511951,1.304835969822165,0.7426914217774531,0.071782862323354,0.0709637085853143,1,1
experiment_results1.csv,perturbation_run,perturbation_gap,1,2026-04-21T20:43:11+08:00,20260421_204311_771370,controlled_perturbation_study,CTChest,perspective,tp_-141.15_-53.01_-92.41,Far,3,CTChest__perspective__tp_-141.15_-53.01_-92.41__shot2_46.99__shot3m3m1_43.10__shot3m3m2_67.87,Medium,2,46.99,43.1,67.87,-141.149,-53.012,-92.40821838,257.458001463925,target-only,0.5,15,1,0,2.086534890354257,2.866474246029453,0.1232378527428727,0.071782862323354,0.0709637085853143,1,1
experiment_results1.csv,perturbation_run,perturbation_gap,1,2026-04-21T20:43:12+08:00,20260421_204312_093738,controlled_perturbation_study,CTChest,perspective,tp_-141.15_-53.01_-92.41,Far,3,CTChest__perspective__tp_-141.15_-53.01_-92.41__shot2_46.99__shot3m3m1_43.10__shot3m3m2_67.87,Medium,2,46.99,43.1,67.87,-141.149,-53.012,-92.40821838,257.458001463925,target-only,0.5,16,1,0,0.915884797150702,1.603762345755101,0.7808898818417276,0.071782862323354,0.0709637085853143,1,1
experiment_results1.csv,perturbation_run,perturbation_gap,1,2026-04-21T20:43:12+08:00,20260421_204312_482821,controlled_perturbation_study,CTChest,perspective,tp_-141.15_-53.01_-92.41,Far,3,CTChest__perspective__tp_-141.15_-53.01_-92.41__shot2_46.99__shot3m3m1_43.10__shot3m3m2_67.87,Medium,2,46.99,43.1,67.87,-141.149,-53.012,-92.40821838,257.458001463925,target-only,0.5,17,1,0,0.7864007882880975,1.2995639602348144,0.690648782235419,0.071782862323354,0.0709637085853143,1,1
experiment_results1.csv,perturbation_run,perturbation_gap,1,2026-04-21T20:43:12+08:00,20260421_204312_828975,controlled_perturbation_study,CTChest,perspective,tp_-141.15_-53.01_-92.41,Far,3,CTChest__perspective__tp_-141.15_-53.01_-92.41__shot2_46.99__shot3m3m1_43.10__shot3m3m2_67.87,Medium,2,46.99,43.1,67.87,-141.149,-53.012,-92.40821838,257.458001463925,target-only,0.5,18,1,0,0.4694507146717679,0.8022711578255197,0.133022153648968,0.071782862323354,0.0709637085853143,1,1
experiment_results1.csv,perturbation_run,perturbation_gap,1,2026-04-21T20:43:13+08:00,20260421_204313_128667,controlled_perturbation_study,CTChest,perspective,tp_-141.15_-53.01_-92.41,Far,3,CTChest__perspective__tp_-141.15_-53.01_-92.41__shot2_46.99__shot3m3m1_43.10__shot3m3m2_67.87,Medium,2,46.99,43.1,67.87,-141.149,-53.012,-92.40821838,257.458001463925,target-only,0.5,19,1,0,1.5955064077767576,2.3842900338882296,0.6020442501928691,0.071782862323354,0.0709637085853143,1,1
experiment_results1.csv,perturbation_run,perturbation_gap,1,2026-04-21T20:43:13+08:00,20260421_204313_489149,controlled_perturbation_study,CTChest,perspective,tp_-141.15_-53.01_-92.41,Far,3,CTChest__perspective__tp_-141.15_-53.01_-92.41__shot2_46.99__shot3m3m1_43.10__shot3m3m2_67.87,Medium,2,46.99,43.1,67.87,-141.149,-53.012,-92.40821838,257.458001463925,target-only,0.5,20,1,0,0.1527853195352405,0.2344522024286351,0.147589338578297,0.071782862323354,0.0709637085853143,1,1
experiment_results1.csv,perturbation_run,perturbation_gap,1,2026-04-21T20:43:13+08:00,20260421_204313_856750,controlled_perturbation_study,CTChest,perspective,tp_-141.15_-53.01_-92.41,Far,3,CTChest__perspective__tp_-141.15_-53.01_-92.41__shot2_46.99__shot3m3m1_43.10__shot3m3m2_67.87,Medium,2,46.99,43.1,67.87,-141.149,-53.012,-92.40821838,257.458001463925,target-only,0.5,21,1,0,0.2765878900825047,0.5290113967675,0.0520336982749325,0.071782862323354,0.0709637085853143,1,1
experiment_results1.csv,perturbation_run,perturbation_gap,1,2026-04-21T20:43:14+08:00,20260421_204314_237034,controlled_perturbation_study,CTChest,perspective,tp_-141.15_-53.01_-92.41,Far,3,CTChest__perspective__tp_-141.15_-53.01_-92.41__shot2_46.99__shot3m3m1_43.10__shot3m3m2_67.87,Medium,2,46.99,43.1,67.87,-141.149,-53.012,-92.40821838,257.458001463925,target-only,0.5,22,1,0,0.5877403081698004,1.010972392338573,0.2556673128434941,0.071782862323354,0.0709637085853143,1,1
experiment_results1.csv,perturbation_run,perturbation_gap,1,2026-04-21T20:43:14+08:00,20260421_204314_624701,controlled_perturbation_study,CTChest,perspective,tp_-141.15_-53.01_-92.41,Far,3,CTChest__perspective__tp_-141.15_-53.01_-92.41__shot2_46.99__shot3m3m1_43.10__shot3m3m2_67.87,Medium,2,46.99,43.1,67.87,-141.149,-53.012,-92.40821838,257.458001463925,target-only,0.5,23,1,0,0.3435415323453468,0.7711366018995865,0.783492438667888,0.071782862323354,0.0709637085853143,1,1
experiment_results1.csv,perturbation_run,perturbation_gap,1,2026-04-21T20:43:15+08:00,20260421_204315_020555,controlled_perturbation_study,CTChest,perspective,tp_-141.15_-53.01_-92.41,Far,3,CTChest__perspective__tp_-141.15_-53.01_-92.41__shot2_46.99__shot3m3m1_43.10__shot3m3m2_67.87,Medium,2,46.99,43.1,67.87,-141.149,-53.012,-92.40821838,257.458001463925,target-only,0.5,24,1,0,1.119432384754733,2.002866471717877,0.6590506128116738,0.071782862323354,0.0709637085853143,1,1
experiment_results1.csv,perturbation_run,perturbation_gap,1,2026-04-21T20:43:15+08:00,20260421_204315_429237,controlled_perturbation_study,CTChest,perspective,tp_-141.15_-53.01_-92.41,Far,3,CTChest__perspective__tp_-141.15_-53.01_-92.41__shot2_46.99__shot3m3m1_43.10__shot3m3m2_67.87,Medium,2,46.99,43.1,67.87,-141.149,-53.012,-92.40821838,257.458001463925,target-only,0.5,25,1,0,1.7759681249635273,2.210972277712351,0.526239413251016,0.071782862323354,0.0709637085853143,1,1
experiment_results1.csv,perturbation_run,perturbation_gap,1,2026-04-21T20:43:15+08:00,20260421_204315_785874,controlled_perturbation_study,CTChest,perspective,tp_-141.15_-53.01_-92.41,Far,3,CTChest__perspective__tp_-141.15_-53.01_-92.41__shot2_46.99__shot3m3m1_43.10__shot3m3m2_67.87,Medium,2,46.99,43.1,67.87,-141.149,-53.012,-92.40821838,257.458001463925,target-only,0.5,26,1,0,0.1773074790713476,0.3668083283833784,0.1249122188836839,0.071782862323354,0.0709637085853143,1,1
experiment_results1.csv,perturbation_run,perturbation_gap,1,2026-04-21T20:43:16+08:00,20260421_204316_203511,controlled_perturbation_study,CTChest,perspective,tp_-141.15_-53.01_-92.41,Far,3,CTChest__perspective__tp_-141.15_-53.01_-92.41__shot2_46.99__shot3m3m1_43.10__shot3m3m2_67.87,Medium,2,46.99,43.1,67.87,-141.149,-53.012,-92.40821838,257.458001463925,target-only,0.5,27,1,0,0.8277090013137575,0.8480945798354709,0.0414672507594469,0.071782862323354,0.0709637085853143,1,1
experiment_results1.csv,perturbation_run,perturbation_gap,1,2026-04-21T20:43:16+08:00,20260421_204316_641496,controlled_perturbation_study,CTChest,perspective,tp_-141.15_-53.01_-92.41,Far,3,CTChest__perspective__tp_-141.15_-53.01_-92.41__shot2_46.99__shot3m3m1_43.10__shot3m3m2_67.87,Medium,2,46.99,43.1,67.87,-141.149,-53.012,-92.40821838,257.458001463925,target-only,0.5,28,1,0,0.8874219616079947,1.4214638494731728,0.2655458823849431,0.071782862323354,0.0709637085853143,1,1
experiment_results1.csv,perturbation_run,perturbation_gap,1,2026-04-21T20:43:17+08:00,20260421_204317_072856,controlled_perturbation_study,CTChest,perspective,tp_-141.15_-53.01_-92.41,Far,3,CTChest__perspective__tp_-141.15_-53.01_-92.41__shot2_46.99__shot3m3m1_43.10__shot3m3m2_67.87,Medium,2,46.99,43.1,67.87,-141.149,-53.012,-92.40821838,257.458001463925,target-only,0.5,29,1,0,0.7132835604447522,1.3651661086118168,0.8361515081514244,0.071782862323354,0.0709637085853143,1,1
experiment_results1.csv,perturbation_run,perturbation_gap,1,2026-04-21T20:43:17+08:00,20260421_204317_512414,controlled_perturbation_study,CTChest,perspective,tp_-141.15_-53.01_-92.41,Far,3,CTChest__perspective__tp_-141.15_-53.01_-92.41__shot2_46.99__shot3m3m1_43.10__shot3m3m2_67.87,Medium,2,46.99,43.1,67.87,-141.149,-53.012,-92.40821838,257.458001463925,target-only,0.5,30,1,0,1.4425918344231974,2.111710781751812,0.1959239055396628,0.071782862323354,0.0709637085853143,1,1
experiment_results1.csv,perturbation_run,perturbation_gap,1,2026-04-21T20:43:17+08:00,20260421_204317_964510,controlled_perturbation_study,CTChest,perspective,tp_-141.15_-53.01_-92.41,Far,3,CTChest__perspective__tp_-141.15_-53.01_-92.41__shot2_46.99__shot3m3m1_43.10__shot3m3m2_67.87,Medium,2,46.99,43.1,67.87,-141.149,-53.012,-92.40821838,257.458001463925,target-only,0.5,31,1,0,0.9945658539895326,1.339905960649498,0.1629647526337681,0.071782862323354,0.0709637085853143,1,1
experiment_results1.csv,perturbation_run,perturbation_gap,1,2026-04-21T20:43:18+08:00,20260421_204318_417170,controlled_perturbation_study,CTChest,perspective,tp_-141.15_-53.01_-92.41,Far,3,CTChest__perspective__tp_-141.15_-53.01_-92.41__shot2_46.99__shot3m3m1_43.10__shot3m3m2_67.87,Medium,2,46.99,43.1,67.87,-141.149,-53.012,-92.40821838,257.458001463925,target-only,0.5,32,1,0,0.3546632096586199,0.7734111278895653,0.106713896732545,0.071782862323354,0.0709637085853143,1,1
experiment_results1.csv,perturbation_run,perturbation_gap,1,2026-04-21T20:43:18+08:00,20260421_204318_875513,controlled_perturbation_study,CTChest,perspective,tp_-141.15_-53.01_-92.41,Far,3,CTChest__perspective__tp_-141.15_-53.01_-92.41__shot2_46.99__shot3m3m1_43.10__shot3m3m2_67.87,Medium,2,46.99,43.1,67.87,-141.149,-53.012,-92.40821838,257.458001463925,target-only,0.5,33,1,0,0.5027478385361652,0.6012211118902441,0.7519512458265354,0.071782862323354,0.0709637085853143,1,1
experiment_results1.csv,perturbation_run,perturbation_gap,1,2026-04-21T20:43:19+08:00,20260421_204319_336627,controlled_perturbation_study,CTChest,perspective,tp_-141.15_-53.01_-92.41,Far,3,CTChest__perspective__tp_-141.15_-53.01_-92.41__shot2_46.99__shot3m3m1_43.10__shot3m3m2_67.87,Medium,2,46.99,43.1,67.87,-141.149,-53.012,-92.40821838,257.458001463925,target-only,0.5,34,1,0,1.0340977601199888,1.446722406751813,0.4908085175732529,0.071782862323354,0.0709637085853143,1,1
experiment_results1.csv,perturbation_run,perturbation_gap,1,2026-04-21T20:43:19+08:00,20260421_204319_784573,controlled_perturbation_study,CTChest,perspective,tp_-141.15_-53.01_-92.41,Far,3,CTChest__perspective__tp_-141.15_-53.01_-92.41__shot2_46.99__shot3m3m1_43.10__shot3m3m2_67.87,Medium,2,46.99,43.1,67.87,-141.149,-53.012,-92.40821838,257.458001463925,target-only,0.5,35,1,0,0.8095994631902773,1.2229572284581856,0.2997947360120002,0.071782862323354,0.0709637085853143,1,1
experiment_results1.csv,perturbation_run,perturbation_gap,1,2026-04-21T20:43:20+08:00,20260421_204320_234516,controlled_perturbation_study,CTChest,perspective,tp_-141.15_-53.01_-92.41,Far,3,CTChest__perspective__tp_-141.15_-53.01_-92.41__shot2_46.99__shot3m3m1_43.10__shot3m3m2_67.87,Medium,2,46.99,43.1,67.87,-141.149,-53.012,-92.40821838,257.458001463925,target-only,0.5,36,1,0,0.3613117421094138,0.4148864222623371,0.0070221911353034,0.071782862323354,0.0709637085853143,1,1
experiment_results1.csv,perturbation_run,perturbation_gap,1,2026-04-21T20:43:20+08:00,20260421_204320_696859,controlled_perturbation_study,CTChest,perspective,tp_-141.15_-53.01_-92.41,Far,3,CTChest__perspective__tp_-141.15_-53.01_-92.41__shot2_46.99__shot3m3m1_43.10__shot3m3m2_67.87,Medium,2,46.99,43.1,67.87,-141.149,-53.012,-92.40821838,257.458001463925,target-only,0.5,37,1,0,0.9725393997369138,1.185642827795469,0.8165016194950556,0.071782862323354,0.0709637085853143,1,1
experiment_results1.csv,perturbation_run,perturbation_gap,1,2026-04-21T20:43:21+08:00,20260421_204321_147376,controlled_perturbation_study,CTChest,perspective,tp_-141.15_-53.01_-92.41,Far,3,CTChest__perspective__tp_-141.15_-53.01_-92.41__shot2_46.99__shot3m3m1_43.10__shot3m3m2_67.87,Medium,2,46.99,43.1,67.87,-141.149,-53.012,-92.40821838,257.458001463925,target-only,0.5,38,1,0,0.5867772512848194,0.8547327420754913,0.696821048124894,0.071782862323354,0.0709637085853143,1,1
experiment_results1.csv,perturbation_run,perturbation_gap,1,2026-04-21T20:43:21+08:00,20260421_204321_609843,controlled_perturbation_study,CTChest,perspective,tp_-141.15_-53.01_-92.41,Far,3,CTChest__perspective__tp_-141.15_-53.01_-92.41__shot2_46.99__shot3m3m1_43.10__shot3m3m2_67.87,Medium,2,46.99,43.1,67.87,-141.149,-53.012,-92.40821838,257.458001463925,target-only,0.5,39,1,0,1.7452214154197498,2.562344574430868,0.4056950396274682,0.071782862323354,0.0709637085853143,1,1
experiment_results1.csv,perturbation_run,perturbation_gap,1,2026-04-21T20:43:22+08:00,20260421_204322_077549,controlled_perturbation_study,CTChest,perspective,tp_-141.15_-53.01_-92.41,Far,3,CTChest__perspective__tp_-141.15_-53.01_-92.41__shot2_46.99__shot3m3m1_43.10__shot3m3m2_67.87,Medium,2,46.99,43.1,67.87,-141.149,-53.012,-92.40821838,257.458001463925,target-only,0.5,40,1,0,1.0960021834338458,1.7387221230769414,0.3186891158222176,0.071782862323354,0.0709637085853143,1,1
experiment_results1.csv,perturbation_run,perturbation_gap,1,2026-04-21T20:43:22+08:00,20260421_204322_533632,controlled_perturbation_study,CTChest,perspective,tp_-141.15_-53.01_-92.41,Far,3,CTChest__perspective__tp_-141.15_-53.01_-92.41__shot2_46.99__shot3m3m1_43.10__shot3m3m2_67.87,Medium,2,46.99,43.1,67.87,-141.149,-53.012,-92.40821838,257.458001463925,target-only,0.5,41,1,0,0.5699228597449689,0.6594503751540355,0.0871816837234486,0.071782862323354,0.0709637085853143,1,1
experiment_results1.csv,perturbation_run,perturbation_gap,1,2026-04-21T20:43:22+08:00,20260421_204322_991841,controlled_perturbation_study,CTChest,perspective,tp_-141.15_-53.01_-92.41,Far,3,CTChest__perspective__tp_-141.15_-53.01_-92.41__shot2_46.99__shot3m3m1_43.10__shot3m3m2_67.87,Medium,2,46.99,43.1,67.87,-141.149,-53.012,-92.40821838,257.458001463925,target-only,0.5,42,1,0,1.0312229171965706,1.2975086092974084,0.9314588741861224,0.071782862323354,0.0709637085853143,1,1
experiment_results1.csv,perturbation_run,perturbation_gap,1,2026-04-21T20:43:23+08:00,20260421_204323_382945,controlled_perturbation_study,CTChest,perspective,tp_-141.15_-53.01_-92.41,Far,3,CTChest__perspective__tp_-141.15_-53.01_-92.41__shot2_46.99__shot3m3m1_43.10__shot3m3m2_67.87,Medium,2,46.99,43.1,67.87,-141.149,-53.012,-92.40821838,257.458001463925,target-only,0.5,43,1,0,0.5781573826048758,1.0941211153906267,0.4033768091526204,0.071782862323354,0.0709637085853143,1,1
experiment_results1.csv,perturbation_run,perturbation_gap,1,2026-04-21T20:43:23+08:00,20260421_204323_830795,controlled_perturbation_study,CTChest,perspective,tp_-141.15_-53.01_-92.41,Far,3,CTChest__perspective__tp_-141.15_-53.01_-92.41__shot2_46.99__shot3m3m1_43.10__shot3m3m2_67.87,Medium,2,46.99,43.1,67.87,-141.149,-53.012,-92.40821838,257.458001463925,target-only,0.5,44,1,0,0.5406429995912857,0.9431150138148728,0.0564654985943862,0.071782862323354,0.0709637085853143,1,1
experiment_results1.csv,perturbation_run,perturbation_gap,1,2026-04-21T20:43:24+08:00,20260421_204324_284825,controlled_perturbation_study,CTChest,perspective,tp_-141.15_-53.01_-92.41,Far,3,CTChest__perspective__tp_-141.15_-53.01_-92.41__shot2_46.99__shot3m3m1_43.10__shot3m3m2_67.87,Medium,2,46.99,43.1,67.87,-141.149,-53.012,-92.40821838,257.458001463925,target-only,0.5,45,1,0,1.1435602689104307,1.4908270962540526,0.1479213173098466,0.071782862323354,0.0709637085853143,1,1
experiment_results1.csv,perturbation_run,perturbation_gap,1,2026-04-21T20:43:24+08:00,20260421_204324_743248,controlled_perturbation_study,CTChest,perspective,tp_-141.15_-53.01_-92.41,Far,3,CTChest__perspective__tp_-141.15_-53.01_-92.41__shot2_46.99__shot3m3m1_43.10__shot3m3m2_67.87,Medium,2,46.99,43.1,67.87,-141.149,-53.012,-92.40821838,257.458001463925,target-only,0.5,46,1,0,1.254688819623219,1.53462062578431,0.2157588504622579,0.071782862323354,0.0709637085853143,1,1
experiment_results1.csv,perturbation_run,perturbation_gap,1,2026-04-21T20:43:25+08:00,20260421_204325_131993,controlled_perturbation_study,CTChest,perspective,tp_-141.15_-53.01_-92.41,Far,3,CTChest__perspective__tp_-141.15_-53.01_-92.41__shot2_46.99__shot3m3m1_43.10__shot3m3m2_67.87,Medium,2,46.99,43.1,67.87,-141.149,-53.012,-92.40821838,257.458001463925,target-only,0.5,47,1,0,0.4882333642628319,0.4819676090189229,0.1720287313033783,0.071782862323354,0.0709637085853143,1,1
experiment_results1.csv,perturbation_run,perturbation_gap,1,2026-04-21T20:43:25+08:00,20260421_204325_584429,controlled_perturbation_study,CTChest,perspective,tp_-141.15_-53.01_-92.41,Far,3,CTChest__perspective__tp_-141.15_-53.01_-92.41__shot2_46.99__shot3m3m1_43.10__shot3m3m2_67.87,Medium,2,46.99,43.1,67.87,-141.149,-53.012,-92.40821838,257.458001463925,target-only,0.5,48,1,0,1.076935059463931,0.8818207192298475,0.437679192899935,0.071782862323354,0.0709637085853143,1,1
experiment_results1.csv,perturbation_run,perturbation_gap,1,2026-04-21T20:43:26+08:00,20260421_204326_050403,controlled_perturbation_study,CTChest,perspective,tp_-141.15_-53.01_-92.41,Far,3,CTChest__perspective__tp_-141.15_-53.01_-92.41__shot2_46.99__shot3m3m1_43.10__shot3m3m2_67.87,Medium,2,46.99,43.1,67.87,-141.149,-53.012,-92.40821838,257.458001463925,target-only,0.5,49,1,0,1.286381431897514,1.894904365411453,0.2008044873727613,0.071782862323354,0.0709637085853143,1,1
experiment_results1.csv,perturbation_run,perturbation_gap,1,2026-04-21T20:43:26+08:00,20260421_204326_438886,controlled_perturbation_study,CTChest,perspective,tp_-141.15_-53.01_-92.41,Far,3,CTChest__perspective__tp_-141.15_-53.01_-92.41__shot2_46.99__shot3m3m1_43.10__shot3m3m2_67.87,Medium,2,46.99,43.1,67.87,-141.149,-53.012,-92.40821838,257.458001463925,target-only,0.5,50,1,0,1.9058222056531269,2.9135125578638266,0.0242790827036337,0.071782862323354,0.0709637085853143,1,1
experiment_results1.csv,perturbation_run,perturbation_gap,1,2026-04-21T20:43:36+08:00,20260421_204336_919277,controlled_perturbation_study,CTChest,perspective,tp_-141.15_-53.01_-92.41,Far,3,CTChest__perspective__tp_-141.15_-53.01_-92.41__shot2_46.99__shot3m3m1_43.10__shot3m3m2_67.87,Medium,2,46.99,43.1,67.87,-141.149,-53.012,-92.40821838,257.458001463925,marker-only,0.5,1,1,0,1.94914431161387,2.6790747341764054,1.471249750849325,0.071782862323354,0.5096565501860659,1,1
experiment_results1.csv,perturbation_run,perturbation_gap,1,2026-04-21T20:43:37+08:00,20260421_204337_239405,controlled_perturbation_study,CTChest,perspective,tp_-141.15_-53.01_-92.41,Far,3,CTChest__perspective__tp_-141.15_-53.01_-92.41__shot2_46.99__shot3m3m1_43.10__shot3m3m2_67.87,Medium,2,46.99,43.1,67.87,-141.149,-53.012,-92.40821838,257.458001463925,marker-only,0.5,2,1,0,7.846931634975407,12.335193753051405,0.6880475022712081,0.071782862323354,0.5095583556569364,1,1
experiment_results1.csv,perturbation_run,perturbation_gap,1,2026-04-21T20:43:37+08:00,20260421_204337_558426,controlled_perturbation_study,CTChest,perspective,tp_-141.15_-53.01_-92.41,Far,3,CTChest__perspective__tp_-141.15_-53.01_-92.41__shot2_46.99__shot3m3m1_43.10__shot3m3m2_67.87,Medium,2,46.99,43.1,67.87,-141.149,-53.012,-92.40821838,257.458001463925,marker-only,0.5,3,1,0,4.044611289522495,4.969238101599244,2.464585504554853,0.071782862323354,0.5358849608482387,1,1
experiment_results1.csv,perturbation_run,perturbation_gap,1,2026-04-21T20:43:37+08:00,20260421_204337_873508,controlled_perturbation_study,CTChest,perspective,tp_-141.15_-53.01_-92.41,Far,3,CTChest__perspective__tp_-141.15_-53.01_-92.41__shot2_46.99__shot3m3m1_43.10__shot3m3m2_67.87,Medium,2,46.99,43.1,67.87,-141.149,-53.012,-92.40821838,257.458001463925,marker-only,0.5,4,1,0,0.8566314752052374,1.5951818544991485,0.4586490731120254,0.071782862323354,0.5895320788730972,1,1
experiment_results1.csv,perturbation_run,perturbation_gap,1,2026-04-21T20:43:38+08:00,20260421_204338_193965,controlled_perturbation_study,CTChest,perspective,tp_-141.15_-53.01_-92.41,Far,3,CTChest__perspective__tp_-141.15_-53.01_-92.41__shot2_46.99__shot3m3m1_43.10__shot3m3m2_67.87,Medium,2,46.99,43.1,67.87,-141.149,-53.012,-92.40821838,257.458001463925,marker-only,0.5,5,1,0,3.089619081381094,5.007422146946248,3.496234671262052,0.071782862323354,0.5680199973660468,1,1
experiment_results1.csv,perturbation_run,perturbation_gap,1,2026-04-21T20:43:38+08:00,20260421_204338_522458,controlled_perturbation_study,CTChest,perspective,tp_-141.15_-53.01_-92.41,Far,3,CTChest__perspective__tp_-141.15_-53.01_-92.41__shot2_46.99__shot3m3m1_43.10__shot3m3m2_67.87,Medium,2,46.99,43.1,67.87,-141.149,-53.012,-92.40821838,257.458001463925,marker-only,0.5,6,1,0,4.031657347197024,7.082811896098383,2.413720447861363,0.071782862323354,0.4184962278333164,1,1
experiment_results1.csv,perturbation_run,perturbation_gap,1,2026-04-21T20:43:38+08:00,20260421_204338_851366,controlled_perturbation_study,CTChest,perspective,tp_-141.15_-53.01_-92.41,Far,3,CTChest__perspective__tp_-141.15_-53.01_-92.41__shot2_46.99__shot3m3m1_43.10__shot3m3m2_67.87,Medium,2,46.99,43.1,67.87,-141.149,-53.012,-92.40821838,257.458001463925,marker-only,0.5,7,1,0,4.32429307636969,4.509775386083968,0.1712984050683649,0.071782862323354,0.5488764514768318,1,1
experiment_results1.csv,perturbation_run,perturbation_gap,1,2026-04-21T20:43:39+08:00,20260421_204339_168369,controlled_perturbation_study,CTChest,perspective,tp_-141.15_-53.01_-92.41,Far,3,CTChest__perspective__tp_-141.15_-53.01_-92.41__shot2_46.99__shot3m3m1_43.10__shot3m3m2_67.87,Medium,2,46.99,43.1,67.87,-141.149,-53.012,-92.40821838,257.458001463925,marker-only,0.5,8,1,0,2.1511089231909817,2.9547191489500846,3.1867437879748906,0.071782862323354,0.5899677533913068,1,1
experiment_results1.csv,perturbation_run,perturbation_gap,1,2026-04-21T20:43:39+08:00,20260421_204339_485876,controlled_perturbation_study,CTChest,perspective,tp_-141.15_-53.01_-92.41,Far,3,CTChest__perspective__tp_-141.15_-53.01_-92.41__shot2_46.99__shot3m3m1_43.10__shot3m3m2_67.87,Medium,2,46.99,43.1,67.87,-141.149,-53.012,-92.40821838,257.458001463925,marker-only,0.5,9,1,0,2.6298363860118403,4.354010423487935,0.4755542217196101,0.071782862323354,0.617529931278388,1,1
experiment_results1.csv,perturbation_run,perturbation_gap,1,2026-04-21T20:43:39+08:00,20260421_204339_804639,controlled_perturbation_study,CTChest,perspective,tp_-141.15_-53.01_-92.41,Far,3,CTChest__perspective__tp_-141.15_-53.01_-92.41__shot2_46.99__shot3m3m1_43.10__shot3m3m2_67.87,Medium,2,46.99,43.1,67.87,-141.149,-53.012,-92.40821838,257.458001463925,marker-only,0.5,10,1,0,3.445698170931629,5.322150900860209,1.0093211812685543,0.071782862323354,0.665191999274326,1,1
experiment_results1.csv,perturbation_run,perturbation_gap,1,2026-04-21T20:43:40+08:00,20260421_204340_125470,controlled_perturbation_study,CTChest,perspective,tp_-141.15_-53.01_-92.41,Far,3,CTChest__perspective__tp_-141.15_-53.01_-92.41__shot2_46.99__shot3m3m1_43.10__shot3m3m2_67.87,Medium,2,46.99,43.1,67.87,-141.149,-53.012,-92.40821838,257.458001463925,marker-only,0.5,11,1,0,0.966231918470046,1.875427371958291,2.013262475857733,0.071782862323354,0.5884455438934967,1,1
experiment_results1.csv,perturbation_run,perturbation_gap,1,2026-04-21T20:43:40+08:00,20260421_204340_454334,controlled_perturbation_study,CTChest,perspective,tp_-141.15_-53.01_-92.41,Far,3,CTChest__perspective__tp_-141.15_-53.01_-92.41__shot2_46.99__shot3m3m1_43.10__shot3m3m2_67.87,Medium,2,46.99,43.1,67.87,-141.149,-53.012,-92.40821838,257.458001463925,marker-only,0.5,12,1,0,3.782053743497313,8.961349646905003,1.3590030046659072,0.071782862323354,0.6571629727835335,1,1
experiment_results1.csv,perturbation_run,perturbation_gap,1,2026-04-21T20:43:40+08:00,20260421_204340_780531,controlled_perturbation_study,CTChest,perspective,tp_-141.15_-53.01_-92.41,Far,3,CTChest__perspective__tp_-141.15_-53.01_-92.41__shot2_46.99__shot3m3m1_43.10__shot3m3m2_67.87,Medium,2,46.99,43.1,67.87,-141.149,-53.012,-92.40821838,257.458001463925,marker-only,0.5,13,1,0,2.0912162174733315,6.281798608059837,0.4498747381782142,0.071782862323354,0.5989664400542698,1,1
experiment_results1.csv,perturbation_run,perturbation_gap,1,2026-04-21T20:43:41+08:00,20260421_204341_117196,controlled_perturbation_study,CTChest,perspective,tp_-141.15_-53.01_-92.41,Far,3,CTChest__perspective__tp_-141.15_-53.01_-92.41__shot2_46.99__shot3m3m1_43.10__shot3m3m2_67.87,Medium,2,46.99,43.1,67.87,-141.149,-53.012,-92.40821838,257.458001463925,marker-only,0.5,14,1,0,3.383265883327852,5.245066683668156,0.5056131013288226,0.071782862323354,0.6010978051278637,1,1
experiment_results1.csv,perturbation_run,perturbation_gap,1,2026-04-21T20:43:41+08:00,20260421_204341_455608,controlled_perturbation_study,CTChest,perspective,tp_-141.15_-53.01_-92.41,Far,3,CTChest__perspective__tp_-141.15_-53.01_-92.41__shot2_46.99__shot3m3m1_43.10__shot3m3m2_67.87,Medium,2,46.99,43.1,67.87,-141.149,-53.012,-92.40821838,257.458001463925,marker-only,0.5,15,1,0,3.0011919097395814,3.9985840567713535,0.6728452349141895,0.071782862323354,0.5568634324717602,1,1
experiment_results1.csv,perturbation_run,perturbation_gap,1,2026-04-21T20:43:41+08:00,20260421_204341_816951,controlled_perturbation_study,CTChest,perspective,tp_-141.15_-53.01_-92.41,Far,3,CTChest__perspective__tp_-141.15_-53.01_-92.41__shot2_46.99__shot3m3m1_43.10__shot3m3m2_67.87,Medium,2,46.99,43.1,67.87,-141.149,-53.012,-92.40821838,257.458001463925,marker-only,0.5,16,1,0,3.153393090554848,4.918812342672857,3.075646703923976,0.071782862323354,0.569292327389577,1,1
experiment_results1.csv,perturbation_run,perturbation_gap,1,2026-04-21T20:43:42+08:00,20260421_204342_177697,controlled_perturbation_study,CTChest,perspective,tp_-141.15_-53.01_-92.41,Far,3,CTChest__perspective__tp_-141.15_-53.01_-92.41__shot2_46.99__shot3m3m1_43.10__shot3m3m2_67.87,Medium,2,46.99,43.1,67.87,-141.149,-53.012,-92.40821838,257.458001463925,marker-only,0.5,17,1,0,4.7069362436279,7.995745517088294,1.66539576556456,0.071782862323354,0.5836652106234503,1,1
experiment_results1.csv,perturbation_run,perturbation_gap,1,2026-04-21T20:43:42+08:00,20260421_204342_552964,controlled_perturbation_study,CTChest,perspective,tp_-141.15_-53.01_-92.41,Far,3,CTChest__perspective__tp_-141.15_-53.01_-92.41__shot2_46.99__shot3m3m1_43.10__shot3m3m2_67.87,Medium,2,46.99,43.1,67.87,-141.149,-53.012,-92.40821838,257.458001463925,marker-only,0.5,18,1,0,5.384246958490856,5.608777043967205,0.6190255908350395,0.071782862323354,0.5678232457829755,1,1
experiment_results1.csv,perturbation_run,perturbation_gap,1,2026-04-21T20:43:42+08:00,20260421_204342_937613,controlled_perturbation_study,CTChest,perspective,tp_-141.15_-53.01_-92.41,Far,3,CTChest__perspective__tp_-141.15_-53.01_-92.41__shot2_46.99__shot3m3m1_43.10__shot3m3m2_67.87,Medium,2,46.99,43.1,67.87,-141.149,-53.012,-92.40821838,257.458001463925,marker-only,0.5,19,1,0,2.076674447382864,2.339934964460104,2.7829240901420604,0.071782862323354,0.6176204540420568,1,1
experiment_results1.csv,perturbation_run,perturbation_gap,1,2026-04-21T20:43:43+08:00,20260421_204343_326043,controlled_perturbation_study,CTChest,perspective,tp_-141.15_-53.01_-92.41,Far,3,CTChest__perspective__tp_-141.15_-53.01_-92.41__shot2_46.99__shot3m3m1_43.10__shot3m3m2_67.87,Medium,2,46.99,43.1,67.87,-141.149,-53.012,-92.40821838,257.458001463925,marker-only,0.5,20,1,0,1.1461432771912343,5.017499250938066,1.3585599679746008,0.071782862323354,0.5669206932946681,1,1
experiment_results1.csv,perturbation_run,perturbation_gap,1,2026-04-21T20:43:43+08:00,20260421_204343_722235,controlled_perturbation_study,CTChest,perspective,tp_-141.15_-53.01_-92.41,Far,3,CTChest__perspective__tp_-141.15_-53.01_-92.41__shot2_46.99__shot3m3m1_43.10__shot3m3m2_67.87,Medium,2,46.99,43.1,67.87,-141.149,-53.012,-92.40821838,257.458001463925,marker-only,0.5,21,1,0,4.607091128177712,7.416627284431193,2.0651094169859348,0.071782862323354,0.5264333792234327,1,1
experiment_results1.csv,perturbation_run,perturbation_gap,1,2026-04-21T20:43:44+08:00,20260421_204344_146696,controlled_perturbation_study,CTChest,perspective,tp_-141.15_-53.01_-92.41,Far,3,CTChest__perspective__tp_-141.15_-53.01_-92.41__shot2_46.99__shot3m3m1_43.10__shot3m3m2_67.87,Medium,2,46.99,43.1,67.87,-141.149,-53.012,-92.40821838,257.458001463925,marker-only,0.5,22,1,0,1.4490930369986224,0.2275486259861814,1.838796898176975,0.071782862323354,0.5180334183884212,1,1
experiment_results1.csv,perturbation_run,perturbation_gap,1,2026-04-21T20:43:44+08:00,20260421_204344_577468,controlled_perturbation_study,CTChest,perspective,tp_-141.15_-53.01_-92.41,Far,3,CTChest__perspective__tp_-141.15_-53.01_-92.41__shot2_46.99__shot3m3m1_43.10__shot3m3m2_67.87,Medium,2,46.99,43.1,67.87,-141.149,-53.012,-92.40821838,257.458001463925,marker-only,0.5,23,1,0,2.1681988538348542,3.2020314287045224,2.9966863402123742,0.071782862323354,0.5927939380284527,1,1
experiment_results1.csv,perturbation_run,perturbation_gap,1,2026-04-21T20:43:45+08:00,20260421_204345_405827,controlled_perturbation_study,CTChest,perspective,tp_-141.15_-53.01_-92.41,Far,3,CTChest__perspective__tp_-141.15_-53.01_-92.41__shot2_46.99__shot3m3m1_43.10__shot3m3m2_67.87,Medium,2,46.99,43.1,67.87,-141.149,-53.012,-92.40821838,257.458001463925,marker-only,0.5,24,1,0,1.1043916385100674,2.0554458671500875,1.0374050391105278,0.071782862323354,0.6313782393982162,1,1
experiment_results1.csv,perturbation_run,perturbation_gap,1,2026-04-21T20:43:45+08:00,20260421_204345_851637,controlled_perturbation_study,CTChest,perspective,tp_-141.15_-53.01_-92.41,Far,3,CTChest__perspective__tp_-141.15_-53.01_-92.41__shot2_46.99__shot3m3m1_43.10__shot3m3m2_67.87,Medium,2,46.99,43.1,67.87,-141.149,-53.012,-92.40821838,257.458001463925,marker-only,0.5,25,1,0,5.219043925288608,6.131407727696979,0.9437017950345712,0.071782862323354,0.5794032946816032,1,1
experiment_results1.csv,perturbation_run,perturbation_gap,1,2026-04-21T20:43:46+08:00,20260421_204346_301632,controlled_perturbation_study,CTChest,perspective,tp_-141.15_-53.01_-92.41,Far,3,CTChest__perspective__tp_-141.15_-53.01_-92.41__shot2_46.99__shot3m3m1_43.10__shot3m3m2_67.87,Medium,2,46.99,43.1,67.87,-141.149,-53.012,-92.40821838,257.458001463925,marker-only,0.5,26,1,0,1.8457319764113405,4.630257775186145,1.648172610663233,0.071782862323354,0.6760346610003402,1,1
experiment_results1.csv,perturbation_run,perturbation_gap,1,2026-04-21T20:43:46+08:00,20260421_204346_757297,controlled_perturbation_study,CTChest,perspective,tp_-141.15_-53.01_-92.41,Far,3,CTChest__perspective__tp_-141.15_-53.01_-92.41__shot2_46.99__shot3m3m1_43.10__shot3m3m2_67.87,Medium,2,46.99,43.1,67.87,-141.149,-53.012,-92.40821838,257.458001463925,marker-only,0.5,27,1,0,1.6213722737282124,6.026243854683504,0.4038026966309542,0.071782862323354,0.5733856465656207,1,1
experiment_results1.csv,perturbation_run,perturbation_gap,1,2026-04-21T20:43:47+08:00,20260421_204347_204940,controlled_perturbation_study,CTChest,perspective,tp_-141.15_-53.01_-92.41,Far,3,CTChest__perspective__tp_-141.15_-53.01_-92.41__shot2_46.99__shot3m3m1_43.10__shot3m3m2_67.87,Medium,2,46.99,43.1,67.87,-141.149,-53.012,-92.40821838,257.458001463925,marker-only,0.5,28,1,0,6.545405797173272,7.947510616017886,1.5978063270372211,0.071782862323354,0.5577871578527391,1,1
experiment_results1.csv,perturbation_run,perturbation_gap,1,2026-04-21T20:43:47+08:00,20260421_204347_660025,controlled_perturbation_study,CTChest,perspective,tp_-141.15_-53.01_-92.41,Far,3,CTChest__perspective__tp_-141.15_-53.01_-92.41__shot2_46.99__shot3m3m1_43.10__shot3m3m2_67.87,Medium,2,46.99,43.1,67.87,-141.149,-53.012,-92.40821838,257.458001463925,marker-only,0.5,29,1,0,1.8813216927915168,4.757879407385335,0.2952226557981873,0.071782862323354,0.5327496224528308,1,1
experiment_results1.csv,perturbation_run,perturbation_gap,1,2026-04-21T20:43:48+08:00,20260421_204348_115537,controlled_perturbation_study,CTChest,perspective,tp_-141.15_-53.01_-92.41,Far,3,CTChest__perspective__tp_-141.15_-53.01_-92.41__shot2_46.99__shot3m3m1_43.10__shot3m3m2_67.87,Medium,2,46.99,43.1,67.87,-141.149,-53.012,-92.40821838,257.458001463925,marker-only,0.5,30,1,0,4.401417887050148,7.399029421110024,1.1116325820418749,0.071782862323354,0.5827240516432021,1,1
experiment_results1.csv,perturbation_run,perturbation_gap,1,2026-04-21T20:43:48+08:00,20260421_204348_563507,controlled_perturbation_study,CTChest,perspective,tp_-141.15_-53.01_-92.41,Far,3,CTChest__perspective__tp_-141.15_-53.01_-92.41__shot2_46.99__shot3m3m1_43.10__shot3m3m2_67.87,Medium,2,46.99,43.1,67.87,-141.149,-53.012,-92.40821838,257.458001463925,marker-only,0.5,31,1,0,3.0237560552843594,2.886793454476696,2.346343067035746,0.071782862323354,0.5377906656234184,1,1
experiment_results1.csv,perturbation_run,perturbation_gap,1,2026-04-21T20:43:49+08:00,20260421_204349_027444,controlled_perturbation_study,CTChest,perspective,tp_-141.15_-53.01_-92.41,Far,3,CTChest__perspective__tp_-141.15_-53.01_-92.41__shot2_46.99__shot3m3m1_43.10__shot3m3m2_67.87,Medium,2,46.99,43.1,67.87,-141.149,-53.012,-92.40821838,257.458001463925,marker-only,0.5,32,1,0,2.090060085757857,3.8077301637285057,1.6183886871752975,0.071782862323354,0.5827952343611381,1,1
experiment_results1.csv,perturbation_run,perturbation_gap,1,2026-04-21T20:43:49+08:00,20260421_204349_491401,controlled_perturbation_study,CTChest,perspective,tp_-141.15_-53.01_-92.41,Far,3,CTChest__perspective__tp_-141.15_-53.01_-92.41__shot2_46.99__shot3m3m1_43.10__shot3m3m2_67.87,Medium,2,46.99,43.1,67.87,-141.149,-53.012,-92.40821838,257.458001463925,marker-only,0.5,33,1,0,3.8859827528067328,5.225302067035743,2.7530280610721407,0.071782862323354,0.7139744425387663,1,1
experiment_results1.csv,perturbation_run,perturbation_gap,1,2026-04-21T20:43:49+08:00,20260421_204349_962188,controlled_perturbation_study,CTChest,perspective,tp_-141.15_-53.01_-92.41,Far,3,CTChest__perspective__tp_-141.15_-53.01_-92.41__shot2_46.99__shot3m3m1_43.10__shot3m3m2_67.87,Medium,2,46.99,43.1,67.87,-141.149,-53.012,-92.40821838,257.458001463925,marker-only,0.5,34,1,0,1.7378152342034656,6.348407033668612,2.6161503148577303,0.071782862323354,0.595342932434641,1,1
experiment_results1.csv,perturbation_run,perturbation_gap,1,2026-04-21T20:43:50+08:00,20260421_204350_450846,controlled_perturbation_study,CTChest,perspective,tp_-141.15_-53.01_-92.41,Far,3,CTChest__perspective__tp_-141.15_-53.01_-92.41__shot2_46.99__shot3m3m1_43.10__shot3m3m2_67.87,Medium,2,46.99,43.1,67.87,-141.149,-53.012,-92.40821838,257.458001463925,marker-only,0.5,35,1,0,0.7839805751922901,4.445510430906406,1.2321912885901345,0.071782862323354,0.6067766568046807,1,1
experiment_results1.csv,perturbation_run,perturbation_gap,1,2026-04-21T20:43:50+08:00,20260421_204350_934379,controlled_perturbation_study,CTChest,perspective,tp_-141.15_-53.01_-92.41,Far,3,CTChest__perspective__tp_-141.15_-53.01_-92.41__shot2_46.99__shot3m3m1_43.10__shot3m3m2_67.87,Medium,2,46.99,43.1,67.87,-141.149,-53.012,-92.40821838,257.458001463925,marker-only,0.5,36,1,0,5.004837588258306,8.734806507306494,1.48445582297309,0.071782862323354,0.6213452650633232,1,1
experiment_results1.csv,perturbation_run,perturbation_gap,1,2026-04-21T20:43:51+08:00,20260421_204351_415405,controlled_perturbation_study,CTChest,perspective,tp_-141.15_-53.01_-92.41,Far,3,CTChest__perspective__tp_-141.15_-53.01_-92.41__shot2_46.99__shot3m3m1_43.10__shot3m3m2_67.87,Medium,2,46.99,43.1,67.87,-141.149,-53.012,-92.40821838,257.458001463925,marker-only,0.5,37,1,0,2.476398074573498,2.9154536313994632,5.438290098120878,0.071782862323354,0.4346594960899865,1,1
experiment_results1.csv,perturbation_run,perturbation_gap,1,2026-04-21T20:43:51+08:00,20260421_204351_896846,controlled_perturbation_study,CTChest,perspective,tp_-141.15_-53.01_-92.41,Far,3,CTChest__perspective__tp_-141.15_-53.01_-92.41__shot2_46.99__shot3m3m1_43.10__shot3m3m2_67.87,Medium,2,46.99,43.1,67.87,-141.149,-53.012,-92.40821838,257.458001463925,marker-only,0.5,38,1,0,2.788562159540571,5.921076817109137,0.676764505732363,0.071782862323354,0.5968247925076916,1,1
experiment_results1.csv,perturbation_run,perturbation_gap,1,2026-04-21T20:43:52+08:00,20260421_204352_389073,controlled_perturbation_study,CTChest,perspective,tp_-141.15_-53.01_-92.41,Far,3,CTChest__perspective__tp_-141.15_-53.01_-92.41__shot2_46.99__shot3m3m1_43.10__shot3m3m2_67.87,Medium,2,46.99,43.1,67.87,-141.149,-53.012,-92.40821838,257.458001463925,marker-only,0.5,39,1,0,5.3629460479792135,6.12426811229291,2.116532099744057,0.071782862323354,0.6168022047730045,1,1
experiment_results1.csv,perturbation_run,perturbation_gap,1,2026-04-21T20:43:52+08:00,20260421_204352_870954,controlled_perturbation_study,CTChest,perspective,tp_-141.15_-53.01_-92.41,Far,3,CTChest__perspective__tp_-141.15_-53.01_-92.41__shot2_46.99__shot3m3m1_43.10__shot3m3m2_67.87,Medium,2,46.99,43.1,67.87,-141.149,-53.012,-92.40821838,257.458001463925,marker-only,0.5,40,1,0,6.038065631821334,5.146849729855719,1.4377867772761934,0.071782862323354,0.6598032349300588,1,1
experiment_results1.csv,perturbation_run,perturbation_gap,1,2026-04-21T20:43:53+08:00,20260421_204353_356337,controlled_perturbation_study,CTChest,perspective,tp_-141.15_-53.01_-92.41,Far,3,CTChest__perspective__tp_-141.15_-53.01_-92.41__shot2_46.99__shot3m3m1_43.10__shot3m3m2_67.87,Medium,2,46.99,43.1,67.87,-141.149,-53.012,-92.40821838,257.458001463925,marker-only,0.5,41,1,0,0.7623231763872763,0.0708780035376369,1.348154655485467,0.071782862323354,0.7128161048498297,1,1
experiment_results1.csv,perturbation_run,perturbation_gap,1,2026-04-21T20:43:53+08:00,20260421_204353_842549,controlled_perturbation_study,CTChest,perspective,tp_-141.15_-53.01_-92.41,Far,3,CTChest__perspective__tp_-141.15_-53.01_-92.41__shot2_46.99__shot3m3m1_43.10__shot3m3m2_67.87,Medium,2,46.99,43.1,67.87,-141.149,-53.012,-92.40821838,257.458001463925,marker-only,0.5,42,1,0,4.041596511232938,3.677482529061982,1.196857268955955,0.071782862323354,0.6236515081403978,1,1
experiment_results1.csv,perturbation_run,perturbation_gap,1,2026-04-21T20:43:54+08:00,20260421_204354_332729,controlled_perturbation_study,CTChest,perspective,tp_-141.15_-53.01_-92.41,Far,3,CTChest__perspective__tp_-141.15_-53.01_-92.41__shot2_46.99__shot3m3m1_43.10__shot3m3m2_67.87,Medium,2,46.99,43.1,67.87,-141.149,-53.012,-92.40821838,257.458001463925,marker-only,0.5,43,1,0,4.027979240573618,6.34227792051943,0.557219400158083,0.071782862323354,0.5678229826859685,1,1
experiment_results1.csv,perturbation_run,perturbation_gap,1,2026-04-21T20:43:54+08:00,20260421_204354_821660,controlled_perturbation_study,CTChest,perspective,tp_-141.15_-53.01_-92.41,Far,3,CTChest__perspective__tp_-141.15_-53.01_-92.41__shot2_46.99__shot3m3m1_43.10__shot3m3m2_67.87,Medium,2,46.99,43.1,67.87,-141.149,-53.012,-92.40821838,257.458001463925,marker-only,0.5,44,1,0,7.229030469831139,9.217815103093388,0.3200480027763728,0.071782862323354,0.5227540785995223,1,1
experiment_results1.csv,perturbation_run,perturbation_gap,1,2026-04-21T20:43:55+08:00,20260421_204355_311339,controlled_perturbation_study,CTChest,perspective,tp_-141.15_-53.01_-92.41,Far,3,CTChest__perspective__tp_-141.15_-53.01_-92.41__shot2_46.99__shot3m3m1_43.10__shot3m3m2_67.87,Medium,2,46.99,43.1,67.87,-141.149,-53.012,-92.40821838,257.458001463925,marker-only,0.5,45,1,0,5.025803387923246,4.811151735611775,1.4390911738913923,0.071782862323354,0.530894512244771,1,1
experiment_results1.csv,perturbation_run,perturbation_gap,1,2026-04-21T20:43:55+08:00,20260421_204355_803313,controlled_perturbation_study,CTChest,perspective,tp_-141.15_-53.01_-92.41,Far,3,CTChest__perspective__tp_-141.15_-53.01_-92.41__shot2_46.99__shot3m3m1_43.10__shot3m3m2_67.87,Medium,2,46.99,43.1,67.87,-141.149,-53.012,-92.40821838,257.458001463925,marker-only,0.5,46,1,0,2.147384673094351,5.866456936719719,1.075612333778546,0.071782862323354,0.6064272870082625,1,1
experiment_results1.csv,perturbation_run,perturbation_gap,1,2026-04-21T20:43:56+08:00,20260421_204356_290770,controlled_perturbation_study,CTChest,perspective,tp_-141.15_-53.01_-92.41,Far,3,CTChest__perspective__tp_-141.15_-53.01_-92.41__shot2_46.99__shot3m3m1_43.10__shot3m3m2_67.87,Medium,2,46.99,43.1,67.87,-141.149,-53.012,-92.40821838,257.458001463925,marker-only,0.5,47,1,0,5.251673203653627,6.379964725579984,3.526194791914082,0.071782862323354,0.582943171802719,1,1
experiment_results1.csv,perturbation_run,perturbation_gap,1,2026-04-21T20:43:56+08:00,20260421_204356_776607,controlled_perturbation_study,CTChest,perspective,tp_-141.15_-53.01_-92.41,Far,3,CTChest__perspective__tp_-141.15_-53.01_-92.41__shot2_46.99__shot3m3m1_43.10__shot3m3m2_67.87,Medium,2,46.99,43.1,67.87,-141.149,-53.012,-92.40821838,257.458001463925,marker-only,0.5,48,1,0,2.44077611271202,5.042047589783572,1.1511782807993696,0.071782862323354,0.5105017164655651,1,1
experiment_results1.csv,perturbation_run,perturbation_gap,1,2026-04-21T20:43:57+08:00,20260421_204357_263850,controlled_perturbation_study,CTChest,perspective,tp_-141.15_-53.01_-92.41,Far,3,CTChest__perspective__tp_-141.15_-53.01_-92.41__shot2_46.99__shot3m3m1_43.10__shot3m3m2_67.87,Medium,2,46.99,43.1,67.87,-141.149,-53.012,-92.40821838,257.458001463925,marker-only,0.5,49,1,0,3.618633945919231,4.48204714942541,3.300615235328505,0.071782862323354,0.5847873535501261,1,1
experiment_results1.csv,perturbation_run,perturbation_gap,1,2026-04-21T20:43:57+08:00,20260421_204357_757093,controlled_perturbation_study,CTChest,perspective,tp_-141.15_-53.01_-92.41,Far,3,CTChest__perspective__tp_-141.15_-53.01_-92.41__shot2_46.99__shot3m3m1_43.10__shot3m3m2_67.87,Medium,2,46.99,43.1,67.87,-141.149,-53.012,-92.40821838,257.458001463925,marker-only,0.5,50,1,0,5.991057205928177,5.817918980031863,0.9245931702174076,0.071782862323354,0.5978340784993681,1,1
experiment_results1.csv,perturbation_run,perturbation_gap,1,2026-04-21T20:44:05+08:00,20260421_204405_249458,controlled_perturbation_study,CTChest,perspective,tp_-141.15_-53.01_-92.41,Far,3,CTChest__perspective__tp_-141.15_-53.01_-92.41__shot2_46.99__shot3m3m1_43.10__shot3m3m2_67.87,Medium,2,46.99,43.1,67.87,-141.149,-53.012,-92.40821838,257.458001463925,marker-only,1.0,1,1,0,5.424845155750877,10.021771637663129,3.0200914389485662,0.071782862323354,1.3311339812572422,1,1
experiment_results1.csv,perturbation_run,perturbation_gap,1,2026-04-21T20:44:05+08:00,20260421_204405_580572,controlled_perturbation_study,CTChest,perspective,tp_-141.15_-53.01_-92.41,Far,3,CTChest__perspective__tp_-141.15_-53.01_-92.41__shot2_46.99__shot3m3m1_43.10__shot3m3m2_67.87,Medium,2,46.99,43.1,67.87,-141.149,-53.012,-92.40821838,257.458001463925,marker-only,1.0,2,1,0,1.6761601825777164,4.39763800334547,0.0003564884344491,0.071782862323354,1.3600100506939332,1,1
experiment_results1.csv,perturbation_run,perturbation_gap,1,2026-04-21T20:44:05+08:00,20260421_204405_904480,controlled_perturbation_study,CTChest,perspective,tp_-141.15_-53.01_-92.41,Far,3,CTChest__perspective__tp_-141.15_-53.01_-92.41__shot2_46.99__shot3m3m1_43.10__shot3m3m2_67.87,Medium,2,46.99,43.1,67.87,-141.149,-53.012,-92.40821838,257.458001463925,marker-only,1.0,3,1,0,5.019007130077769,5.281394443041901,1.6392331177855664,0.071782862323354,0.9789956879747702,1,1
experiment_results1.csv,perturbation_run,perturbation_gap,1,2026-04-21T20:44:06+08:00,20260421_204406_218137,controlled_perturbation_study,CTChest,perspective,tp_-141.15_-53.01_-92.41,Far,3,CTChest__perspective__tp_-141.15_-53.01_-92.41__shot2_46.99__shot3m3m1_43.10__shot3m3m2_67.87,Medium,2,46.99,43.1,67.87,-141.149,-53.012,-92.40821838,257.458001463925,marker-only,1.0,4,1,0,4.39796088787292,9.496932688999268,2.395694030739361,0.071782862323354,1.0491790612984997,1,1
experiment_results1.csv,perturbation_run,perturbation_gap,1,2026-04-21T20:44:06+08:00,20260421_204406_579013,controlled_perturbation_study,CTChest,perspective,tp_-141.15_-53.01_-92.41,Far,3,CTChest__perspective__tp_-141.15_-53.01_-92.41__shot2_46.99__shot3m3m1_43.10__shot3m3m2_67.87,Medium,2,46.99,43.1,67.87,-141.149,-53.012,-92.40821838,257.458001463925,marker-only,1.0,5,1,0,3.876645717253663,12.28175828591838,2.087170261844012,0.071782862323354,1.1469613043466542,1,1
experiment_results1.csv,perturbation_run,perturbation_gap,1,2026-04-21T20:44:06+08:00,20260421_204406_880994,controlled_perturbation_study,CTChest,perspective,tp_-141.15_-53.01_-92.41,Far,3,CTChest__perspective__tp_-141.15_-53.01_-92.41__shot2_46.99__shot3m3m1_43.10__shot3m3m2_67.87,Medium,2,46.99,43.1,67.87,-141.149,-53.012,-92.40821838,257.458001463925,marker-only,1.0,6,1,0,11.106476149820768,12.017443303142873,2.022429977656311,0.071782862323354,1.1245140722246252,1,1
experiment_results1.csv,perturbation_run,perturbation_gap,1,2026-04-21T20:44:07+08:00,20260421_204407_201728,controlled_perturbation_study,CTChest,perspective,tp_-141.15_-53.01_-92.41,Far,3,CTChest__perspective__tp_-141.15_-53.01_-92.41__shot2_46.99__shot3m3m1_43.10__shot3m3m2_67.87,Medium,2,46.99,43.1,67.87,-141.149,-53.012,-92.40821838,257.458001463925,marker-only,1.0,7,1,0,3.169579970430163,6.808773539414757,3.516788554706812,0.071782862323354,1.4113754886863408,1,1
experiment_results1.csv,perturbation_run,perturbation_gap,1,2026-04-21T20:44:07+08:00,20260421_204407_536493,controlled_perturbation_study,CTChest,perspective,tp_-141.15_-53.01_-92.41,Far,3,CTChest__perspective__tp_-141.15_-53.01_-92.41__shot2_46.99__shot3m3m1_43.10__shot3m3m2_67.87,Medium,2,46.99,43.1,67.87,-141.149,-53.012,-92.40821838,257.458001463925,marker-only,1.0,8,1,0,1.8409548352659608,2.76223372162906,2.219801993723145,0.071782862323354,1.2203353441263274,1,1
experiment_results1.csv,perturbation_run,perturbation_gap,1,2026-04-21T20:44:07+08:00,20260421_204407_863962,controlled_perturbation_study,CTChest,perspective,tp_-141.15_-53.01_-92.41,Far,3,CTChest__perspective__tp_-141.15_-53.01_-92.41__shot2_46.99__shot3m3m1_43.10__shot3m3m2_67.87,Medium,2,46.99,43.1,67.87,-141.149,-53.012,-92.40821838,257.458001463925,marker-only,1.0,9,1,0,14.62586569902534,20.711730527274145,0.7696711814412659,0.071782862323354,0.925870141895242,1,1
experiment_results1.csv,perturbation_run,perturbation_gap,1,2026-04-21T20:44:08+08:00,20260421_204408_195748,controlled_perturbation_study,CTChest,perspective,tp_-141.15_-53.01_-92.41,Far,3,CTChest__perspective__tp_-141.15_-53.01_-92.41__shot2_46.99__shot3m3m1_43.10__shot3m3m2_67.87,Medium,2,46.99,43.1,67.87,-141.149,-53.012,-92.40821838,257.458001463925,marker-only,1.0,10,1,0,17.850953621904157,21.387923785415275,1.3692307967790338,0.071782862323354,1.1177401951640162,1,1
experiment_results1.csv,perturbation_run,perturbation_gap,1,2026-04-21T20:44:08+08:00,20260421_204408_537798,controlled_perturbation_study,CTChest,perspective,tp_-141.15_-53.01_-92.41,Far,3,CTChest__perspective__tp_-141.15_-53.01_-92.41__shot2_46.99__shot3m3m1_43.10__shot3m3m2_67.87,Medium,2,46.99,43.1,67.87,-141.149,-53.012,-92.40821838,257.458001463925,marker-only,1.0,11,1,0,6.849321532127806,10.744663509193495,4.223526115287728,0.071782862323354,1.2502979262167713,1,1
experiment_results1.csv,perturbation_run,perturbation_gap,1,2026-04-21T20:44:08+08:00,20260421_204408_891306,controlled_perturbation_study,CTChest,perspective,tp_-141.15_-53.01_-92.41,Far,3,CTChest__perspective__tp_-141.15_-53.01_-92.41__shot2_46.99__shot3m3m1_43.10__shot3m3m2_67.87,Medium,2,46.99,43.1,67.87,-141.149,-53.012,-92.40821838,257.458001463925,marker-only,1.0,12,1,0,6.576274013539227,16.16796711535558,0.1915911194722972,0.071782862323354,1.4776896201376586,1,1
experiment_results1.csv,perturbation_run,perturbation_gap,1,2026-04-21T20:44:09+08:00,20260421_204409_255239,controlled_perturbation_study,CTChest,perspective,tp_-141.15_-53.01_-92.41,Far,3,CTChest__perspective__tp_-141.15_-53.01_-92.41__shot2_46.99__shot3m3m1_43.10__shot3m3m2_67.87,Medium,2,46.99,43.1,67.87,-141.149,-53.012,-92.40821838,257.458001463925,marker-only,1.0,13,1,0,5.978747020406248,11.39152862459689,2.7403490713310883,0.071782862323354,1.1804377876935708,1,1
experiment_results1.csv,perturbation_run,perturbation_gap,1,2026-04-21T20:44:09+08:00,20260421_204409_624820,controlled_perturbation_study,CTChest,perspective,tp_-141.15_-53.01_-92.41,Far,3,CTChest__perspective__tp_-141.15_-53.01_-92.41__shot2_46.99__shot3m3m1_43.10__shot3m3m2_67.87,Medium,2,46.99,43.1,67.87,-141.149,-53.012,-92.40821838,257.458001463925,marker-only,1.0,14,1,0,2.97160058949674,14.119821215699956,0.5029645242749233,0.071782862323354,1.0964337980383778,1,1
experiment_results1.csv,perturbation_run,perturbation_gap,1,2026-04-21T20:44:10+08:00,20260421_204410_009921,controlled_perturbation_study,CTChest,perspective,tp_-141.15_-53.01_-92.41,Far,3,CTChest__perspective__tp_-141.15_-53.01_-92.41__shot2_46.99__shot3m3m1_43.10__shot3m3m2_67.87,Medium,2,46.99,43.1,67.87,-141.149,-53.012,-92.40821838,257.458001463925,marker-only,1.0,15,1,0,1.121713793733906,1.4413340090052615,1.1527396849256926,0.071782862323354,1.1801087221405986,1,1
experiment_results1.csv,perturbation_run,perturbation_gap,1,2026-04-21T20:44:10+08:00,20260421_204410_395910,controlled_perturbation_study,CTChest,perspective,tp_-141.15_-53.01_-92.41,Far,3,CTChest__perspective__tp_-141.15_-53.01_-92.41__shot2_46.99__shot3m3m1_43.10__shot3m3m2_67.87,Medium,2,46.99,43.1,67.87,-141.149,-53.012,-92.40821838,257.458001463925,marker-only,1.0,16,1,0,8.048960191626447,11.515413433149746,2.916143715897934,0.071782862323354,1.2563362067374757,1,1
experiment_results1.csv,perturbation_run,perturbation_gap,1,2026-04-21T20:44:10+08:00,20260421_204410_792706,controlled_perturbation_study,CTChest,perspective,tp_-141.15_-53.01_-92.41,Far,3,CTChest__perspective__tp_-141.15_-53.01_-92.41__shot2_46.99__shot3m3m1_43.10__shot3m3m2_67.87,Medium,2,46.99,43.1,67.87,-141.149,-53.012,-92.40821838,257.458001463925,marker-only,1.0,17,1,0,5.52924309121283,10.931753692712658,4.191852243261184,0.071782862323354,1.417314503809699,1,1
experiment_results1.csv,perturbation_run,perturbation_gap,1,2026-04-21T20:44:11+08:00,20260421_204411_201891,controlled_perturbation_study,CTChest,perspective,tp_-141.15_-53.01_-92.41,Far,3,CTChest__perspective__tp_-141.15_-53.01_-92.41__shot2_46.99__shot3m3m1_43.10__shot3m3m2_67.87,Medium,2,46.99,43.1,67.87,-141.149,-53.012,-92.40821838,257.458001463925,marker-only,1.0,18,1,0,1.7359950867804483,5.215294699854573,3.10583418922094,0.071782862323354,1.1027241105576897,1,1
experiment_results1.csv,perturbation_run,perturbation_gap,1,2026-04-21T20:44:11+08:00,20260421_204411_635411,controlled_perturbation_study,CTChest,perspective,tp_-141.15_-53.01_-92.41,Far,3,CTChest__perspective__tp_-141.15_-53.01_-92.41__shot2_46.99__shot3m3m1_43.10__shot3m3m2_67.87,Medium,2,46.99,43.1,67.87,-141.149,-53.012,-92.40821838,257.458001463925,marker-only,1.0,19,1,0,7.499188565301849,8.890368141623867,5.140984888048898,0.071782862323354,1.1045391576149612,1,1
experiment_results1.csv,perturbation_run,perturbation_gap,1,2026-04-21T20:44:12+08:00,20260421_204412_077624,controlled_perturbation_study,CTChest,perspective,tp_-141.15_-53.01_-92.41,Far,3,CTChest__perspective__tp_-141.15_-53.01_-92.41__shot2_46.99__shot3m3m1_43.10__shot3m3m2_67.87,Medium,2,46.99,43.1,67.87,-141.149,-53.012,-92.40821838,257.458001463925,marker-only,1.0,20,1,0,18.84223528823707,27.341675102176964,5.69519154843776,0.071782862323354,1.067309157803184,1,1
experiment_results1.csv,perturbation_run,perturbation_gap,1,2026-04-21T20:44:12+08:00,20260421_204412_521001,controlled_perturbation_study,CTChest,perspective,tp_-141.15_-53.01_-92.41,Far,3,CTChest__perspective__tp_-141.15_-53.01_-92.41__shot2_46.99__shot3m3m1_43.10__shot3m3m2_67.87,Medium,2,46.99,43.1,67.87,-141.149,-53.012,-92.40821838,257.458001463925,marker-only,1.0,21,1,0,1.934326001846868,5.849463734112804,2.745635107887111,0.071782862323354,1.4184522972662748,1,1
experiment_results1.csv,perturbation_run,perturbation_gap,1,2026-04-21T20:44:12+08:00,20260421_204412_969716,controlled_perturbation_study,CTChest,perspective,tp_-141.15_-53.01_-92.41,Far,3,CTChest__perspective__tp_-141.15_-53.01_-92.41__shot2_46.99__shot3m3m1_43.10__shot3m3m2_67.87,Medium,2,46.99,43.1,67.87,-141.149,-53.012,-92.40821838,257.458001463925,marker-only,1.0,22,1,0,22.113975480222035,29.14354225275092,7.966638888610689,0.071782862323354,0.9838841241815712,1,1
experiment_results1.csv,perturbation_run,perturbation_gap,1,2026-04-21T20:44:13+08:00,20260421_204413_438270,controlled_perturbation_study,CTChest,perspective,tp_-141.15_-53.01_-92.41,Far,3,CTChest__perspective__tp_-141.15_-53.01_-92.41__shot2_46.99__shot3m3m1_43.10__shot3m3m2_67.87,Medium,2,46.99,43.1,67.87,-141.149,-53.012,-92.40821838,257.458001463925,marker-only,1.0,23,1,0,3.727849351146872,3.769313722439216,1.0282639632727832,0.071782862323354,1.16562544809081,1,1
experiment_results1.csv,perturbation_run,perturbation_gap,1,2026-04-21T20:44:13+08:00,20260421_204413_919094,controlled_perturbation_study,CTChest,perspective,tp_-141.15_-53.01_-92.41,Far,3,CTChest__perspective__tp_-141.15_-53.01_-92.41__shot2_46.99__shot3m3m1_43.10__shot3m3m2_67.87,Medium,2,46.99,43.1,67.87,-141.149,-53.012,-92.40821838,257.458001463925,marker-only,1.0,24,1,0,2.164445648905865,11.276762096012932,1.411962902526055,0.071782862323354,1.1290873314255547,1,1
experiment_results1.csv,perturbation_run,perturbation_gap,1,2026-04-21T20:44:14+08:00,20260421_204414_410007,controlled_perturbation_study,CTChest,perspective,tp_-141.15_-53.01_-92.41,Far,3,CTChest__perspective__tp_-141.15_-53.01_-92.41__shot2_46.99__shot3m3m1_43.10__shot3m3m2_67.87,Medium,2,46.99,43.1,67.87,-141.149,-53.012,-92.40821838,257.458001463925,marker-only,1.0,25,1,0,6.005376677534827,9.135184429784807,2.095959527511233,0.071782862323354,1.046362332579271,1,1
experiment_results1.csv,perturbation_run,perturbation_gap,1,2026-04-21T20:44:14+08:00,20260421_204414_896512,controlled_perturbation_study,CTChest,perspective,tp_-141.15_-53.01_-92.41,Far,3,CTChest__perspective__tp_-141.15_-53.01_-92.41__shot2_46.99__shot3m3m1_43.10__shot3m3m2_67.87,Medium,2,46.99,43.1,67.87,-141.149,-53.012,-92.40821838,257.458001463925,marker-only,1.0,26,1,0,4.922409935147051,8.948399950685001,1.5462014195025888,0.071782862323354,1.0006519003087366,1,1
experiment_results1.csv,perturbation_run,perturbation_gap,1,2026-04-21T20:44:15+08:00,20260421_204415_392880,controlled_perturbation_study,CTChest,perspective,tp_-141.15_-53.01_-92.41,Far,3,CTChest__perspective__tp_-141.15_-53.01_-92.41__shot2_46.99__shot3m3m1_43.10__shot3m3m2_67.87,Medium,2,46.99,43.1,67.87,-141.149,-53.012,-92.40821838,257.458001463925,marker-only,1.0,27,1,0,2.743073102806344,5.718760292402127,2.410255490156195,0.071782862323354,1.092676729538958,1,1
experiment_results1.csv,perturbation_run,perturbation_gap,1,2026-04-21T20:44:15+08:00,20260421_204415_886799,controlled_perturbation_study,CTChest,perspective,tp_-141.15_-53.01_-92.41,Far,3,CTChest__perspective__tp_-141.15_-53.01_-92.41__shot2_46.99__shot3m3m1_43.10__shot3m3m2_67.87,Medium,2,46.99,43.1,67.87,-141.149,-53.012,-92.40821838,257.458001463925,marker-only,1.0,28,1,0,10.269370695152796,23.879161808787764,0.1868378029337307,0.071782862323354,1.5566407143698846,1,1
experiment_results1.csv,perturbation_run,perturbation_gap,1,2026-04-21T20:44:16+08:00,20260421_204416_386485,controlled_perturbation_study,CTChest,perspective,tp_-141.15_-53.01_-92.41,Far,3,CTChest__perspective__tp_-141.15_-53.01_-92.41__shot2_46.99__shot3m3m1_43.10__shot3m3m2_67.87,Medium,2,46.99,43.1,67.87,-141.149,-53.012,-92.40821838,257.458001463925,marker-only,1.0,29,1,0,4.780842586993699,4.070126273857068,0.7282049503015658,0.071782862323354,1.2778187406296022,1,1
experiment_results1.csv,perturbation_run,perturbation_gap,1,2026-04-21T20:44:16+08:00,20260421_204416_874535,controlled_perturbation_study,CTChest,perspective,tp_-141.15_-53.01_-92.41,Far,3,CTChest__perspective__tp_-141.15_-53.01_-92.41__shot2_46.99__shot3m3m1_43.10__shot3m3m2_67.87,Medium,2,46.99,43.1,67.87,-141.149,-53.012,-92.40821838,257.458001463925,marker-only,1.0,30,1,0,4.239931464920537,5.353101747682484,3.569672060224512,0.071782862323354,1.0582854653724716,1,1
experiment_results1.csv,perturbation_run,perturbation_gap,1,2026-04-21T20:44:17+08:00,20260421_204417_366130,controlled_perturbation_study,CTChest,perspective,tp_-141.15_-53.01_-92.41,Far,3,CTChest__perspective__tp_-141.15_-53.01_-92.41__shot2_46.99__shot3m3m1_43.10__shot3m3m2_67.87,Medium,2,46.99,43.1,67.87,-141.149,-53.012,-92.40821838,257.458001463925,marker-only,1.0,31,1,0,3.7206888238656353,1.906438186474828,7.197684987674565,0.071782862323354,1.2073693459202497,1,1
experiment_results1.csv,perturbation_run,perturbation_gap,1,2026-04-21T20:44:17+08:00,20260421_204417_861262,controlled_perturbation_study,CTChest,perspective,tp_-141.15_-53.01_-92.41,Far,3,CTChest__perspective__tp_-141.15_-53.01_-92.41__shot2_46.99__shot3m3m1_43.10__shot3m3m2_67.87,Medium,2,46.99,43.1,67.87,-141.149,-53.012,-92.40821838,257.458001463925,marker-only,1.0,32,1,0,2.695325952865427,3.927170855838005,1.408303954714191,0.071782862323354,0.9151673087358244,1,1
experiment_results1.csv,perturbation_run,perturbation_gap,1,2026-04-21T20:44:18+08:00,20260421_204418_350145,controlled_perturbation_study,CTChest,perspective,tp_-141.15_-53.01_-92.41,Far,3,CTChest__perspective__tp_-141.15_-53.01_-92.41__shot2_46.99__shot3m3m1_43.10__shot3m3m2_67.87,Medium,2,46.99,43.1,67.87,-141.149,-53.012,-92.40821838,257.458001463925,marker-only,1.0,33,1,0,1.8947580236631028,3.691304789277359,4.310363930900475,0.071782862323354,1.4420055211931218,1,1
experiment_results1.csv,perturbation_run,perturbation_gap,1,2026-04-21T20:44:18+08:00,20260421_204418_844382,controlled_perturbation_study,CTChest,perspective,tp_-141.15_-53.01_-92.41,Far,3,CTChest__perspective__tp_-141.15_-53.01_-92.41__shot2_46.99__shot3m3m1_43.10__shot3m3m2_67.87,Medium,2,46.99,43.1,67.87,-141.149,-53.012,-92.40821838,257.458001463925,marker-only,1.0,34,1,0,4.878509840905849,4.069894827513811,5.781159953050093,0.071782862323354,1.0594335660858023,1,1
experiment_results1.csv,perturbation_run,perturbation_gap,1,2026-04-21T20:44:19+08:00,20260421_204419_328663,controlled_perturbation_study,CTChest,perspective,tp_-141.15_-53.01_-92.41,Far,3,CTChest__perspective__tp_-141.15_-53.01_-92.41__shot2_46.99__shot3m3m1_43.10__shot3m3m2_67.87,Medium,2,46.99,43.1,67.87,-141.149,-53.012,-92.40821838,257.458001463925,marker-only,1.0,35,1,0,4.241911462512855,7.012659393326339,0.0687113786667057,0.071782862323354,0.972295838585421,1,1
experiment_results1.csv,perturbation_run,perturbation_gap,1,2026-04-21T20:44:19+08:00,20260421_204419_817318,controlled_perturbation_study,CTChest,perspective,tp_-141.15_-53.01_-92.41,Far,3,CTChest__perspective__tp_-141.15_-53.01_-92.41__shot2_46.99__shot3m3m1_43.10__shot3m3m2_67.87,Medium,2,46.99,43.1,67.87,-141.149,-53.012,-92.40821838,257.458001463925,marker-only,1.0,36,1,0,13.521675387542048,17.71001878357697,4.664658969341603,0.071782862323354,1.3559688757103725,1,1
experiment_results1.csv,perturbation_run,perturbation_gap,1,2026-04-21T20:44:20+08:00,20260421_204420_303704,controlled_perturbation_study,CTChest,perspective,tp_-141.15_-53.01_-92.41,Far,3,CTChest__perspective__tp_-141.15_-53.01_-92.41__shot2_46.99__shot3m3m1_43.10__shot3m3m2_67.87,Medium,2,46.99,43.1,67.87,-141.149,-53.012,-92.40821838,257.458001463925,marker-only,1.0,37,1,0,5.102879132493411,5.597288003078737,4.925704899420563,0.071782862323354,1.0395275773440258,1,1
experiment_results1.csv,perturbation_run,perturbation_gap,1,2026-04-21T20:44:20+08:00,20260421_204420_792113,controlled_perturbation_study,CTChest,perspective,tp_-141.15_-53.01_-92.41,Far,3,CTChest__perspective__tp_-141.15_-53.01_-92.41__shot2_46.99__shot3m3m1_43.10__shot3m3m2_67.87,Medium,2,46.99,43.1,67.87,-141.149,-53.012,-92.40821838,257.458001463925,marker-only,1.0,38,1,0,2.2761135694150303,5.489523917182815,2.1651024149908493,0.071782862323354,1.0985898626528676,1,1
experiment_results1.csv,perturbation_run,perturbation_gap,1,2026-04-21T20:44:21+08:00,20260421_204421_281020,controlled_perturbation_study,CTChest,perspective,tp_-141.15_-53.01_-92.41,Far,3,CTChest__perspective__tp_-141.15_-53.01_-92.41__shot2_46.99__shot3m3m1_43.10__shot3m3m2_67.87,Medium,2,46.99,43.1,67.87,-141.149,-53.012,-92.40821838,257.458001463925,marker-only,1.0,39,1,0,3.100476150724465,4.720159064752222,4.834101841460218,0.071782862323354,1.2431131127209298,1,1
experiment_results1.csv,perturbation_run,perturbation_gap,1,2026-04-21T20:44:21+08:00,20260421_204421_766990,controlled_perturbation_study,CTChest,perspective,tp_-141.15_-53.01_-92.41,Far,3,CTChest__perspective__tp_-141.15_-53.01_-92.41__shot2_46.99__shot3m3m1_43.10__shot3m3m2_67.87,Medium,2,46.99,43.1,67.87,-141.149,-53.012,-92.40821838,257.458001463925,marker-only,1.0,40,1,0,6.3430128196372415,7.313548753530177,1.938392258498844,0.071782862323354,1.1701393344893638,1,1
experiment_results1.csv,perturbation_run,perturbation_gap,1,2026-04-21T20:44:22+08:00,20260421_204422_262240,controlled_perturbation_study,CTChest,perspective,tp_-141.15_-53.01_-92.41,Far,3,CTChest__perspective__tp_-141.15_-53.01_-92.41__shot2_46.99__shot3m3m1_43.10__shot3m3m2_67.87,Medium,2,46.99,43.1,67.87,-141.149,-53.012,-92.40821838,257.458001463925,marker-only,1.0,41,1,0,2.570258924415718,4.149057992700696,6.263328325356565,0.071782862323354,1.0599761583397571,1,1
experiment_results1.csv,perturbation_run,perturbation_gap,1,2026-04-21T20:44:22+08:00,20260421_204422_757953,controlled_perturbation_study,CTChest,perspective,tp_-141.15_-53.01_-92.41,Far,3,CTChest__perspective__tp_-141.15_-53.01_-92.41__shot2_46.99__shot3m3m1_43.10__shot3m3m2_67.87,Medium,2,46.99,43.1,67.87,-141.149,-53.012,-92.40821838,257.458001463925,marker-only,1.0,42,1,0,4.686875423490811,8.894033729925635,1.943235696766715,0.071782862323354,1.1912983007394604,1,1
experiment_results1.csv,perturbation_run,perturbation_gap,1,2026-04-21T20:44:23+08:00,20260421_204423_251833,controlled_perturbation_study,CTChest,perspective,tp_-141.15_-53.01_-92.41,Far,3,CTChest__perspective__tp_-141.15_-53.01_-92.41__shot2_46.99__shot3m3m1_43.10__shot3m3m2_67.87,Medium,2,46.99,43.1,67.87,-141.149,-53.012,-92.40821838,257.458001463925,marker-only,1.0,43,1,0,6.992525285925038,4.865789163150513,4.109115831405948,0.071782862323354,1.376105464495999,1,1
experiment_results1.csv,perturbation_run,perturbation_gap,1,2026-04-21T20:44:23+08:00,20260421_204423_739042,controlled_perturbation_study,CTChest,perspective,tp_-141.15_-53.01_-92.41,Far,3,CTChest__perspective__tp_-141.15_-53.01_-92.41__shot2_46.99__shot3m3m1_43.10__shot3m3m2_67.87,Medium,2,46.99,43.1,67.87,-141.149,-53.012,-92.40821838,257.458001463925,marker-only,1.0,44,1,0,4.890386264575313,9.84761780432254,1.6130161700379035,0.071782862323354,1.0400664830362096,1,1
experiment_results1.csv,perturbation_run,perturbation_gap,1,2026-04-21T20:44:24+08:00,20260421_204424_239198,controlled_perturbation_study,CTChest,perspective,tp_-141.15_-53.01_-92.41,Far,3,CTChest__perspective__tp_-141.15_-53.01_-92.41__shot2_46.99__shot3m3m1_43.10__shot3m3m2_67.87,Medium,2,46.99,43.1,67.87,-141.149,-53.012,-92.40821838,257.458001463925,marker-only,1.0,45,1,0,1.5738147733793533,8.191272580058637,0.5017029751771159,0.071782862323354,1.120629798961614,1,1
experiment_results1.csv,perturbation_run,perturbation_gap,1,2026-04-21T20:44:24+08:00,20260421_204424_733840,controlled_perturbation_study,CTChest,perspective,tp_-141.15_-53.01_-92.41,Far,3,CTChest__perspective__tp_-141.15_-53.01_-92.41__shot2_46.99__shot3m3m1_43.10__shot3m3m2_67.87,Medium,2,46.99,43.1,67.87,-141.149,-53.012,-92.40821838,257.458001463925,marker-only,1.0,46,1,0,0.5458767801844828,3.952702236249961,3.665195859519725,0.071782862323354,1.1693738052997735,1,1
experiment_results1.csv,perturbation_run,perturbation_gap,1,2026-04-21T20:44:25+08:00,20260421_204425_226911,controlled_perturbation_study,CTChest,perspective,tp_-141.15_-53.01_-92.41,Far,3,CTChest__perspective__tp_-141.15_-53.01_-92.41__shot2_46.99__shot3m3m1_43.10__shot3m3m2_67.87,Medium,2,46.99,43.1,67.87,-141.149,-53.012,-92.40821838,257.458001463925,marker-only,1.0,47,1,0,6.927072432277927,16.916709734256212,2.760797101329605,0.071782862323354,1.2964825221428835,1,1
experiment_results1.csv,perturbation_run,perturbation_gap,1,2026-04-21T20:44:25+08:00,20260421_204425_719529,controlled_perturbation_study,CTChest,perspective,tp_-141.15_-53.01_-92.41,Far,3,CTChest__perspective__tp_-141.15_-53.01_-92.41__shot2_46.99__shot3m3m1_43.10__shot3m3m2_67.87,Medium,2,46.99,43.1,67.87,-141.149,-53.012,-92.40821838,257.458001463925,marker-only,1.0,48,1,0,5.261421799392799,2.3086505867804084,4.78457186633814,0.071782862323354,1.0259646933476,1,1
experiment_results1.csv,perturbation_run,perturbation_gap,1,2026-04-21T20:44:26+08:00,20260421_204426_207177,controlled_perturbation_study,CTChest,perspective,tp_-141.15_-53.01_-92.41,Far,3,CTChest__perspective__tp_-141.15_-53.01_-92.41__shot2_46.99__shot3m3m1_43.10__shot3m3m2_67.87,Medium,2,46.99,43.1,67.87,-141.149,-53.012,-92.40821838,257.458001463925,marker-only,1.0,49,1,0,7.954723183079836,16.63016838128841,2.982093762876665,0.071782862323354,1.103163337383506,1,1
experiment_results1.csv,perturbation_run,perturbation_gap,1,2026-04-21T20:44:26+08:00,20260421_204426_695089,controlled_perturbation_study,CTChest,perspective,tp_-141.15_-53.01_-92.41,Far,3,CTChest__perspective__tp_-141.15_-53.01_-92.41__shot2_46.99__shot3m3m1_43.10__shot3m3m2_67.87,Medium,2,46.99,43.1,67.87,-141.149,-53.012,-92.40821838,257.458001463925,marker-only,1.0,50,1,0,9.909828435206984,10.702118686116291,8.268265466511641,0.071782862323354,0.998745402381092,1,1
experiment_results1.csv,perturbation_run,perturbation_gap,1,2026-04-21T20:44:33+08:00,20260421_204433_703024,controlled_perturbation_study,CTChest,perspective,tp_-141.15_-53.01_-92.41,Far,3,CTChest__perspective__tp_-141.15_-53.01_-92.41__shot2_46.99__shot3m3m1_43.10__shot3m3m2_67.87,Medium,2,46.99,43.1,67.87,-141.149,-53.012,-92.40821838,257.458001463925,marker-only,2.0,1,1,0,4.388346633789554,5.922856154403655,4.722695897945466,0.071782862323354,2.237048474514252,1,1
experiment_results1.csv,perturbation_run,perturbation_gap,1,2026-04-21T20:44:34+08:00,20260421_204434_029447,controlled_perturbation_study,CTChest,perspective,tp_-141.15_-53.01_-92.41,Far,3,CTChest__perspective__tp_-141.15_-53.01_-92.41__shot2_46.99__shot3m3m1_43.10__shot3m3m2_67.87,Medium,2,46.99,43.1,67.87,-141.149,-53.012,-92.40821838,257.458001463925,marker-only,2.0,2,1,0,16.95552013271771,25.252730888624026,0.8536798776558421,0.071782862323354,2.230321903507799,1,1
experiment_results1.csv,perturbation_run,perturbation_gap,1,2026-04-21T20:44:34+08:00,20260421_204434_352148,controlled_perturbation_study,CTChest,perspective,tp_-141.15_-53.01_-92.41,Far,3,CTChest__perspective__tp_-141.15_-53.01_-92.41__shot2_46.99__shot3m3m1_43.10__shot3m3m2_67.87,Medium,2,46.99,43.1,67.87,-141.149,-53.012,-92.40821838,257.458001463925,marker-only,2.0,3,1,0,12.276653686973097,24.609059107460624,4.573113316756664,0.071782862323354,2.841694238292755,1,1
experiment_results1.csv,perturbation_run,perturbation_gap,1,2026-04-21T20:44:34+08:00,20260421_204434_671229,controlled_perturbation_study,CTChest,perspective,tp_-141.15_-53.01_-92.41,Far,3,CTChest__perspective__tp_-141.15_-53.01_-92.41__shot2_46.99__shot3m3m1_43.10__shot3m3m2_67.87,Medium,2,46.99,43.1,67.87,-141.149,-53.012,-92.40821838,257.458001463925,marker-only,2.0,4,1,0,4.824056059127845,8.220914501417656,7.028770302660167,0.071782862323354,2.672752574934016,1,1
experiment_results1.csv,perturbation_run,perturbation_gap,1,2026-04-21T20:44:34+08:00,20260421_204434_998780,controlled_perturbation_study,CTChest,perspective,tp_-141.15_-53.01_-92.41,Far,3,CTChest__perspective__tp_-141.15_-53.01_-92.41__shot2_46.99__shot3m3m1_43.10__shot3m3m2_67.87,Medium,2,46.99,43.1,67.87,-141.149,-53.012,-92.40821838,257.458001463925,marker-only,2.0,5,1,0,12.566773206565188,15.675105644308202,8.466341168994111,0.071782862323354,2.189169003656962,1,1
experiment_results1.csv,perturbation_run,perturbation_gap,1,2026-04-21T20:44:35+08:00,20260421_204435_326583,controlled_perturbation_study,CTChest,perspective,tp_-141.15_-53.01_-92.41,Far,3,CTChest__perspective__tp_-141.15_-53.01_-92.41__shot2_46.99__shot3m3m1_43.10__shot3m3m2_67.87,Medium,2,46.99,43.1,67.87,-141.149,-53.012,-92.40821838,257.458001463925,marker-only,2.0,6,1,0,4.929577292259575,3.112724949851733,11.19452035990892,0.071782862323354,2.2809469356955714,1,1
experiment_results1.csv,perturbation_run,perturbation_gap,1,2026-04-21T20:44:35+08:00,20260421_204435_647567,controlled_perturbation_study,CTChest,perspective,tp_-141.15_-53.01_-92.41,Far,3,CTChest__perspective__tp_-141.15_-53.01_-92.41__shot2_46.99__shot3m3m1_43.10__shot3m3m2_67.87,Medium,2,46.99,43.1,67.87,-141.149,-53.012,-92.40821838,257.458001463925,marker-only,2.0,7,1,0,7.480765689290994,18.333004129463664,7.212966130053672,0.071782862323354,2.461991519531194,1,1
experiment_results1.csv,perturbation_run,perturbation_gap,1,2026-04-21T20:44:35+08:00,20260421_204435_966516,controlled_perturbation_study,CTChest,perspective,tp_-141.15_-53.01_-92.41,Far,3,CTChest__perspective__tp_-141.15_-53.01_-92.41__shot2_46.99__shot3m3m1_43.10__shot3m3m2_67.87,Medium,2,46.99,43.1,67.87,-141.149,-53.012,-92.40821838,257.458001463925,marker-only,2.0,8,1,0,8.38477122070756,8.47723395336922,5.907148410383369,0.071782862323354,1.875687714602608,1,1
experiment_results1.csv,perturbation_run,perturbation_gap,1,2026-04-21T20:44:36+08:00,20260421_204436_291252,controlled_perturbation_study,CTChest,perspective,tp_-141.15_-53.01_-92.41,Far,3,CTChest__perspective__tp_-141.15_-53.01_-92.41__shot2_46.99__shot3m3m1_43.10__shot3m3m2_67.87,Medium,2,46.99,43.1,67.87,-141.149,-53.012,-92.40821838,257.458001463925,marker-only,2.0,9,1,0,8.880754630061269,14.484620633457704,5.796642726032078,0.071782862323354,2.904123911723652,1,1
experiment_results1.csv,perturbation_run,perturbation_gap,1,2026-04-21T20:44:36+08:00,20260421_204436_626885,controlled_perturbation_study,CTChest,perspective,tp_-141.15_-53.01_-92.41,Far,3,CTChest__perspective__tp_-141.15_-53.01_-92.41__shot2_46.99__shot3m3m1_43.10__shot3m3m2_67.87,Medium,2,46.99,43.1,67.87,-141.149,-53.012,-92.40821838,257.458001463925,marker-only,2.0,10,1,0,6.246538431165392,16.057843592793756,1.7228264161059044,0.071782862323354,2.370077357732787,1,1
experiment_results1.csv,perturbation_run,perturbation_gap,1,2026-04-21T20:44:36+08:00,20260421_204436_960612,controlled_perturbation_study,CTChest,perspective,tp_-141.15_-53.01_-92.41,Far,3,CTChest__perspective__tp_-141.15_-53.01_-92.41__shot2_46.99__shot3m3m1_43.10__shot3m3m2_67.87,Medium,2,46.99,43.1,67.87,-141.149,-53.012,-92.40821838,257.458001463925,marker-only,2.0,11,1,0,8.385317365139196,9.778796695217595,7.894160304646549,0.071782862323354,2.086783045608095,1,1
experiment_results1.csv,perturbation_run,perturbation_gap,1,2026-04-21T20:44:37+08:00,20260421_204437_305145,controlled_perturbation_study,CTChest,perspective,tp_-141.15_-53.01_-92.41,Far,3,CTChest__perspective__tp_-141.15_-53.01_-92.41__shot2_46.99__shot3m3m1_43.10__shot3m3m2_67.87,Medium,2,46.99,43.1,67.87,-141.149,-53.012,-92.40821838,257.458001463925,marker-only,2.0,12,1,0,8.82025532777098,3.95923398643838,3.315414609435449,0.071782862323354,2.313803100827105,1,1
experiment_results1.csv,perturbation_run,perturbation_gap,1,2026-04-21T20:44:37+08:00,20260421_204437_661831,controlled_perturbation_study,CTChest,perspective,tp_-141.15_-53.01_-92.41,Far,3,CTChest__perspective__tp_-141.15_-53.01_-92.41__shot2_46.99__shot3m3m1_43.10__shot3m3m2_67.87,Medium,2,46.99,43.1,67.87,-141.149,-53.012,-92.40821838,257.458001463925,marker-only,2.0,13,1,0,5.983228045172873,34.50555427895456,6.4473790805461935,0.071782862323354,2.751565561192189,1,1
experiment_results1.csv,perturbation_run,perturbation_gap,1,2026-04-21T20:44:38+08:00,20260421_204438_025360,controlled_perturbation_study,CTChest,perspective,tp_-141.15_-53.01_-92.41,Far,3,CTChest__perspective__tp_-141.15_-53.01_-92.41__shot2_46.99__shot3m3m1_43.10__shot3m3m2_67.87,Medium,2,46.99,43.1,67.87,-141.149,-53.012,-92.40821838,257.458001463925,marker-only,2.0,14,1,0,16.626876457327015,24.23781498365189,3.1328691811043443,0.071782862323354,2.1037560374012245,1,1
experiment_results1.csv,perturbation_run,perturbation_gap,1,2026-04-21T20:44:38+08:00,20260421_204438_397571,controlled_perturbation_study,CTChest,perspective,tp_-141.15_-53.01_-92.41,Far,3,CTChest__perspective__tp_-141.15_-53.01_-92.41__shot2_46.99__shot3m3m1_43.10__shot3m3m2_67.87,Medium,2,46.99,43.1,67.87,-141.149,-53.012,-92.40821838,257.458001463925,marker-only,2.0,15,1,0,10.07967016581739,11.068701469618578,2.0924053805319627,0.071782862323354,2.2034717757481364,1,1
experiment_results1.csv,perturbation_run,perturbation_gap,1,2026-04-21T20:44:38+08:00,20260421_204438_783542,controlled_perturbation_study,CTChest,perspective,tp_-141.15_-53.01_-92.41,Far,3,CTChest__perspective__tp_-141.15_-53.01_-92.41__shot2_46.99__shot3m3m1_43.10__shot3m3m2_67.87,Medium,2,46.99,43.1,67.87,-141.149,-53.012,-92.40821838,257.458001463925,marker-only,2.0,16,1,0,13.310735394011784,18.60660910532698,2.328887846242896,0.071782862323354,2.8011253825450626,1,1
experiment_results1.csv,perturbation_run,perturbation_gap,1,2026-04-21T20:44:39+08:00,20260421_204439_184933,controlled_perturbation_study,CTChest,perspective,tp_-141.15_-53.01_-92.41,Far,3,CTChest__perspective__tp_-141.15_-53.01_-92.41__shot2_46.99__shot3m3m1_43.10__shot3m3m2_67.87,Medium,2,46.99,43.1,67.87,-141.149,-53.012,-92.40821838,257.458001463925,marker-only,2.0,17,1,0,10.498539499869914,10.151350316530529,9.264839417463342,0.071782862323354,2.37596217479463,1,1
experiment_results1.csv,perturbation_run,perturbation_gap,1,2026-04-21T20:44:39+08:00,20260421_204439_605418,controlled_perturbation_study,CTChest,perspective,tp_-141.15_-53.01_-92.41,Far,3,CTChest__perspective__tp_-141.15_-53.01_-92.41__shot2_46.99__shot3m3m1_43.10__shot3m3m2_67.87,Medium,2,46.99,43.1,67.87,-141.149,-53.012,-92.40821838,257.458001463925,marker-only,2.0,18,1,0,9.906950868184165,15.629877329278775,7.236058892196397,0.071782862323354,1.9201157860140488,1,1
experiment_results1.csv,perturbation_run,perturbation_gap,1,2026-04-21T20:44:40+08:00,20260421_204440_039501,controlled_perturbation_study,CTChest,perspective,tp_-141.15_-53.01_-92.41,Far,3,CTChest__perspective__tp_-141.15_-53.01_-92.41__shot2_46.99__shot3m3m1_43.10__shot3m3m2_67.87,Medium,2,46.99,43.1,67.87,-141.149,-53.012,-92.40821838,257.458001463925,marker-only,2.0,19,1,0,10.650679633917273,22.95562409747244,4.109221998064014,0.071782862323354,2.2908237173980126,1,1
experiment_results1.csv,perturbation_run,perturbation_gap,1,2026-04-21T20:44:40+08:00,20260421_204440_484505,controlled_perturbation_study,CTChest,perspective,tp_-141.15_-53.01_-92.41,Far,3,CTChest__perspective__tp_-141.15_-53.01_-92.41__shot2_46.99__shot3m3m1_43.10__shot3m3m2_67.87,Medium,2,46.99,43.1,67.87,-141.149,-53.012,-92.40821838,257.458001463925,marker-only,2.0,20,1,0,6.981974318392014,11.93279100159485,9.00566368463943,0.071782862323354,2.8270982404137364,1,1
experiment_results1.csv,perturbation_run,perturbation_gap,1,2026-04-21T20:44:40+08:00,20260421_204440_938340,controlled_perturbation_study,CTChest,perspective,tp_-141.15_-53.01_-92.41,Far,3,CTChest__perspective__tp_-141.15_-53.01_-92.41__shot2_46.99__shot3m3m1_43.10__shot3m3m2_67.87,Medium,2,46.99,43.1,67.87,-141.149,-53.012,-92.40821838,257.458001463925,marker-only,2.0,21,1,0,22.197711130416906,24.141339996423497,13.682846748647902,0.071782862323354,2.485212743166478,1,1
experiment_results1.csv,perturbation_run,perturbation_gap,1,2026-04-21T20:44:41+08:00,20260421_204441_414332,controlled_perturbation_study,CTChest,perspective,tp_-141.15_-53.01_-92.41,Far,3,CTChest__perspective__tp_-141.15_-53.01_-92.41__shot2_46.99__shot3m3m1_43.10__shot3m3m2_67.87,Medium,2,46.99,43.1,67.87,-141.149,-53.012,-92.40821838,257.458001463925,marker-only,2.0,22,1,0,13.117259964839272,28.24634210478045,10.450836154734716,0.071782862323354,2.561371215333503,1,1
experiment_results1.csv,perturbation_run,perturbation_gap,1,2026-04-21T20:44:41+08:00,20260421_204441_898168,controlled_perturbation_study,CTChest,perspective,tp_-141.15_-53.01_-92.41,Far,3,CTChest__perspective__tp_-141.15_-53.01_-92.41__shot2_46.99__shot3m3m1_43.10__shot3m3m2_67.87,Medium,2,46.99,43.1,67.87,-141.149,-53.012,-92.40821838,257.458001463925,marker-only,2.0,23,1,0,2.7866098699641584,5.530620062091165,6.419396382631041,0.071782862323354,2.231637663990861,1,1
experiment_results1.csv,perturbation_run,perturbation_gap,1,2026-04-21T20:44:42+08:00,20260421_204442_390717,controlled_perturbation_study,CTChest,perspective,tp_-141.15_-53.01_-92.41,Far,3,CTChest__perspective__tp_-141.15_-53.01_-92.41__shot2_46.99__shot3m3m1_43.10__shot3m3m2_67.87,Medium,2,46.99,43.1,67.87,-141.149,-53.012,-92.40821838,257.458001463925,marker-only,2.0,24,1,0,6.4997790911162765,3.368776103131391,7.359527777578447,0.071782862323354,2.421633099557277,1,1
experiment_results1.csv,perturbation_run,perturbation_gap,1,2026-04-21T20:44:42+08:00,20260421_204442_879395,controlled_perturbation_study,CTChest,perspective,tp_-141.15_-53.01_-92.41,Far,3,CTChest__perspective__tp_-141.15_-53.01_-92.41__shot2_46.99__shot3m3m1_43.10__shot3m3m2_67.87,Medium,2,46.99,43.1,67.87,-141.149,-53.012,-92.40821838,257.458001463925,marker-only,2.0,25,1,0,16.067328009242104,14.805950614981828,6.84039394611886,0.071782862323354,1.9636788616775191,1,1
experiment_results1.csv,perturbation_run,perturbation_gap,1,2026-04-21T20:44:43+08:00,20260421_204443_370261,controlled_perturbation_study,CTChest,perspective,tp_-141.15_-53.01_-92.41,Far,3,CTChest__perspective__tp_-141.15_-53.01_-92.41__shot2_46.99__shot3m3m1_43.10__shot3m3m2_67.87,Medium,2,46.99,43.1,67.87,-141.149,-53.012,-92.40821838,257.458001463925,marker-only,2.0,26,1,0,13.75564378360251,10.120580147418272,10.00313882265996,0.071782862323354,2.5962518911295764,1,1
experiment_results1.csv,perturbation_run,perturbation_gap,1,2026-04-21T20:44:43+08:00,20260421_204443_867465,controlled_perturbation_study,CTChest,perspective,tp_-141.15_-53.01_-92.41,Far,3,CTChest__perspective__tp_-141.15_-53.01_-92.41__shot2_46.99__shot3m3m1_43.10__shot3m3m2_67.87,Medium,2,46.99,43.1,67.87,-141.149,-53.012,-92.40821838,257.458001463925,marker-only,2.0,27,1,0,5.4251824842848295,12.694880051217938,3.70843380007204,0.071782862323354,2.1762515698466767,1,1
experiment_results1.csv,perturbation_run,perturbation_gap,1,2026-04-21T20:44:44+08:00,20260421_204444_357779,controlled_perturbation_study,CTChest,perspective,tp_-141.15_-53.01_-92.41,Far,3,CTChest__perspective__tp_-141.15_-53.01_-92.41__shot2_46.99__shot3m3m1_43.10__shot3m3m2_67.87,Medium,2,46.99,43.1,67.87,-141.149,-53.012,-92.40821838,257.458001463925,marker-only,2.0,28,1,0,9.41393798299884,14.989720612821138,10.469107239722897,0.071782862323354,1.8976558726515496,1,1
experiment_results1.csv,perturbation_run,perturbation_gap,1,2026-04-21T20:44:44+08:00,20260421_204444_856948,controlled_perturbation_study,CTChest,perspective,tp_-141.15_-53.01_-92.41,Far,3,CTChest__perspective__tp_-141.15_-53.01_-92.41__shot2_46.99__shot3m3m1_43.10__shot3m3m2_67.87,Medium,2,46.99,43.1,67.87,-141.149,-53.012,-92.40821838,257.458001463925,marker-only,2.0,29,1,0,12.09772869810173,25.667092182075315,13.339542811840111,0.071782862323354,2.69041962664797,1,1
experiment_results1.csv,perturbation_run,perturbation_gap,1,2026-04-21T20:44:45+08:00,20260421_204445_343313,controlled_perturbation_study,CTChest,perspective,tp_-141.15_-53.01_-92.41,Far,3,CTChest__perspective__tp_-141.15_-53.01_-92.41__shot2_46.99__shot3m3m1_43.10__shot3m3m2_67.87,Medium,2,46.99,43.1,67.87,-141.149,-53.012,-92.40821838,257.458001463925,marker-only,2.0,30,1,0,8.296677285721348,14.010572852206131,1.702243621265506,0.071782862323354,2.597824156617483,1,1
experiment_results1.csv,perturbation_run,perturbation_gap,1,2026-04-21T20:44:45+08:00,20260421_204445_833831,controlled_perturbation_study,CTChest,perspective,tp_-141.15_-53.01_-92.41,Far,3,CTChest__perspective__tp_-141.15_-53.01_-92.41__shot2_46.99__shot3m3m1_43.10__shot3m3m2_67.87,Medium,2,46.99,43.1,67.87,-141.149,-53.012,-92.40821838,257.458001463925,marker-only,2.0,31,1,0,11.935548377167157,14.09725227571008,7.396911469356378,0.071782862323354,2.15163475851303,1,1
experiment_results1.csv,perturbation_run,perturbation_gap,1,2026-04-21T20:44:46+08:00,20260421_204446_322387,controlled_perturbation_study,CTChest,perspective,tp_-141.15_-53.01_-92.41,Far,3,CTChest__perspective__tp_-141.15_-53.01_-92.41__shot2_46.99__shot3m3m1_43.10__shot3m3m2_67.87,Medium,2,46.99,43.1,67.87,-141.149,-53.012,-92.40821838,257.458001463925,marker-only,2.0,32,1,0,7.543611444798453,8.524332149966957,8.63541584015424,0.071782862323354,2.859905787958261,1,1
experiment_results1.csv,perturbation_run,perturbation_gap,1,2026-04-21T20:44:46+08:00,20260421_204446_813328,controlled_perturbation_study,CTChest,perspective,tp_-141.15_-53.01_-92.41,Far,3,CTChest__perspective__tp_-141.15_-53.01_-92.41__shot2_46.99__shot3m3m1_43.10__shot3m3m2_67.87,Medium,2,46.99,43.1,67.87,-141.149,-53.012,-92.40821838,257.458001463925,marker-only,2.0,33,1,0,7.385986965975387,50.01669367402633,2.376003959312193,0.071782862323354,2.656249551129195,1,1
experiment_results1.csv,perturbation_run,perturbation_gap,1,2026-04-21T20:44:47+08:00,20260421_204447_307454,controlled_perturbation_study,CTChest,perspective,tp_-141.15_-53.01_-92.41,Far,3,CTChest__perspective__tp_-141.15_-53.01_-92.41__shot2_46.99__shot3m3m1_43.10__shot3m3m2_67.87,Medium,2,46.99,43.1,67.87,-141.149,-53.012,-92.40821838,257.458001463925,marker-only,2.0,34,1,0,13.162129560023676,11.859800904396703,9.704812548882526,0.071782862323354,2.561496131816828,1,1
experiment_results1.csv,perturbation_run,perturbation_gap,1,2026-04-21T20:44:47+08:00,20260421_204447_795374,controlled_perturbation_study,CTChest,perspective,tp_-141.15_-53.01_-92.41,Far,3,CTChest__perspective__tp_-141.15_-53.01_-92.41__shot2_46.99__shot3m3m1_43.10__shot3m3m2_67.87,Medium,2,46.99,43.1,67.87,-141.149,-53.012,-92.40821838,257.458001463925,marker-only,2.0,35,1,0,7.529780646317103,7.61135980834426,11.827702524152125,0.071782862323354,2.1580425771224965,1,1
experiment_results1.csv,perturbation_run,perturbation_gap,1,2026-04-21T20:44:48+08:00,20260421_204448_282386,controlled_perturbation_study,CTChest,perspective,tp_-141.15_-53.01_-92.41,Far,3,CTChest__perspective__tp_-141.15_-53.01_-92.41__shot2_46.99__shot3m3m1_43.10__shot3m3m2_67.87,Medium,2,46.99,43.1,67.87,-141.149,-53.012,-92.40821838,257.458001463925,marker-only,2.0,36,1,0,16.660879275089965,13.685184507738244,12.397096290013588,0.071782862323354,2.0376593042940017,1,1
experiment_results1.csv,perturbation_run,perturbation_gap,1,2026-04-21T20:44:48+08:00,20260421_204448_774570,controlled_perturbation_study,CTChest,perspective,tp_-141.15_-53.01_-92.41,Far,3,CTChest__perspective__tp_-141.15_-53.01_-92.41__shot2_46.99__shot3m3m1_43.10__shot3m3m2_67.87,Medium,2,46.99,43.1,67.87,-141.149,-53.012,-92.40821838,257.458001463925,marker-only,2.0,37,1,0,11.105470535089436,3.262001213664376,7.960735780744824,0.071782862323354,2.449296846076235,1,1
experiment_results1.csv,perturbation_run,perturbation_gap,1,2026-04-21T20:44:49+08:00,20260421_204449_269323,controlled_perturbation_study,CTChest,perspective,tp_-141.15_-53.01_-92.41,Far,3,CTChest__perspective__tp_-141.15_-53.01_-92.41__shot2_46.99__shot3m3m1_43.10__shot3m3m2_67.87,Medium,2,46.99,43.1,67.87,-141.149,-53.012,-92.40821838,257.458001463925,marker-only,2.0,38,1,0,19.3344522785161,17.778940675817353,15.438668300147611,0.071782862323354,2.077889024443326,1,1
experiment_results1.csv,perturbation_run,perturbation_gap,1,2026-04-21T20:44:49+08:00,20260421_204449_763388,controlled_perturbation_study,CTChest,perspective,tp_-141.15_-53.01_-92.41,Far,3,CTChest__perspective__tp_-141.15_-53.01_-92.41__shot2_46.99__shot3m3m1_43.10__shot3m3m2_67.87,Medium,2,46.99,43.1,67.87,-141.149,-53.012,-92.40821838,257.458001463925,marker-only,2.0,39,1,0,13.30778109845128,13.105014374359124,17.289591528014995,0.071782862323354,2.0878363230691943,1,1
experiment_results1.csv,perturbation_run,perturbation_gap,1,2026-04-21T20:44:50+08:00,20260421_204450_264044,controlled_perturbation_study,CTChest,perspective,tp_-141.15_-53.01_-92.41,Far,3,CTChest__perspective__tp_-141.15_-53.01_-92.41__shot2_46.99__shot3m3m1_43.10__shot3m3m2_67.87,Medium,2,46.99,43.1,67.87,-141.149,-53.012,-92.40821838,257.458001463925,marker-only,2.0,40,1,0,23.30175033766634,33.14568931145489,10.816353879007634,0.071782862323354,2.131450184229532,1,1
experiment_results1.csv,perturbation_run,perturbation_gap,1,2026-04-21T20:44:50+08:00,20260421_204450_755476,controlled_perturbation_study,CTChest,perspective,tp_-141.15_-53.01_-92.41,Far,3,CTChest__perspective__tp_-141.15_-53.01_-92.41__shot2_46.99__shot3m3m1_43.10__shot3m3m2_67.87,Medium,2,46.99,43.1,67.87,-141.149,-53.012,-92.40821838,257.458001463925,marker-only,2.0,41,1,0,18.07307766854636,21.12657808790196,13.940643845392716,0.071782862323354,2.451149623293716,1,1
experiment_results1.csv,perturbation_run,perturbation_gap,1,2026-04-21T20:44:51+08:00,20260421_204451_244246,controlled_perturbation_study,CTChest,perspective,tp_-141.15_-53.01_-92.41,Far,3,CTChest__perspective__tp_-141.15_-53.01_-92.41__shot2_46.99__shot3m3m1_43.10__shot3m3m2_67.87,Medium,2,46.99,43.1,67.87,-141.149,-53.012,-92.40821838,257.458001463925,marker-only,2.0,42,1,0,17.070347922236987,26.431496864880955,5.097647648078862,0.071782862323354,2.346366649373116,1,1
experiment_results1.csv,perturbation_run,perturbation_gap,1,2026-04-21T20:44:51+08:00,20260421_204451_738966,controlled_perturbation_study,CTChest,perspective,tp_-141.15_-53.01_-92.41,Far,3,CTChest__perspective__tp_-141.15_-53.01_-92.41__shot2_46.99__shot3m3m1_43.10__shot3m3m2_67.87,Medium,2,46.99,43.1,67.87,-141.149,-53.012,-92.40821838,257.458001463925,marker-only,2.0,43,1,0,6.707235396853474,1.6393004189280138,11.710132858199277,0.071782862323354,2.558620395131747,1,1
experiment_results1.csv,perturbation_run,perturbation_gap,1,2026-04-21T20:44:52+08:00,20260421_204452_231516,controlled_perturbation_study,CTChest,perspective,tp_-141.15_-53.01_-92.41,Far,3,CTChest__perspective__tp_-141.15_-53.01_-92.41__shot2_46.99__shot3m3m1_43.10__shot3m3m2_67.87,Medium,2,46.99,43.1,67.87,-141.149,-53.012,-92.40821838,257.458001463925,marker-only,2.0,44,1,0,25.084059360829176,32.79797766338815,6.416082976547681,0.071782862323354,2.1440751500201816,1,1
experiment_results1.csv,perturbation_run,perturbation_gap,1,2026-04-21T20:44:52+08:00,20260421_204452_730260,controlled_perturbation_study,CTChest,perspective,tp_-141.15_-53.01_-92.41,Far,3,CTChest__perspective__tp_-141.15_-53.01_-92.41__shot2_46.99__shot3m3m1_43.10__shot3m3m2_67.87,Medium,2,46.99,43.1,67.87,-141.149,-53.012,-92.40821838,257.458001463925,marker-only,2.0,45,1,0,12.9551832487647,10.051372764732578,9.039096513411137,0.071782862323354,2.2951535051096585,1,1
experiment_results1.csv,perturbation_run,perturbation_gap,1,2026-04-21T20:44:53+08:00,20260421_204453_222844,controlled_perturbation_study,CTChest,perspective,tp_-141.15_-53.01_-92.41,Far,3,CTChest__perspective__tp_-141.15_-53.01_-92.41__shot2_46.99__shot3m3m1_43.10__shot3m3m2_67.87,Medium,2,46.99,43.1,67.87,-141.149,-53.012,-92.40821838,257.458001463925,marker-only,2.0,46,1,0,18.14630233719417,16.39769510040178,14.850255041675435,0.071782862323354,2.640025310324677,1,1
experiment_results1.csv,perturbation_run,perturbation_gap,1,2026-04-21T20:44:53+08:00,20260421_204453_709770,controlled_perturbation_study,CTChest,perspective,tp_-141.15_-53.01_-92.41,Far,3,CTChest__perspective__tp_-141.15_-53.01_-92.41__shot2_46.99__shot3m3m1_43.10__shot3m3m2_67.87,Medium,2,46.99,43.1,67.87,-141.149,-53.012,-92.40821838,257.458001463925,marker-only,2.0,47,1,0,3.2563461747316875,15.350138677818354,6.081631063743141,0.071782862323354,1.6240941706641934,1,1
experiment_results1.csv,perturbation_run,perturbation_gap,1,2026-04-21T20:44:54+08:00,20260421_204454_204840,controlled_perturbation_study,CTChest,perspective,tp_-141.15_-53.01_-92.41,Far,3,CTChest__perspective__tp_-141.15_-53.01_-92.41__shot2_46.99__shot3m3m1_43.10__shot3m3m2_67.87,Medium,2,46.99,43.1,67.87,-141.149,-53.012,-92.40821838,257.458001463925,marker-only,2.0,48,1,0,3.571854859067685,2.21728445627506,2.3786330134517413,0.071782862323354,2.328796221328487,1,1
experiment_results1.csv,perturbation_run,perturbation_gap,1,2026-04-21T20:44:54+08:00,20260421_204454_703701,controlled_perturbation_study,CTChest,perspective,tp_-141.15_-53.01_-92.41,Far,3,CTChest__perspective__tp_-141.15_-53.01_-92.41__shot2_46.99__shot3m3m1_43.10__shot3m3m2_67.87,Medium,2,46.99,43.1,67.87,-141.149,-53.012,-92.40821838,257.458001463925,marker-only,2.0,49,1,0,21.2929826907861,28.65149119318168,10.27467630643787,0.071782862323354,2.220387819378526,1,1
experiment_results1.csv,perturbation_run,perturbation_gap,1,2026-04-21T20:44:55+08:00,20260421_204455_192468,controlled_perturbation_study,CTChest,perspective,tp_-141.15_-53.01_-92.41,Far,3,CTChest__perspective__tp_-141.15_-53.01_-92.41__shot2_46.99__shot3m3m1_43.10__shot3m3m2_67.87,Medium,2,46.99,43.1,67.87,-141.149,-53.012,-92.40821838,257.458001463925,marker-only,2.0,50,1,0,8.106022279475786,32.949594954793824,11.83111074379796,0.071782862323354,2.126078615005276,1,1
experiment_results1.csv,perturbation_run,perturbation_gap,1,2026-04-21T20:46:40+08:00,20260421_204640_337065,controlled_perturbation_study,CTChest,perspective,tp_-141.15_-53.01_-92.41,Far,3,CTChest__perspective__tp_-141.15_-53.01_-92.41__shot2_79.61__shot3m3m1_73.60__shot3m3m2_85.47,High,3,79.61,73.6,85.47,-141.149,-53.012,-92.40821838,261.1160848722392,marker-only,0.5,1,1,0,2.5365022106591417,3.826044565338967,1.6430549586296614,0.0817199429688281,0.6747747846130626,1,1
experiment_results1.csv,perturbation_run,perturbation_gap,1,2026-04-21T20:46:40+08:00,20260421_204640_651202,controlled_perturbation_study,CTChest,perspective,tp_-141.15_-53.01_-92.41,Far,3,CTChest__perspective__tp_-141.15_-53.01_-92.41__shot2_79.61__shot3m3m1_73.60__shot3m3m2_85.47,High,3,79.61,73.6,85.47,-141.149,-53.012,-92.40821838,261.1160848722392,marker-only,0.5,2,1,0,0.963449792845354,1.1861092990240127,1.4714407089480628,0.0817199429688281,0.5196991799777672,1,1
experiment_results1.csv,perturbation_run,perturbation_gap,1,2026-04-21T20:46:40+08:00,20260421_204640_965538,controlled_perturbation_study,CTChest,perspective,tp_-141.15_-53.01_-92.41,Far,3,CTChest__perspective__tp_-141.15_-53.01_-92.41__shot2_79.61__shot3m3m1_73.60__shot3m3m2_85.47,High,3,79.61,73.6,85.47,-141.149,-53.012,-92.40821838,261.1160848722392,marker-only,0.5,3,1,0,0.6255178197458038,4.904825523369529,2.1915147954964924,0.0817199429688281,0.6943713488995428,1,1
experiment_results1.csv,perturbation_run,perturbation_gap,1,2026-04-21T20:46:41+08:00,20260421_204641_275834,controlled_perturbation_study,CTChest,perspective,tp_-141.15_-53.01_-92.41,Far,3,CTChest__perspective__tp_-141.15_-53.01_-92.41__shot2_79.61__shot3m3m1_73.60__shot3m3m2_85.47,High,3,79.61,73.6,85.47,-141.149,-53.012,-92.40821838,261.1160848722392,marker-only,0.5,4,1,0,1.233013285934594,0.2450015391092924,1.794890946289763,0.0817199429688281,0.5657497438131356,1,1
experiment_results1.csv,perturbation_run,perturbation_gap,1,2026-04-21T20:46:41+08:00,20260421_204641_588441,controlled_perturbation_study,CTChest,perspective,tp_-141.15_-53.01_-92.41,Far,3,CTChest__perspective__tp_-141.15_-53.01_-92.41__shot2_79.61__shot3m3m1_73.60__shot3m3m2_85.47,High,3,79.61,73.6,85.47,-141.149,-53.012,-92.40821838,261.1160848722392,marker-only,0.5,5,1,0,0.5742879616040977,0.8657857822033165,1.271177579189373,0.0817199429688281,0.5183336783092174,1,1
experiment_results1.csv,perturbation_run,perturbation_gap,1,2026-04-21T20:46:41+08:00,20260421_204641_907766,controlled_perturbation_study,CTChest,perspective,tp_-141.15_-53.01_-92.41,Far,3,CTChest__perspective__tp_-141.15_-53.01_-92.41__shot2_79.61__shot3m3m1_73.60__shot3m3m2_85.47,High,3,79.61,73.6,85.47,-141.149,-53.012,-92.40821838,261.1160848722392,marker-only,0.5,6,1,0,2.753440012132648,3.7082478002611072,0.1362762496306908,0.0817199429688281,0.6587558942646918,1,1
experiment_results1.csv,perturbation_run,perturbation_gap,1,2026-04-21T20:46:42+08:00,20260421_204642_209308,controlled_perturbation_study,CTChest,perspective,tp_-141.15_-53.01_-92.41,Far,3,CTChest__perspective__tp_-141.15_-53.01_-92.41__shot2_79.61__shot3m3m1_73.60__shot3m3m2_85.47,High,3,79.61,73.6,85.47,-141.149,-53.012,-92.40821838,261.1160848722392,marker-only,0.5,7,1,0,1.8106276275257849,2.0362359773034235,1.5935601201334255,0.0817199429688281,0.5460271053848961,1,1
experiment_results1.csv,perturbation_run,perturbation_gap,1,2026-04-21T20:46:42+08:00,20260421_204642_518546,controlled_perturbation_study,CTChest,perspective,tp_-141.15_-53.01_-92.41,Far,3,CTChest__perspective__tp_-141.15_-53.01_-92.41__shot2_79.61__shot3m3m1_73.60__shot3m3m2_85.47,High,3,79.61,73.6,85.47,-141.149,-53.012,-92.40821838,261.1160848722392,marker-only,0.5,8,1,0,2.063966182254992,9.900167993869022,0.4129287088183738,0.0817199429688281,0.6528157691703292,1,1
experiment_results1.csv,perturbation_run,perturbation_gap,1,2026-04-21T20:46:42+08:00,20260421_204642_824453,controlled_perturbation_study,CTChest,perspective,tp_-141.15_-53.01_-92.41,Far,3,CTChest__perspective__tp_-141.15_-53.01_-92.41__shot2_79.61__shot3m3m1_73.60__shot3m3m2_85.47,High,3,79.61,73.6,85.47,-141.149,-53.012,-92.40821838,261.1160848722392,marker-only,0.5,9,1,0,1.9400921125274009,3.4383574919894127,0.2411891776426287,0.0817199429688281,0.6088322126482844,1,1
experiment_results1.csv,perturbation_run,perturbation_gap,1,2026-04-21T20:46:43+08:00,20260421_204643_141754,controlled_perturbation_study,CTChest,perspective,tp_-141.15_-53.01_-92.41,Far,3,CTChest__perspective__tp_-141.15_-53.01_-92.41__shot2_79.61__shot3m3m1_73.60__shot3m3m2_85.47,High,3,79.61,73.6,85.47,-141.149,-53.012,-92.40821838,261.1160848722392,marker-only,0.5,10,1,0,1.772448569715099,3.011484482972589,0.6591209802271184,0.0817199429688281,0.494344088487252,1,1
experiment_results1.csv,perturbation_run,perturbation_gap,1,2026-04-21T20:46:43+08:00,20260421_204643_458265,controlled_perturbation_study,CTChest,perspective,tp_-141.15_-53.01_-92.41,Far,3,CTChest__perspective__tp_-141.15_-53.01_-92.41__shot2_79.61__shot3m3m1_73.60__shot3m3m2_85.47,High,3,79.61,73.6,85.47,-141.149,-53.012,-92.40821838,261.1160848722392,marker-only,0.5,11,1,0,0.544478285018412,2.001417754186509,0.3358199840443547,0.0817199429688281,0.5612172641026142,1,1
experiment_results1.csv,perturbation_run,perturbation_gap,1,2026-04-21T20:46:43+08:00,20260421_204643_781051,controlled_perturbation_study,CTChest,perspective,tp_-141.15_-53.01_-92.41,Far,3,CTChest__perspective__tp_-141.15_-53.01_-92.41__shot2_79.61__shot3m3m1_73.60__shot3m3m2_85.47,High,3,79.61,73.6,85.47,-141.149,-53.012,-92.40821838,261.1160848722392,marker-only,0.5,12,1,0,1.8934289204343129,0.9991895205829292,0.1318531345902501,0.0817199429688281,0.4543198556242969,1,1
experiment_results1.csv,perturbation_run,perturbation_gap,1,2026-04-21T20:46:44+08:00,20260421_204644_112127,controlled_perturbation_study,CTChest,perspective,tp_-141.15_-53.01_-92.41,Far,3,CTChest__perspective__tp_-141.15_-53.01_-92.41__shot2_79.61__shot3m3m1_73.60__shot3m3m2_85.47,High,3,79.61,73.6,85.47,-141.149,-53.012,-92.40821838,261.1160848722392,marker-only,0.5,13,1,0,1.784662323828181,1.4577465169745247,1.421606854404106,0.0817199429688281,0.5610972423174342,1,1
experiment_results1.csv,perturbation_run,perturbation_gap,1,2026-04-21T20:46:44+08:00,20260421_204644_415391,controlled_perturbation_study,CTChest,perspective,tp_-141.15_-53.01_-92.41,Far,3,CTChest__perspective__tp_-141.15_-53.01_-92.41__shot2_79.61__shot3m3m1_73.60__shot3m3m2_85.47,High,3,79.61,73.6,85.47,-141.149,-53.012,-92.40821838,261.1160848722392,marker-only,0.5,14,1,0,1.935834025044916,3.9213009131176944,3.7331157787951854,0.0817199429688281,0.6014842788216755,1,1
experiment_results1.csv,perturbation_run,perturbation_gap,1,2026-04-21T20:46:44+08:00,20260421_204644_720121,controlled_perturbation_study,CTChest,perspective,tp_-141.15_-53.01_-92.41,Far,3,CTChest__perspective__tp_-141.15_-53.01_-92.41__shot2_79.61__shot3m3m1_73.60__shot3m3m2_85.47,High,3,79.61,73.6,85.47,-141.149,-53.012,-92.40821838,261.1160848722392,marker-only,0.5,15,1,0,1.57475986527636,5.576167039241964,2.192941302526928,0.0817199429688281,0.5320549643652674,1,1
experiment_results1.csv,perturbation_run,perturbation_gap,1,2026-04-21T20:46:45+08:00,20260421_204645_024152,controlled_perturbation_study,CTChest,perspective,tp_-141.15_-53.01_-92.41,Far,3,CTChest__perspective__tp_-141.15_-53.01_-92.41__shot2_79.61__shot3m3m1_73.60__shot3m3m2_85.47,High,3,79.61,73.6,85.47,-141.149,-53.012,-92.40821838,261.1160848722392,marker-only,0.5,16,1,0,1.7326448464848732,1.583898166432949,2.337084637204935,0.0817199429688281,0.5169858149904508,1,1
experiment_results1.csv,perturbation_run,perturbation_gap,1,2026-04-21T20:46:45+08:00,20260421_204645_324424,controlled_perturbation_study,CTChest,perspective,tp_-141.15_-53.01_-92.41,Far,3,CTChest__perspective__tp_-141.15_-53.01_-92.41__shot2_79.61__shot3m3m1_73.60__shot3m3m2_85.47,High,3,79.61,73.6,85.47,-141.149,-53.012,-92.40821838,261.1160848722392,marker-only,0.5,17,1,0,2.3258835794432744,4.339924937020629,2.4555807660934423,0.0817199429688281,0.5108858961673662,1,1
experiment_results1.csv,perturbation_run,perturbation_gap,1,2026-04-21T20:46:45+08:00,20260421_204645_647306,controlled_perturbation_study,CTChest,perspective,tp_-141.15_-53.01_-92.41,Far,3,CTChest__perspective__tp_-141.15_-53.01_-92.41__shot2_79.61__shot3m3m1_73.60__shot3m3m2_85.47,High,3,79.61,73.6,85.47,-141.149,-53.012,-92.40821838,261.1160848722392,marker-only,0.5,18,1,0,1.1704928093682578,0.6826607646567989,0.7752704091193172,0.0817199429688281,0.5607238003732092,1,1
experiment_results1.csv,perturbation_run,perturbation_gap,1,2026-04-21T20:46:45+08:00,20260421_204645_960900,controlled_perturbation_study,CTChest,perspective,tp_-141.15_-53.01_-92.41,Far,3,CTChest__perspective__tp_-141.15_-53.01_-92.41__shot2_79.61__shot3m3m1_73.60__shot3m3m2_85.47,High,3,79.61,73.6,85.47,-141.149,-53.012,-92.40821838,261.1160848722392,marker-only,0.5,19,1,0,1.801466180859328,4.721142459191856,3.564509454421868,0.0817199429688281,0.6169826813511925,1,1
experiment_results1.csv,perturbation_run,perturbation_gap,1,2026-04-21T20:46:46+08:00,20260421_204646_279827,controlled_perturbation_study,CTChest,perspective,tp_-141.15_-53.01_-92.41,Far,3,CTChest__perspective__tp_-141.15_-53.01_-92.41__shot2_79.61__shot3m3m1_73.60__shot3m3m2_85.47,High,3,79.61,73.6,85.47,-141.149,-53.012,-92.40821838,261.1160848722392,marker-only,0.5,20,1,0,4.584238033886085,6.945567788905409,0.6300216321919863,0.0817199429688281,0.5309962324670569,1,1
experiment_results1.csv,perturbation_run,perturbation_gap,1,2026-04-21T20:46:46+08:00,20260421_204646_616068,controlled_perturbation_study,CTChest,perspective,tp_-141.15_-53.01_-92.41,Far,3,CTChest__perspective__tp_-141.15_-53.01_-92.41__shot2_79.61__shot3m3m1_73.60__shot3m3m2_85.47,High,3,79.61,73.6,85.47,-141.149,-53.012,-92.40821838,261.1160848722392,marker-only,0.5,21,1,0,0.9849198009418354,2.7013718441485195,1.257804212137713,0.0817199429688281,0.5276478742299603,1,1
experiment_results1.csv,perturbation_run,perturbation_gap,1,2026-04-21T20:46:46+08:00,20260421_204646_951449,controlled_perturbation_study,CTChest,perspective,tp_-141.15_-53.01_-92.41,Far,3,CTChest__perspective__tp_-141.15_-53.01_-92.41__shot2_79.61__shot3m3m1_73.60__shot3m3m2_85.47,High,3,79.61,73.6,85.47,-141.149,-53.012,-92.40821838,261.1160848722392,marker-only,0.5,22,1,0,1.5120927134446325,2.458143400311232,0.0602185890990608,0.0817199429688281,0.5766462782418622,1,1
experiment_results1.csv,perturbation_run,perturbation_gap,1,2026-04-21T20:46:47+08:00,20260421_204647_280679,controlled_perturbation_study,CTChest,perspective,tp_-141.15_-53.01_-92.41,Far,3,CTChest__perspective__tp_-141.15_-53.01_-92.41__shot2_79.61__shot3m3m1_73.60__shot3m3m2_85.47,High,3,79.61,73.6,85.47,-141.149,-53.012,-92.40821838,261.1160848722392,marker-only,0.5,23,1,0,2.425431144761861,6.267386957475987,4.175167606408201,0.0817199429688281,0.6081336572200445,1,1
experiment_results1.csv,perturbation_run,perturbation_gap,1,2026-04-21T20:46:47+08:00,20260421_204647_603653,controlled_perturbation_study,CTChest,perspective,tp_-141.15_-53.01_-92.41,Far,3,CTChest__perspective__tp_-141.15_-53.01_-92.41__shot2_79.61__shot3m3m1_73.60__shot3m3m2_85.47,High,3,79.61,73.6,85.47,-141.149,-53.012,-92.40821838,261.1160848722392,marker-only,0.5,24,1,0,1.54565422404983,1.686552499801563,1.415298360806542,0.0817199429688281,0.5182133203177367,1,1
experiment_results1.csv,perturbation_run,perturbation_gap,1,2026-04-21T20:46:47+08:00,20260421_204647_917956,controlled_perturbation_study,CTChest,perspective,tp_-141.15_-53.01_-92.41,Far,3,CTChest__perspective__tp_-141.15_-53.01_-92.41__shot2_79.61__shot3m3m1_73.60__shot3m3m2_85.47,High,3,79.61,73.6,85.47,-141.149,-53.012,-92.40821838,261.1160848722392,marker-only,0.5,25,1,0,3.718789442887086,7.001805879234475,0.2720796990567579,0.0817199429688281,0.4704529823234009,1,1
experiment_results1.csv,perturbation_run,perturbation_gap,1,2026-04-21T20:46:48+08:00,20260421_204648_236191,controlled_perturbation_study,CTChest,perspective,tp_-141.15_-53.01_-92.41,Far,3,CTChest__perspective__tp_-141.15_-53.01_-92.41__shot2_79.61__shot3m3m1_73.60__shot3m3m2_85.47,High,3,79.61,73.6,85.47,-141.149,-53.012,-92.40821838,261.1160848722392,marker-only,0.5,26,1,0,3.095280239908675,2.82970607390509,0.5224171741584774,0.0817199429688281,0.6308251082464701,1,1
experiment_results1.csv,perturbation_run,perturbation_gap,1,2026-04-21T20:46:48+08:00,20260421_204648_546138,controlled_perturbation_study,CTChest,perspective,tp_-141.15_-53.01_-92.41,Far,3,CTChest__perspective__tp_-141.15_-53.01_-92.41__shot2_79.61__shot3m3m1_73.60__shot3m3m2_85.47,High,3,79.61,73.6,85.47,-141.149,-53.012,-92.40821838,261.1160848722392,marker-only,0.5,27,1,0,3.1496473868979407,8.46186029307899,0.663877850677143,0.0817199429688281,0.6734936781749927,1,1
experiment_results1.csv,perturbation_run,perturbation_gap,1,2026-04-21T20:46:48+08:00,20260421_204648_866766,controlled_perturbation_study,CTChest,perspective,tp_-141.15_-53.01_-92.41,Far,3,CTChest__perspective__tp_-141.15_-53.01_-92.41__shot2_79.61__shot3m3m1_73.60__shot3m3m2_85.47,High,3,79.61,73.6,85.47,-141.149,-53.012,-92.40821838,261.1160848722392,marker-only,0.5,28,1,0,2.291584580345776,2.8586112150298786,2.427075901735848,0.0817199429688281,0.6530001930257807,1,1
experiment_results1.csv,perturbation_run,perturbation_gap,1,2026-04-21T20:46:49+08:00,20260421_204649_195385,controlled_perturbation_study,CTChest,perspective,tp_-141.15_-53.01_-92.41,Far,3,CTChest__perspective__tp_-141.15_-53.01_-92.41__shot2_79.61__shot3m3m1_73.60__shot3m3m2_85.47,High,3,79.61,73.6,85.47,-141.149,-53.012,-92.40821838,261.1160848722392,marker-only,0.5,29,1,0,1.660300730732,2.750713732595367,2.4486607735409347,0.0817199429688281,0.6729084784592757,1,1
experiment_results1.csv,perturbation_run,perturbation_gap,1,2026-04-21T20:46:49+08:00,20260421_204649_525394,controlled_perturbation_study,CTChest,perspective,tp_-141.15_-53.01_-92.41,Far,3,CTChest__perspective__tp_-141.15_-53.01_-92.41__shot2_79.61__shot3m3m1_73.60__shot3m3m2_85.47,High,3,79.61,73.6,85.47,-141.149,-53.012,-92.40821838,261.1160848722392,marker-only,0.5,30,1,0,2.037595856170725,5.906965142245332,0.0551495835707481,0.0817199429688281,0.5797723163450321,1,1
experiment_results1.csv,perturbation_run,perturbation_gap,1,2026-04-21T20:46:49+08:00,20260421_204649_849436,controlled_perturbation_study,CTChest,perspective,tp_-141.15_-53.01_-92.41,Far,3,CTChest__perspective__tp_-141.15_-53.01_-92.41__shot2_79.61__shot3m3m1_73.60__shot3m3m2_85.47,High,3,79.61,73.6,85.47,-141.149,-53.012,-92.40821838,261.1160848722392,marker-only,0.5,31,1,0,3.995477651207819,6.155500169399516,2.66153059531146,0.0817199429688281,0.5660906156953627,1,1
experiment_results1.csv,perturbation_run,perturbation_gap,1,2026-04-21T20:46:50+08:00,20260421_204650_170915,controlled_perturbation_study,CTChest,perspective,tp_-141.15_-53.01_-92.41,Far,3,CTChest__perspective__tp_-141.15_-53.01_-92.41__shot2_79.61__shot3m3m1_73.60__shot3m3m2_85.47,High,3,79.61,73.6,85.47,-141.149,-53.012,-92.40821838,261.1160848722392,marker-only,0.5,32,1,0,2.8189911719783867,6.257663982438259,1.5456659555200458,0.0817199429688281,0.6004678854829802,1,1
experiment_results1.csv,perturbation_run,perturbation_gap,1,2026-04-21T20:46:50+08:00,20260421_204650_502589,controlled_perturbation_study,CTChest,perspective,tp_-141.15_-53.01_-92.41,Far,3,CTChest__perspective__tp_-141.15_-53.01_-92.41__shot2_79.61__shot3m3m1_73.60__shot3m3m2_85.47,High,3,79.61,73.6,85.47,-141.149,-53.012,-92.40821838,261.1160848722392,marker-only,0.5,33,1,0,1.570459403772534,5.561175942903964,1.5507807760498753,0.0817199429688281,0.5766897835053856,1,1
experiment_results1.csv,perturbation_run,perturbation_gap,1,2026-04-21T20:46:50+08:00,20260421_204650_849400,controlled_perturbation_study,CTChest,perspective,tp_-141.15_-53.01_-92.41,Far,3,CTChest__perspective__tp_-141.15_-53.01_-92.41__shot2_79.61__shot3m3m1_73.60__shot3m3m2_85.47,High,3,79.61,73.6,85.47,-141.149,-53.012,-92.40821838,261.1160848722392,marker-only,0.5,34,1,0,3.0760347124777176,2.0613163961764283,2.512096691536378,0.0817199429688281,0.6212180165908908,1,1
experiment_results1.csv,perturbation_run,perturbation_gap,1,2026-04-21T20:46:51+08:00,20260421_204651_184670,controlled_perturbation_study,CTChest,perspective,tp_-141.15_-53.01_-92.41,Far,3,CTChest__perspective__tp_-141.15_-53.01_-92.41__shot2_79.61__shot3m3m1_73.60__shot3m3m2_85.47,High,3,79.61,73.6,85.47,-141.149,-53.012,-92.40821838,261.1160848722392,marker-only,0.5,35,1,0,3.491617629569026,5.009569786656981,0.264207011680271,0.0817199429688281,0.5330394095492217,1,1
experiment_results1.csv,perturbation_run,perturbation_gap,1,2026-04-21T20:46:51+08:00,20260421_204651_522399,controlled_perturbation_study,CTChest,perspective,tp_-141.15_-53.01_-92.41,Far,3,CTChest__perspective__tp_-141.15_-53.01_-92.41__shot2_79.61__shot3m3m1_73.60__shot3m3m2_85.47,High,3,79.61,73.6,85.47,-141.149,-53.012,-92.40821838,261.1160848722392,marker-only,0.5,36,1,0,2.203519952845028,1.9054635251253973,1.2424786317598404,0.0817199429688281,0.5874604736675483,1,1
experiment_results1.csv,perturbation_run,perturbation_gap,1,2026-04-21T20:46:51+08:00,20260421_204651_856710,controlled_perturbation_study,CTChest,perspective,tp_-141.15_-53.01_-92.41,Far,3,CTChest__perspective__tp_-141.15_-53.01_-92.41__shot2_79.61__shot3m3m1_73.60__shot3m3m2_85.47,High,3,79.61,73.6,85.47,-141.149,-53.012,-92.40821838,261.1160848722392,marker-only,0.5,37,1,0,4.128872172168702,5.356716469394853,2.1514504819331863,0.0817199429688281,0.5843246126401355,1,1
experiment_results1.csv,perturbation_run,perturbation_gap,1,2026-04-21T20:46:52+08:00,20260421_204652_190456,controlled_perturbation_study,CTChest,perspective,tp_-141.15_-53.01_-92.41,Far,3,CTChest__perspective__tp_-141.15_-53.01_-92.41__shot2_79.61__shot3m3m1_73.60__shot3m3m2_85.47,High,3,79.61,73.6,85.47,-141.149,-53.012,-92.40821838,261.1160848722392,marker-only,0.5,38,1,0,1.6543314988425115,3.184151876321542,2.884127729096696,0.0817199429688281,0.6157544749437365,1,1
experiment_results1.csv,perturbation_run,perturbation_gap,1,2026-04-21T20:46:52+08:00,20260421_204652_530538,controlled_perturbation_study,CTChest,perspective,tp_-141.15_-53.01_-92.41,Far,3,CTChest__perspective__tp_-141.15_-53.01_-92.41__shot2_79.61__shot3m3m1_73.60__shot3m3m2_85.47,High,3,79.61,73.6,85.47,-141.149,-53.012,-92.40821838,261.1160848722392,marker-only,0.5,39,1,0,2.5812579367080293,6.311307312496143,0.6706388356635663,0.0817199429688281,0.7170712998055807,1,1
experiment_results1.csv,perturbation_run,perturbation_gap,1,2026-04-21T20:46:52+08:00,20260421_204652_870941,controlled_perturbation_study,CTChest,perspective,tp_-141.15_-53.01_-92.41,Far,3,CTChest__perspective__tp_-141.15_-53.01_-92.41__shot2_79.61__shot3m3m1_73.60__shot3m3m2_85.47,High,3,79.61,73.6,85.47,-141.149,-53.012,-92.40821838,261.1160848722392,marker-only,0.5,40,1,0,0.1929711466884363,1.8263587277955264,0.1818979890933157,0.0817199429688281,0.4972182025847953,1,1
experiment_results1.csv,perturbation_run,perturbation_gap,1,2026-04-21T20:46:53+08:00,20260421_204653_210116,controlled_perturbation_study,CTChest,perspective,tp_-141.15_-53.01_-92.41,Far,3,CTChest__perspective__tp_-141.15_-53.01_-92.41__shot2_79.61__shot3m3m1_73.60__shot3m3m2_85.47,High,3,79.61,73.6,85.47,-141.149,-53.012,-92.40821838,261.1160848722392,marker-only,0.5,41,1,0,3.192283414083097,5.470191102233571,0.7697614785852895,0.0817199429688281,0.6554631773793811,1,1
experiment_results1.csv,perturbation_run,perturbation_gap,1,2026-04-21T20:46:53+08:00,20260421_204653_555872,controlled_perturbation_study,CTChest,perspective,tp_-141.15_-53.01_-92.41,Far,3,CTChest__perspective__tp_-141.15_-53.01_-92.41__shot2_79.61__shot3m3m1_73.60__shot3m3m2_85.47,High,3,79.61,73.6,85.47,-141.149,-53.012,-92.40821838,261.1160848722392,marker-only,0.5,42,1,0,1.8906004187351664,2.8638304770888143,1.041309759122461,0.0817199429688281,0.6838817641316485,1,1
experiment_results1.csv,perturbation_run,perturbation_gap,1,2026-04-21T20:46:53+08:00,20260421_204653_890409,controlled_perturbation_study,CTChest,perspective,tp_-141.15_-53.01_-92.41,Far,3,CTChest__perspective__tp_-141.15_-53.01_-92.41__shot2_79.61__shot3m3m1_73.60__shot3m3m2_85.47,High,3,79.61,73.6,85.47,-141.149,-53.012,-92.40821838,261.1160848722392,marker-only,0.5,43,1,0,2.87559828520905,2.108343411574152,0.7702867115903357,0.0817199429688281,0.5106144035136145,1,1
experiment_results1.csv,perturbation_run,perturbation_gap,1,2026-04-21T20:46:54+08:00,20260421_204654_222297,controlled_perturbation_study,CTChest,perspective,tp_-141.15_-53.01_-92.41,Far,3,CTChest__perspective__tp_-141.15_-53.01_-92.41__shot2_79.61__shot3m3m1_73.60__shot3m3m2_85.47,High,3,79.61,73.6,85.47,-141.149,-53.012,-92.40821838,261.1160848722392,marker-only,0.5,44,1,0,1.7182216620323445,4.758564042153728,2.842190776802674,0.0817199429688281,0.715220037817022,1,1
experiment_results1.csv,perturbation_run,perturbation_gap,1,2026-04-21T20:46:54+08:00,20260421_204654_559118,controlled_perturbation_study,CTChest,perspective,tp_-141.15_-53.01_-92.41,Far,3,CTChest__perspective__tp_-141.15_-53.01_-92.41__shot2_79.61__shot3m3m1_73.60__shot3m3m2_85.47,High,3,79.61,73.6,85.47,-141.149,-53.012,-92.40821838,261.1160848722392,marker-only,0.5,45,1,0,1.341337768938287,3.1352763950749987,0.9355673673316413,0.0817199429688281,0.6091120436701734,1,1
experiment_results1.csv,perturbation_run,perturbation_gap,1,2026-04-21T20:46:54+08:00,20260421_204654_909908,controlled_perturbation_study,CTChest,perspective,tp_-141.15_-53.01_-92.41,Far,3,CTChest__perspective__tp_-141.15_-53.01_-92.41__shot2_79.61__shot3m3m1_73.60__shot3m3m2_85.47,High,3,79.61,73.6,85.47,-141.149,-53.012,-92.40821838,261.1160848722392,marker-only,0.5,46,1,0,0.4243936756277411,2.20979019862598,1.3525193649617646,0.0817199429688281,0.7221719969065786,1,1
experiment_results1.csv,perturbation_run,perturbation_gap,1,2026-04-21T20:46:55+08:00,20260421_204655_242855,controlled_perturbation_study,CTChest,perspective,tp_-141.15_-53.01_-92.41,Far,3,CTChest__perspective__tp_-141.15_-53.01_-92.41__shot2_79.61__shot3m3m1_73.60__shot3m3m2_85.47,High,3,79.61,73.6,85.47,-141.149,-53.012,-92.40821838,261.1160848722392,marker-only,0.5,47,1,0,2.1208437014245987,5.527636865129532,1.2878154251933598,0.0817199429688281,0.5708620539319925,1,1
experiment_results1.csv,perturbation_run,perturbation_gap,1,2026-04-21T20:46:55+08:00,20260421_204655_570898,controlled_perturbation_study,CTChest,perspective,tp_-141.15_-53.01_-92.41,Far,3,CTChest__perspective__tp_-141.15_-53.01_-92.41__shot2_79.61__shot3m3m1_73.60__shot3m3m2_85.47,High,3,79.61,73.6,85.47,-141.149,-53.012,-92.40821838,261.1160848722392,marker-only,0.5,48,1,0,1.4346273088118031,2.2482799228338872,4.393839576797872,0.0817199429688281,0.5612565858780237,1,1
experiment_results1.csv,perturbation_run,perturbation_gap,1,2026-04-21T20:46:55+08:00,20260421_204655_902089,controlled_perturbation_study,CTChest,perspective,tp_-141.15_-53.01_-92.41,Far,3,CTChest__perspective__tp_-141.15_-53.01_-92.41__shot2_79.61__shot3m3m1_73.60__shot3m3m2_85.47,High,3,79.61,73.6,85.47,-141.149,-53.012,-92.40821838,261.1160848722392,marker-only,0.5,49,1,0,1.4521365599472738,2.176589734348002,5.721711094944502,0.0817199429688281,0.5503621974505846,1,1
experiment_results1.csv,perturbation_run,perturbation_gap,1,2026-04-21T20:46:56+08:00,20260421_204656_242661,controlled_perturbation_study,CTChest,perspective,tp_-141.15_-53.01_-92.41,Far,3,CTChest__perspective__tp_-141.15_-53.01_-92.41__shot2_79.61__shot3m3m1_73.60__shot3m3m2_85.47,High,3,79.61,73.6,85.47,-141.149,-53.012,-92.40821838,261.1160848722392,marker-only,0.5,50,1,0,2.768653654953806,5.349692523631704,0.4100080258225019,0.0817199429688281,0.6305112079011909,1,1
experiment_results1.csv,perturbation_run,perturbation_gap,1,2026-04-21T20:47:01+08:00,20260421_204701_874149,controlled_perturbation_study,CTChest,perspective,tp_-141.15_-53.01_-92.41,Far,3,CTChest__perspective__tp_-141.15_-53.01_-92.41__shot2_79.61__shot3m3m1_73.60__shot3m3m2_85.47,High,3,79.61,73.6,85.47,-141.149,-53.012,-92.40821838,261.1160848722392,marker-only,1.0,1,1,0,4.233021085227205,9.868927221494427,1.336063432945484,0.0817199429688281,1.1554467406503914,1,1
experiment_results1.csv,perturbation_run,perturbation_gap,1,2026-04-21T20:47:02+08:00,20260421_204702_195385,controlled_perturbation_study,CTChest,perspective,tp_-141.15_-53.01_-92.41,Far,3,CTChest__perspective__tp_-141.15_-53.01_-92.41__shot2_79.61__shot3m3m1_73.60__shot3m3m2_85.47,High,3,79.61,73.6,85.47,-141.149,-53.012,-92.40821838,261.1160848722392,marker-only,1.0,2,1,0,9.437843716969338,14.850909007808106,1.5352054096397536,0.0817199429688281,1.2191870684966428,1,1
experiment_results1.csv,perturbation_run,perturbation_gap,1,2026-04-21T20:47:02+08:00,20260421_204702_508392,controlled_perturbation_study,CTChest,perspective,tp_-141.15_-53.01_-92.41,Far,3,CTChest__perspective__tp_-141.15_-53.01_-92.41__shot2_79.61__shot3m3m1_73.60__shot3m3m2_85.47,High,3,79.61,73.6,85.47,-141.149,-53.012,-92.40821838,261.1160848722392,marker-only,1.0,3,1,0,2.097509181587506,3.775842579116488,0.1541298965938487,0.0817199429688281,1.3777976816145578,1,1
experiment_results1.csv,perturbation_run,perturbation_gap,1,2026-04-21T20:47:02+08:00,20260421_204702_817423,controlled_perturbation_study,CTChest,perspective,tp_-141.15_-53.01_-92.41,Far,3,CTChest__perspective__tp_-141.15_-53.01_-92.41__shot2_79.61__shot3m3m1_73.60__shot3m3m2_85.47,High,3,79.61,73.6,85.47,-141.149,-53.012,-92.40821838,261.1160848722392,marker-only,1.0,4,1,0,6.8025851882790604,12.321741416045194,1.560800835422257,0.0817199429688281,1.1289059218523148,1,1
experiment_results1.csv,perturbation_run,perturbation_gap,1,2026-04-21T20:47:03+08:00,20260421_204703_125885,controlled_perturbation_study,CTChest,perspective,tp_-141.15_-53.01_-92.41,Far,3,CTChest__perspective__tp_-141.15_-53.01_-92.41__shot2_79.61__shot3m3m1_73.60__shot3m3m2_85.47,High,3,79.61,73.6,85.47,-141.149,-53.012,-92.40821838,261.1160848722392,marker-only,1.0,5,1,0,6.122582766326438,105.734149721174,2.6651545989808225,0.0817199429688281,1.6295109625689117,1,1
experiment_results1.csv,perturbation_run,perturbation_gap,1,2026-04-21T20:47:03+08:00,20260421_204703_443054,controlled_perturbation_study,CTChest,perspective,tp_-141.15_-53.01_-92.41,Far,3,CTChest__perspective__tp_-141.15_-53.01_-92.41__shot2_79.61__shot3m3m1_73.60__shot3m3m2_85.47,High,3,79.61,73.6,85.47,-141.149,-53.012,-92.40821838,261.1160848722392,marker-only,1.0,6,1,0,2.838071783998802,5.613774301589432,2.7823552653290804,0.0817199429688281,1.1361050699897726,1,1
experiment_results1.csv,perturbation_run,perturbation_gap,1,2026-04-21T20:47:03+08:00,20260421_204703_758363,controlled_perturbation_study,CTChest,perspective,tp_-141.15_-53.01_-92.41,Far,3,CTChest__perspective__tp_-141.15_-53.01_-92.41__shot2_79.61__shot3m3m1_73.60__shot3m3m2_85.47,High,3,79.61,73.6,85.47,-141.149,-53.012,-92.40821838,261.1160848722392,marker-only,1.0,7,1,0,1.6945128863590189,5.121397706211991,2.3956469848850483,0.0817199429688281,1.1319003574175095,1,1
experiment_results1.csv,perturbation_run,perturbation_gap,1,2026-04-21T20:47:04+08:00,20260421_204704_077754,controlled_perturbation_study,CTChest,perspective,tp_-141.15_-53.01_-92.41,Far,3,CTChest__perspective__tp_-141.15_-53.01_-92.41__shot2_79.61__shot3m3m1_73.60__shot3m3m2_85.47,High,3,79.61,73.6,85.47,-141.149,-53.012,-92.40821838,261.1160848722392,marker-only,1.0,8,1,0,1.5046483586598791,5.743593799090657,1.2120505326078683,0.0817199429688281,1.3439129912944694,1,1
experiment_results1.csv,perturbation_run,perturbation_gap,1,2026-04-21T20:47:04+08:00,20260421_204704_379022,controlled_perturbation_study,CTChest,perspective,tp_-141.15_-53.01_-92.41,Far,3,CTChest__perspective__tp_-141.15_-53.01_-92.41__shot2_79.61__shot3m3m1_73.60__shot3m3m2_85.47,High,3,79.61,73.6,85.47,-141.149,-53.012,-92.40821838,261.1160848722392,marker-only,1.0,9,1,0,1.8326525150491944,117.94881612246184,1.3940910908656752,0.0817199429688281,1.3546118800907645,1,1
experiment_results1.csv,perturbation_run,perturbation_gap,1,2026-04-21T20:47:04+08:00,20260421_204704_690051,controlled_perturbation_study,CTChest,perspective,tp_-141.15_-53.01_-92.41,Far,3,CTChest__perspective__tp_-141.15_-53.01_-92.41__shot2_79.61__shot3m3m1_73.60__shot3m3m2_85.47,High,3,79.61,73.6,85.47,-141.149,-53.012,-92.40821838,261.1160848722392,marker-only,1.0,10,1,0,2.2507123217322427,1.59090488048754,3.910189357793125,0.0817199429688281,1.102616954963252,1,1
experiment_results1.csv,perturbation_run,perturbation_gap,1,2026-04-21T20:47:04+08:00,20260421_204704_991665,controlled_perturbation_study,CTChest,perspective,tp_-141.15_-53.01_-92.41,Far,3,CTChest__perspective__tp_-141.15_-53.01_-92.41__shot2_79.61__shot3m3m1_73.60__shot3m3m2_85.47,High,3,79.61,73.6,85.47,-141.149,-53.012,-92.40821838,261.1160848722392,marker-only,1.0,11,1,0,9.201363766452364,18.060755025222868,2.8189005961545583,0.0817199429688281,0.9639748885324828,1,1
experiment_results1.csv,perturbation_run,perturbation_gap,1,2026-04-21T20:47:05+08:00,20260421_204705_298984,controlled_perturbation_study,CTChest,perspective,tp_-141.15_-53.01_-92.41,Far,3,CTChest__perspective__tp_-141.15_-53.01_-92.41__shot2_79.61__shot3m3m1_73.60__shot3m3m2_85.47,High,3,79.61,73.6,85.47,-141.149,-53.012,-92.40821838,261.1160848722392,marker-only,1.0,12,1,0,3.096428562264163,7.465732909638295,0.3292539870570533,0.0817199429688281,0.8653498073153418,1,1
experiment_results1.csv,perturbation_run,perturbation_gap,1,2026-04-21T20:47:05+08:00,20260421_204705_614439,controlled_perturbation_study,CTChest,perspective,tp_-141.15_-53.01_-92.41,Far,3,CTChest__perspective__tp_-141.15_-53.01_-92.41__shot2_79.61__shot3m3m1_73.60__shot3m3m2_85.47,High,3,79.61,73.6,85.47,-141.149,-53.012,-92.40821838,261.1160848722392,marker-only,1.0,13,1,0,4.259080292134038,11.44875867426772,1.2161778971340516,0.0817199429688281,0.9072595887919788,1,1
experiment_results1.csv,perturbation_run,perturbation_gap,1,2026-04-21T20:47:05+08:00,20260421_204705_923560,controlled_perturbation_study,CTChest,perspective,tp_-141.15_-53.01_-92.41,Far,3,CTChest__perspective__tp_-141.15_-53.01_-92.41__shot2_79.61__shot3m3m1_73.60__shot3m3m2_85.47,High,3,79.61,73.6,85.47,-141.149,-53.012,-92.40821838,261.1160848722392,marker-only,1.0,14,1,0,4.695818863014752,10.064842030948286,5.036712000725826,0.0817199429688281,1.0993911142289097,1,1
experiment_results1.csv,perturbation_run,perturbation_gap,1,2026-04-21T20:47:06+08:00,20260421_204706_234634,controlled_perturbation_study,CTChest,perspective,tp_-141.15_-53.01_-92.41,Far,3,CTChest__perspective__tp_-141.15_-53.01_-92.41__shot2_79.61__shot3m3m1_73.60__shot3m3m2_85.47,High,3,79.61,73.6,85.47,-141.149,-53.012,-92.40821838,261.1160848722392,marker-only,1.0,15,1,0,4.111047854121317,10.66065374194504,3.358544447939872,0.0817199429688281,1.3046753263355253,1,1
experiment_results1.csv,perturbation_run,perturbation_gap,1,2026-04-21T20:47:06+08:00,20260421_204706_555685,controlled_perturbation_study,CTChest,perspective,tp_-141.15_-53.01_-92.41,Far,3,CTChest__perspective__tp_-141.15_-53.01_-92.41__shot2_79.61__shot3m3m1_73.60__shot3m3m2_85.47,High,3,79.61,73.6,85.47,-141.149,-53.012,-92.40821838,261.1160848722392,marker-only,1.0,16,1,0,7.598079821590777,14.12918861658382,7.395571613298004,0.0817199429688281,1.3413520591011023,1,1
experiment_results1.csv,perturbation_run,perturbation_gap,1,2026-04-21T20:47:06+08:00,20260421_204706_871749,controlled_perturbation_study,CTChest,perspective,tp_-141.15_-53.01_-92.41,Far,3,CTChest__perspective__tp_-141.15_-53.01_-92.41__shot2_79.61__shot3m3m1_73.60__shot3m3m2_85.47,High,3,79.61,73.6,85.47,-141.149,-53.012,-92.40821838,261.1160848722392,marker-only,1.0,17,1,0,2.571897991221118,1.7283050341192747,1.5493543878419958,0.0817199429688281,1.070663102360915,1,1
experiment_results1.csv,perturbation_run,perturbation_gap,1,2026-04-21T20:47:07+08:00,20260421_204707_196288,controlled_perturbation_study,CTChest,perspective,tp_-141.15_-53.01_-92.41,Far,3,CTChest__perspective__tp_-141.15_-53.01_-92.41__shot2_79.61__shot3m3m1_73.60__shot3m3m2_85.47,High,3,79.61,73.6,85.47,-141.149,-53.012,-92.40821838,261.1160848722392,marker-only,1.0,18,1,0,7.413398843250491,12.751088413671091,3.1801626463472146,0.0817199429688281,1.1424506964001415,1,1
experiment_results1.csv,perturbation_run,perturbation_gap,1,2026-04-21T20:47:07+08:00,20260421_204707_525312,controlled_perturbation_study,CTChest,perspective,tp_-141.15_-53.01_-92.41,Far,3,CTChest__perspective__tp_-141.15_-53.01_-92.41__shot2_79.61__shot3m3m1_73.60__shot3m3m2_85.47,High,3,79.61,73.6,85.47,-141.149,-53.012,-92.40821838,261.1160848722392,marker-only,1.0,19,1,0,6.8391296577233485,13.261837340605268,5.1332493610274685,0.0817199429688281,1.0445398155618784,1,1
experiment_results1.csv,perturbation_run,perturbation_gap,1,2026-04-21T20:47:07+08:00,20260421_204707_863533,controlled_perturbation_study,CTChest,perspective,tp_-141.15_-53.01_-92.41,Far,3,CTChest__perspective__tp_-141.15_-53.01_-92.41__shot2_79.61__shot3m3m1_73.60__shot3m3m2_85.47,High,3,79.61,73.6,85.47,-141.149,-53.012,-92.40821838,261.1160848722392,marker-only,1.0,20,1,0,1.52112570547353,104.2616422276636,1.807722085161548,0.0817199429688281,1.4567344556822792,1,1
experiment_results1.csv,perturbation_run,perturbation_gap,1,2026-04-21T20:47:08+08:00,20260421_204708_200578,controlled_perturbation_study,CTChest,perspective,tp_-141.15_-53.01_-92.41,Far,3,CTChest__perspective__tp_-141.15_-53.01_-92.41__shot2_79.61__shot3m3m1_73.60__shot3m3m2_85.47,High,3,79.61,73.6,85.47,-141.149,-53.012,-92.40821838,261.1160848722392,marker-only,1.0,21,1,0,4.961965856426365,6.898190457280831,0.9227951767966872,0.0817199429688281,1.18512927131583,1,1
experiment_results1.csv,perturbation_run,perturbation_gap,1,2026-04-21T20:47:08+08:00,20260421_204708_540081,controlled_perturbation_study,CTChest,perspective,tp_-141.15_-53.01_-92.41,Far,3,CTChest__perspective__tp_-141.15_-53.01_-92.41__shot2_79.61__shot3m3m1_73.60__shot3m3m2_85.47,High,3,79.61,73.6,85.47,-141.149,-53.012,-92.40821838,261.1160848722392,marker-only,1.0,22,1,0,1.742386067574286,112.21062300259894,4.027618819297654,0.0817199429688281,1.3802334208661178,1,1
experiment_results1.csv,perturbation_run,perturbation_gap,1,2026-04-21T20:47:08+08:00,20260421_204708_872091,controlled_perturbation_study,CTChest,perspective,tp_-141.15_-53.01_-92.41,Far,3,CTChest__perspective__tp_-141.15_-53.01_-92.41__shot2_79.61__shot3m3m1_73.60__shot3m3m2_85.47,High,3,79.61,73.6,85.47,-141.149,-53.012,-92.40821838,261.1160848722392,marker-only,1.0,23,1,0,3.4362470311069617,121.52311648806028,0.094349604760253,0.0817199429688281,1.32826078522832,1,1
experiment_results1.csv,perturbation_run,perturbation_gap,1,2026-04-21T20:47:09+08:00,20260421_204709_213979,controlled_perturbation_study,CTChest,perspective,tp_-141.15_-53.01_-92.41,Far,3,CTChest__perspective__tp_-141.15_-53.01_-92.41__shot2_79.61__shot3m3m1_73.60__shot3m3m2_85.47,High,3,79.61,73.6,85.47,-141.149,-53.012,-92.40821838,261.1160848722392,marker-only,1.0,24,1,0,2.824638579436902,9.211702059771191,1.6609398454738338,0.0817199429688281,1.3240137194654338,1,1
experiment_results1.csv,perturbation_run,perturbation_gap,1,2026-04-21T20:47:09+08:00,20260421_204709_552086,controlled_perturbation_study,CTChest,perspective,tp_-141.15_-53.01_-92.41,Far,3,CTChest__perspective__tp_-141.15_-53.01_-92.41__shot2_79.61__shot3m3m1_73.60__shot3m3m2_85.47,High,3,79.61,73.6,85.47,-141.149,-53.012,-92.40821838,261.1160848722392,marker-only,1.0,25,1,0,5.755977942839527,10.12094196445954,8.074942060825359,0.0817199429688281,1.1807546063263028,1,1
experiment_results1.csv,perturbation_run,perturbation_gap,1,2026-04-21T20:47:09+08:00,20260421_204709_890587,controlled_perturbation_study,CTChest,perspective,tp_-141.15_-53.01_-92.41,Far,3,CTChest__perspective__tp_-141.15_-53.01_-92.41__shot2_79.61__shot3m3m1_73.60__shot3m3m2_85.47,High,3,79.61,73.6,85.47,-141.149,-53.012,-92.40821838,261.1160848722392,marker-only,1.0,26,1,0,10.582542016213514,19.65160450539544,1.8791796103370657,0.0817199429688281,0.9352313482002153,1,1
experiment_results1.csv,perturbation_run,perturbation_gap,1,2026-04-21T20:47:10+08:00,20260421_204710_230871,controlled_perturbation_study,CTChest,perspective,tp_-141.15_-53.01_-92.41,Far,3,CTChest__perspective__tp_-141.15_-53.01_-92.41__shot2_79.61__shot3m3m1_73.60__shot3m3m2_85.47,High,3,79.61,73.6,85.47,-141.149,-53.012,-92.40821838,261.1160848722392,marker-only,1.0,27,1,0,2.2454036904156043,6.524059531916195,2.377144950469168,0.0817199429688281,1.1887036538804494,1,1
experiment_results1.csv,perturbation_run,perturbation_gap,1,2026-04-21T20:47:10+08:00,20260421_204710_565312,controlled_perturbation_study,CTChest,perspective,tp_-141.15_-53.01_-92.41,Far,3,CTChest__perspective__tp_-141.15_-53.01_-92.41__shot2_79.61__shot3m3m1_73.60__shot3m3m2_85.47,High,3,79.61,73.6,85.47,-141.149,-53.012,-92.40821838,261.1160848722392,marker-only,1.0,28,1,0,4.235645865061311,2.4389759367368256,3.1649147101923454,0.0817199429688281,1.1002996525013262,1,1
experiment_results1.csv,perturbation_run,perturbation_gap,1,2026-04-21T20:47:10+08:00,20260421_204710_906976,controlled_perturbation_study,CTChest,perspective,tp_-141.15_-53.01_-92.41,Far,3,CTChest__perspective__tp_-141.15_-53.01_-92.41__shot2_79.61__shot3m3m1_73.60__shot3m3m2_85.47,High,3,79.61,73.6,85.47,-141.149,-53.012,-92.40821838,261.1160848722392,marker-only,1.0,29,1,0,7.951663395649319,16.688785123128984,2.4503494454617005,0.0817199429688281,1.0975940843729584,1,1
experiment_results1.csv,perturbation_run,perturbation_gap,1,2026-04-21T20:47:11+08:00,20260421_204711_253333,controlled_perturbation_study,CTChest,perspective,tp_-141.15_-53.01_-92.41,Far,3,CTChest__perspective__tp_-141.15_-53.01_-92.41__shot2_79.61__shot3m3m1_73.60__shot3m3m2_85.47,High,3,79.61,73.6,85.47,-141.149,-53.012,-92.40821838,261.1160848722392,marker-only,1.0,30,1,0,7.828430210100129,7.910451003249023,2.2323703718880603,0.0817199429688281,1.1710893731630547,1,1
experiment_results1.csv,perturbation_run,perturbation_gap,1,2026-04-21T20:47:11+08:00,20260421_204711_595673,controlled_perturbation_study,CTChest,perspective,tp_-141.15_-53.01_-92.41,Far,3,CTChest__perspective__tp_-141.15_-53.01_-92.41__shot2_79.61__shot3m3m1_73.60__shot3m3m2_85.47,High,3,79.61,73.6,85.47,-141.149,-53.012,-92.40821838,261.1160848722392,marker-only,1.0,31,1,0,3.728728797408231,1.0262727142790966,1.7125454994550138,0.0817199429688281,1.1989684854146188,1,1
experiment_results1.csv,perturbation_run,perturbation_gap,1,2026-04-21T20:47:11+08:00,20260421_204711_934732,controlled_perturbation_study,CTChest,perspective,tp_-141.15_-53.01_-92.41,Far,3,CTChest__perspective__tp_-141.15_-53.01_-92.41__shot2_79.61__shot3m3m1_73.60__shot3m3m2_85.47,High,3,79.61,73.6,85.47,-141.149,-53.012,-92.40821838,261.1160848722392,marker-only,1.0,32,1,0,2.563619392047711,0.5391731608287491,2.873501719031816,0.0817199429688281,1.2358265806501751,1,1
experiment_results1.csv,perturbation_run,perturbation_gap,1,2026-04-21T20:47:12+08:00,20260421_204712_270085,controlled_perturbation_study,CTChest,perspective,tp_-141.15_-53.01_-92.41,Far,3,CTChest__perspective__tp_-141.15_-53.01_-92.41__shot2_79.61__shot3m3m1_73.60__shot3m3m2_85.47,High,3,79.61,73.6,85.47,-141.149,-53.012,-92.40821838,261.1160848722392,marker-only,1.0,33,1,0,3.297783294152635,3.4706928422425665,3.651324181396107,0.0817199429688281,1.3448651398839857,1,1
experiment_results1.csv,perturbation_run,perturbation_gap,1,2026-04-21T20:47:12+08:00,20260421_204712_605967,controlled_perturbation_study,CTChest,perspective,tp_-141.15_-53.01_-92.41,Far,3,CTChest__perspective__tp_-141.15_-53.01_-92.41__shot2_79.61__shot3m3m1_73.60__shot3m3m2_85.47,High,3,79.61,73.6,85.47,-141.149,-53.012,-92.40821838,261.1160848722392,marker-only,1.0,34,1,0,5.829043715082632,6.268481111189431,0.0904110376815691,0.0817199429688281,0.9310003790137186,1,1
experiment_results1.csv,perturbation_run,perturbation_gap,1,2026-04-21T20:47:12+08:00,20260421_204712_945265,controlled_perturbation_study,CTChest,perspective,tp_-141.15_-53.01_-92.41,Far,3,CTChest__perspective__tp_-141.15_-53.01_-92.41__shot2_79.61__shot3m3m1_73.60__shot3m3m2_85.47,High,3,79.61,73.6,85.47,-141.149,-53.012,-92.40821838,261.1160848722392,marker-only,1.0,35,1,0,3.980510571171499,8.296084288533843,5.295304322687059,0.0817199429688281,1.307959491181595,1,1
experiment_results1.csv,perturbation_run,perturbation_gap,1,2026-04-21T20:47:13+08:00,20260421_204713_288066,controlled_perturbation_study,CTChest,perspective,tp_-141.15_-53.01_-92.41,Far,3,CTChest__perspective__tp_-141.15_-53.01_-92.41__shot2_79.61__shot3m3m1_73.60__shot3m3m2_85.47,High,3,79.61,73.6,85.47,-141.149,-53.012,-92.40821838,261.1160848722392,marker-only,1.0,36,1,0,1.16299386747707,4.009826598267358,2.563109268221495,0.0817199429688281,1.165012469357243,1,1
experiment_results1.csv,perturbation_run,perturbation_gap,1,2026-04-21T20:47:13+08:00,20260421_204713_627441,controlled_perturbation_study,CTChest,perspective,tp_-141.15_-53.01_-92.41,Far,3,CTChest__perspective__tp_-141.15_-53.01_-92.41__shot2_79.61__shot3m3m1_73.60__shot3m3m2_85.47,High,3,79.61,73.6,85.47,-141.149,-53.012,-92.40821838,261.1160848722392,marker-only,1.0,37,1,0,1.0907434137538552,1.7495429359096937,0.9300972161605328,0.0817199429688281,1.120753144385951,1,1
experiment_results1.csv,perturbation_run,perturbation_gap,1,2026-04-21T20:47:13+08:00,20260421_204713_974070,controlled_perturbation_study,CTChest,perspective,tp_-141.15_-53.01_-92.41,Far,3,CTChest__perspective__tp_-141.15_-53.01_-92.41__shot2_79.61__shot3m3m1_73.60__shot3m3m2_85.47,High,3,79.61,73.6,85.47,-141.149,-53.012,-92.40821838,261.1160848722392,marker-only,1.0,38,1,0,2.123705923742103,8.780588884909248,3.3344109918233125,0.0817199429688281,1.1204030341111184,1,1
experiment_results1.csv,perturbation_run,perturbation_gap,1,2026-04-21T20:47:14+08:00,20260421_204714_327413,controlled_perturbation_study,CTChest,perspective,tp_-141.15_-53.01_-92.41,Far,3,CTChest__perspective__tp_-141.15_-53.01_-92.41__shot2_79.61__shot3m3m1_73.60__shot3m3m2_85.47,High,3,79.61,73.6,85.47,-141.149,-53.012,-92.40821838,261.1160848722392,marker-only,1.0,39,1,0,6.814381013107092,16.581988157491466,3.109694311362562,0.0817199429688281,1.243001564411086,1,1
experiment_results1.csv,perturbation_run,perturbation_gap,1,2026-04-21T20:47:14+08:00,20260421_204714_643923,controlled_perturbation_study,CTChest,perspective,tp_-141.15_-53.01_-92.41,Far,3,CTChest__perspective__tp_-141.15_-53.01_-92.41__shot2_79.61__shot3m3m1_73.60__shot3m3m2_85.47,High,3,79.61,73.6,85.47,-141.149,-53.012,-92.40821838,261.1160848722392,marker-only,1.0,40,1,0,8.255041869815802,8.883363594894048,5.305635780121035,0.0817199429688281,1.3245932319512688,1,1
experiment_results1.csv,perturbation_run,perturbation_gap,1,2026-04-21T20:47:14+08:00,20260421_204714_939581,controlled_perturbation_study,CTChest,perspective,tp_-141.15_-53.01_-92.41,Far,3,CTChest__perspective__tp_-141.15_-53.01_-92.41__shot2_79.61__shot3m3m1_73.60__shot3m3m2_85.47,High,3,79.61,73.6,85.47,-141.149,-53.012,-92.40821838,261.1160848722392,marker-only,1.0,41,1,0,5.069370688674307,5.719379799128487,0.1051687250165791,0.0817199429688281,1.106434666395374,1,1
experiment_results1.csv,perturbation_run,perturbation_gap,1,2026-04-21T20:47:15+08:00,20260421_204715_290885,controlled_perturbation_study,CTChest,perspective,tp_-141.15_-53.01_-92.41,Far,3,CTChest__perspective__tp_-141.15_-53.01_-92.41__shot2_79.61__shot3m3m1_73.60__shot3m3m2_85.47,High,3,79.61,73.6,85.47,-141.149,-53.012,-92.40821838,261.1160848722392,marker-only,1.0,42,1,0,6.733760116151893,11.559531615174636,3.1734993920284293,0.0817199429688281,1.430139873743604,1,1
experiment_results1.csv,perturbation_run,perturbation_gap,1,2026-04-21T20:47:15+08:00,20260421_204715_600090,controlled_perturbation_study,CTChest,perspective,tp_-141.15_-53.01_-92.41,Far,3,CTChest__perspective__tp_-141.15_-53.01_-92.41__shot2_79.61__shot3m3m1_73.60__shot3m3m2_85.47,High,3,79.61,73.6,85.47,-141.149,-53.012,-92.40821838,261.1160848722392,marker-only,1.0,43,1,0,4.888255177456332,10.776304647090386,6.177802404401805,0.0817199429688281,1.183899280361299,1,1
experiment_results1.csv,perturbation_run,perturbation_gap,1,2026-04-21T20:47:15+08:00,20260421_204715_897386,controlled_perturbation_study,CTChest,perspective,tp_-141.15_-53.01_-92.41,Far,3,CTChest__perspective__tp_-141.15_-53.01_-92.41__shot2_79.61__shot3m3m1_73.60__shot3m3m2_85.47,High,3,79.61,73.6,85.47,-141.149,-53.012,-92.40821838,261.1160848722392,marker-only,1.0,44,1,0,2.8775817032526434,5.7076008564399725,0.8768578892068953,0.0817199429688281,1.138914180632863,1,1
experiment_results1.csv,perturbation_run,perturbation_gap,1,2026-04-21T20:47:16+08:00,20260421_204716_187883,controlled_perturbation_study,CTChest,perspective,tp_-141.15_-53.01_-92.41,Far,3,CTChest__perspective__tp_-141.15_-53.01_-92.41__shot2_79.61__shot3m3m1_73.60__shot3m3m2_85.47,High,3,79.61,73.6,85.47,-141.149,-53.012,-92.40821838,261.1160848722392,marker-only,1.0,45,1,0,0.8284959850630905,3.015172084102584,2.680690910673772,0.0817199429688281,1.085336531825374,1,1
experiment_results1.csv,perturbation_run,perturbation_gap,1,2026-04-21T20:47:16+08:00,20260421_204716_494419,controlled_perturbation_study,CTChest,perspective,tp_-141.15_-53.01_-92.41,Far,3,CTChest__perspective__tp_-141.15_-53.01_-92.41__shot2_79.61__shot3m3m1_73.60__shot3m3m2_85.47,High,3,79.61,73.6,85.47,-141.149,-53.012,-92.40821838,261.1160848722392,marker-only,1.0,46,1,0,1.4291756948380945,0.8868756965991563,2.2825458595141948,0.0817199429688281,1.1146803575893098,1,1
experiment_results1.csv,perturbation_run,perturbation_gap,1,2026-04-21T20:47:16+08:00,20260421_204716_804308,controlled_perturbation_study,CTChest,perspective,tp_-141.15_-53.01_-92.41,Far,3,CTChest__perspective__tp_-141.15_-53.01_-92.41__shot2_79.61__shot3m3m1_73.60__shot3m3m2_85.47,High,3,79.61,73.6,85.47,-141.149,-53.012,-92.40821838,261.1160848722392,marker-only,1.0,47,1,0,3.656211688541983,10.03653994083067,3.238267959325733,0.0817199429688281,1.0749975591356635,1,1
experiment_results1.csv,perturbation_run,perturbation_gap,1,2026-04-21T20:47:17+08:00,20260421_204717_123329,controlled_perturbation_study,CTChest,perspective,tp_-141.15_-53.01_-92.41,Far,3,CTChest__perspective__tp_-141.15_-53.01_-92.41__shot2_79.61__shot3m3m1_73.60__shot3m3m2_85.47,High,3,79.61,73.6,85.47,-141.149,-53.012,-92.40821838,261.1160848722392,marker-only,1.0,48,1,0,1.4940852789525525,6.1879810469761685,3.515165126200809,0.0817199429688281,1.1087115767142148,1,1
experiment_results1.csv,perturbation_run,perturbation_gap,1,2026-04-21T20:47:17+08:00,20260421_204717_443517,controlled_perturbation_study,CTChest,perspective,tp_-141.15_-53.01_-92.41,Far,3,CTChest__perspective__tp_-141.15_-53.01_-92.41__shot2_79.61__shot3m3m1_73.60__shot3m3m2_85.47,High,3,79.61,73.6,85.47,-141.149,-53.012,-92.40821838,261.1160848722392,marker-only,1.0,49,1,0,3.531265265830368,6.778821746036036,4.83145799188212,0.0817199429688281,1.2775150907524582,1,1
experiment_results1.csv,perturbation_run,perturbation_gap,1,2026-04-21T20:47:17+08:00,20260421_204717_778409,controlled_perturbation_study,CTChest,perspective,tp_-141.15_-53.01_-92.41,Far,3,CTChest__perspective__tp_-141.15_-53.01_-92.41__shot2_79.61__shot3m3m1_73.60__shot3m3m2_85.47,High,3,79.61,73.6,85.47,-141.149,-53.012,-92.40821838,261.1160848722392,marker-only,1.0,50,1,0,3.915891964613223,5.023924401468083,6.113947161035955,0.0817199429688281,1.2284396891028957,1,1
experiment_results1.csv,perturbation_run,perturbation_gap,1,2026-04-21T20:47:25+08:00,20260421_204725_282164,controlled_perturbation_study,CTChest,perspective,tp_-141.15_-53.01_-92.41,Far,3,CTChest__perspective__tp_-141.15_-53.01_-92.41__shot2_79.61__shot3m3m1_73.60__shot3m3m2_85.47,High,3,79.61,73.6,85.47,-141.149,-53.012,-92.40821838,261.1160848722392,marker-only,2.0,1,1,0,7.429031086072892,119.71305923837072,15.816143997342971,0.0817199429688281,1.933688536839859,1,1
experiment_results1.csv,perturbation_run,perturbation_gap,1,2026-04-21T20:47:25+08:00,20260421_204725_605505,controlled_perturbation_study,CTChest,perspective,tp_-141.15_-53.01_-92.41,Far,3,CTChest__perspective__tp_-141.15_-53.01_-92.41__shot2_79.61__shot3m3m1_73.60__shot3m3m2_85.47,High,3,79.61,73.6,85.47,-141.149,-53.012,-92.40821838,261.1160848722392,marker-only,2.0,2,1,0,17.14615881453403,127.8950031215899,9.923945258515802,0.0817199429688281,2.352508703406418,1,1
experiment_results1.csv,perturbation_run,perturbation_gap,1,2026-04-21T20:47:25+08:00,20260421_204725_928015,controlled_perturbation_study,CTChest,perspective,tp_-141.15_-53.01_-92.41,Far,3,CTChest__perspective__tp_-141.15_-53.01_-92.41__shot2_79.61__shot3m3m1_73.60__shot3m3m2_85.47,High,3,79.61,73.6,85.47,-141.149,-53.012,-92.40821838,261.1160848722392,marker-only,2.0,3,1,0,8.3978908084349,107.9362897502154,0.4358812108055798,0.0817199429688281,2.914211690976801,1,1
experiment_results1.csv,perturbation_run,perturbation_gap,1,2026-04-21T20:47:26+08:00,20260421_204726_249862,controlled_perturbation_study,CTChest,perspective,tp_-141.15_-53.01_-92.41,Far,3,CTChest__perspective__tp_-141.15_-53.01_-92.41__shot2_79.61__shot3m3m1_73.60__shot3m3m2_85.47,High,3,79.61,73.6,85.47,-141.149,-53.012,-92.40821838,261.1160848722392,marker-only,2.0,4,1,0,12.104692192944285,105.30916322422316,8.841910495913922,0.0817199429688281,2.706962128654453,1,1
experiment_results1.csv,perturbation_run,perturbation_gap,1,2026-04-21T20:47:26+08:00,20260421_204726_577928,controlled_perturbation_study,CTChest,perspective,tp_-141.15_-53.01_-92.41,Far,3,CTChest__perspective__tp_-141.15_-53.01_-92.41__shot2_79.61__shot3m3m1_73.60__shot3m3m2_85.47,High,3,79.61,73.6,85.47,-141.149,-53.012,-92.40821838,261.1160848722392,marker-only,2.0,5,1,0,7.255775109664262,120.9409386143,12.77238272755528,0.0817199429688281,2.4914167397541345,1,1
experiment_results1.csv,perturbation_run,perturbation_gap,1,2026-04-21T20:47:26+08:00,20260421_204726_903789,controlled_perturbation_study,CTChest,perspective,tp_-141.15_-53.01_-92.41,Far,3,CTChest__perspective__tp_-141.15_-53.01_-92.41__shot2_79.61__shot3m3m1_73.60__shot3m3m2_85.47,High,3,79.61,73.6,85.47,-141.149,-53.012,-92.40821838,261.1160848722392,marker-only,2.0,6,1,0,48.9110132138275,137.1045769564325,59.544852501494574,0.0817199429688281,2.2586367476835254,1,1
experiment_results1.csv,perturbation_run,perturbation_gap,1,2026-04-21T20:47:27+08:00,20260421_204727_224207,controlled_perturbation_study,CTChest,perspective,tp_-141.15_-53.01_-92.41,Far,3,CTChest__perspective__tp_-141.15_-53.01_-92.41__shot2_79.61__shot3m3m1_73.60__shot3m3m2_85.47,High,3,79.61,73.6,85.47,-141.149,-53.012,-92.40821838,261.1160848722392,marker-only,2.0,7,1,0,3.656349373610783,111.2789907648191,0.6436828035640988,0.0817199429688281,2.692660008771517,1,1
experiment_results1.csv,perturbation_run,perturbation_gap,1,2026-04-21T20:47:27+08:00,20260421_204727_546523,controlled_perturbation_study,CTChest,perspective,tp_-141.15_-53.01_-92.41,Far,3,CTChest__perspective__tp_-141.15_-53.01_-92.41__shot2_79.61__shot3m3m1_73.60__shot3m3m2_85.47,High,3,79.61,73.6,85.47,-141.149,-53.012,-92.40821838,261.1160848722392,marker-only,2.0,8,1,0,7.079226257035939,111.96800053668665,0.0521577104092062,0.0817199429688281,2.663416632812716,1,1
experiment_results1.csv,perturbation_run,perturbation_gap,1,2026-04-21T20:47:27+08:00,20260421_204727_873372,controlled_perturbation_study,CTChest,perspective,tp_-141.15_-53.01_-92.41,Far,3,CTChest__perspective__tp_-141.15_-53.01_-92.41__shot2_79.61__shot3m3m1_73.60__shot3m3m2_85.47,High,3,79.61,73.6,85.47,-141.149,-53.012,-92.40821838,261.1160848722392,marker-only,2.0,9,1,0,10.568524312761957,111.42618843652896,1.303978290259889,0.0817199429688281,3.0665803537930185,1,1
experiment_results1.csv,perturbation_run,perturbation_gap,1,2026-04-21T20:47:28+08:00,20260421_204728_211538,controlled_perturbation_study,CTChest,perspective,tp_-141.15_-53.01_-92.41,Far,3,CTChest__perspective__tp_-141.15_-53.01_-92.41__shot2_79.61__shot3m3m1_73.60__shot3m3m2_85.47,High,3,79.61,73.6,85.47,-141.149,-53.012,-92.40821838,261.1160848722392,marker-only,2.0,10,1,0,15.46949152940981,118.83396939851308,1.9401894852570696,0.0817199429688281,2.636644527809242,1,1
experiment_results1.csv,perturbation_run,perturbation_gap,1,2026-04-21T20:47:28+08:00,20260421_204728_553834,controlled_perturbation_study,CTChest,perspective,tp_-141.15_-53.01_-92.41,Far,3,CTChest__perspective__tp_-141.15_-53.01_-92.41__shot2_79.61__shot3m3m1_73.60__shot3m3m2_85.47,High,3,79.61,73.6,85.47,-141.149,-53.012,-92.40821838,261.1160848722392,marker-only,2.0,11,1,0,6.734677252071206,14.897077485371147,6.115195664708675,0.0817199429688281,1.681899923325582,1,1
experiment_results1.csv,perturbation_run,perturbation_gap,1,2026-04-21T20:47:28+08:00,20260421_204728_893033,controlled_perturbation_study,CTChest,perspective,tp_-141.15_-53.01_-92.41,Far,3,CTChest__perspective__tp_-141.15_-53.01_-92.41__shot2_79.61__shot3m3m1_73.60__shot3m3m2_85.47,High,3,79.61,73.6,85.47,-141.149,-53.012,-92.40821838,261.1160848722392,marker-only,2.0,12,1,0,6.535825144781855,116.92622522093627,13.760088424944124,0.0817199429688281,2.4184210579750114,1,1
experiment_results1.csv,perturbation_run,perturbation_gap,1,2026-04-21T20:47:29+08:00,20260421_204729_227043,controlled_perturbation_study,CTChest,perspective,tp_-141.15_-53.01_-92.41,Far,3,CTChest__perspective__tp_-141.15_-53.01_-92.41__shot2_79.61__shot3m3m1_73.60__shot3m3m2_85.47,High,3,79.61,73.6,85.47,-141.149,-53.012,-92.40821838,261.1160848722392,marker-only,2.0,13,1,0,15.088088754891473,133.3656747957144,8.646024965317835,0.0817199429688281,2.780953656626698,1,1
experiment_results1.csv,perturbation_run,perturbation_gap,1,2026-04-21T20:47:29+08:00,20260421_204729_568903,controlled_perturbation_study,CTChest,perspective,tp_-141.15_-53.01_-92.41,Far,3,CTChest__perspective__tp_-141.15_-53.01_-92.41__shot2_79.61__shot3m3m1_73.60__shot3m3m2_85.47,High,3,79.61,73.6,85.47,-141.149,-53.012,-92.40821838,261.1160848722392,marker-only,2.0,14,1,0,10.117143060900814,116.96334426016742,17.9028738292053,0.0817199429688281,2.1563420743398694,1,1
experiment_results1.csv,perturbation_run,perturbation_gap,1,2026-04-21T20:47:29+08:00,20260421_204729_909909,controlled_perturbation_study,CTChest,perspective,tp_-141.15_-53.01_-92.41,Far,3,CTChest__perspective__tp_-141.15_-53.01_-92.41__shot2_79.61__shot3m3m1_73.60__shot3m3m2_85.47,High,3,79.61,73.6,85.47,-141.149,-53.012,-92.40821838,261.1160848722392,marker-only,2.0,15,1,0,6.327924395237209,132.79790722487132,9.99705457167057,0.0817199429688281,2.9505494097600384,1,1
experiment_results1.csv,perturbation_run,perturbation_gap,1,2026-04-21T20:47:30+08:00,20260421_204730_254989,controlled_perturbation_study,CTChest,perspective,tp_-141.15_-53.01_-92.41,Far,3,CTChest__perspective__tp_-141.15_-53.01_-92.41__shot2_79.61__shot3m3m1_73.60__shot3m3m2_85.47,High,3,79.61,73.6,85.47,-141.149,-53.012,-92.40821838,261.1160848722392,marker-only,2.0,16,1,0,2.424147564233796,6.891065065609037,8.599670174152909,0.0817199429688281,2.403143627055685,1,1
experiment_results1.csv,perturbation_run,perturbation_gap,1,2026-04-21T20:47:30+08:00,20260421_204730_603260,controlled_perturbation_study,CTChest,perspective,tp_-141.15_-53.01_-92.41,Far,3,CTChest__perspective__tp_-141.15_-53.01_-92.41__shot2_79.61__shot3m3m1_73.60__shot3m3m2_85.47,High,3,79.61,73.6,85.47,-141.149,-53.012,-92.40821838,261.1160848722392,marker-only,2.0,17,1,0,7.528183522773807,112.91886684778942,4.545519614457915,0.0817199429688281,2.5627927650210025,1,1
experiment_results1.csv,perturbation_run,perturbation_gap,1,2026-04-21T20:47:30+08:00,20260421_204730_939252,controlled_perturbation_study,CTChest,perspective,tp_-141.15_-53.01_-92.41,Far,3,CTChest__perspective__tp_-141.15_-53.01_-92.41__shot2_79.61__shot3m3m1_73.60__shot3m3m2_85.47,High,3,79.61,73.6,85.47,-141.149,-53.012,-92.40821838,261.1160848722392,marker-only,2.0,18,1,0,9.429833688786465,19.5318292095385,1.426647595674511,0.0817199429688281,1.5149287422759812,1,1
experiment_results1.csv,perturbation_run,perturbation_gap,1,2026-04-21T20:47:31+08:00,20260421_204731_281780,controlled_perturbation_study,CTChest,perspective,tp_-141.15_-53.01_-92.41,Far,3,CTChest__perspective__tp_-141.15_-53.01_-92.41__shot2_79.61__shot3m3m1_73.60__shot3m3m2_85.47,High,3,79.61,73.6,85.47,-141.149,-53.012,-92.40821838,261.1160848722392,marker-only,2.0,19,1,0,5.838119873654773,108.304817747753,9.40880499085268,0.0817199429688281,2.6681145881892205,1,1
experiment_results1.csv,perturbation_run,perturbation_gap,1,2026-04-21T20:47:31+08:00,20260421_204731_623598,controlled_perturbation_study,CTChest,perspective,tp_-141.15_-53.01_-92.41,Far,3,CTChest__perspective__tp_-141.15_-53.01_-92.41__shot2_79.61__shot3m3m1_73.60__shot3m3m2_85.47,High,3,79.61,73.6,85.47,-141.149,-53.012,-92.40821838,261.1160848722392,marker-only,2.0,20,1,0,4.563136329615152,111.31999510942094,4.763651567364077,0.0817199429688281,2.821821807326192,1,1
experiment_results1.csv,perturbation_run,perturbation_gap,1,2026-04-21T20:47:31+08:00,20260421_204731_965492,controlled_perturbation_study,CTChest,perspective,tp_-141.15_-53.01_-92.41,Far,3,CTChest__perspective__tp_-141.15_-53.01_-92.41__shot2_79.61__shot3m3m1_73.60__shot3m3m2_85.47,High,3,79.61,73.6,85.47,-141.149,-53.012,-92.40821838,261.1160848722392,marker-only,2.0,21,1,0,3.2888552601546164,113.32137992210636,4.207065741321978,0.0817199429688281,2.5307144921126503,1,1
experiment_results1.csv,perturbation_run,perturbation_gap,1,2026-04-21T20:47:32+08:00,20260421_204732_315371,controlled_perturbation_study,CTChest,perspective,tp_-141.15_-53.01_-92.41,Far,3,CTChest__perspective__tp_-141.15_-53.01_-92.41__shot2_79.61__shot3m3m1_73.60__shot3m3m2_85.47,High,3,79.61,73.6,85.47,-141.149,-53.012,-92.40821838,261.1160848722392,marker-only,2.0,22,1,0,4.663687881752476,117.43471325935052,9.490482800273911,0.0817199429688281,2.6785736539483067,1,1
experiment_results1.csv,perturbation_run,perturbation_gap,1,2026-04-21T20:47:32+08:00,20260421_204732_654709,controlled_perturbation_study,CTChest,perspective,tp_-141.15_-53.01_-92.41,Far,3,CTChest__perspective__tp_-141.15_-53.01_-92.41__shot2_79.61__shot3m3m1_73.60__shot3m3m2_85.47,High,3,79.61,73.6,85.47,-141.149,-53.012,-92.40821838,261.1160848722392,marker-only,2.0,23,1,0,10.011493754781982,8.037801715786754,5.244128176683512,0.0817199429688281,2.1313089271345143,1,1
experiment_results1.csv,perturbation_run,perturbation_gap,1,2026-04-21T20:47:32+08:00,20260421_204732_994424,controlled_perturbation_study,CTChest,perspective,tp_-141.15_-53.01_-92.41,Far,3,CTChest__perspective__tp_-141.15_-53.01_-92.41__shot2_79.61__shot3m3m1_73.60__shot3m3m2_85.47,High,3,79.61,73.6,85.47,-141.149,-53.012,-92.40821838,261.1160848722392,marker-only,2.0,24,1,0,8.367511722945693,112.16428810252368,0.5986311179550743,0.0817199429688281,2.651362558031575,1,1
experiment_results1.csv,perturbation_run,perturbation_gap,1,2026-04-21T20:47:33+08:00,20260421_204733_334698,controlled_perturbation_study,CTChest,perspective,tp_-141.15_-53.01_-92.41,Far,3,CTChest__perspective__tp_-141.15_-53.01_-92.41__shot2_79.61__shot3m3m1_73.60__shot3m3m2_85.47,High,3,79.61,73.6,85.47,-141.149,-53.012,-92.40821838,261.1160848722392,marker-only,2.0,25,1,0,14.469226726273826,32.42122065371138,10.127903066924178,0.0817199429688281,2.275699359804371,1,1
experiment_results1.csv,perturbation_run,perturbation_gap,1,2026-04-21T20:47:33+08:00,20260421_204733_675917,controlled_perturbation_study,CTChest,perspective,tp_-141.15_-53.01_-92.41,Far,3,CTChest__perspective__tp_-141.15_-53.01_-92.41__shot2_79.61__shot3m3m1_73.60__shot3m3m2_85.47,High,3,79.61,73.6,85.47,-141.149,-53.012,-92.40821838,261.1160848722392,marker-only,2.0,26,1,0,2.989421694972983,118.6552126763184,11.40200186017328,0.0817199429688281,2.506509391989694,1,1
experiment_results1.csv,perturbation_run,perturbation_gap,1,2026-04-21T20:47:34+08:00,20260421_204734_011116,controlled_perturbation_study,CTChest,perspective,tp_-141.15_-53.01_-92.41,Far,3,CTChest__perspective__tp_-141.15_-53.01_-92.41__shot2_79.61__shot3m3m1_73.60__shot3m3m2_85.47,High,3,79.61,73.6,85.47,-141.149,-53.012,-92.40821838,261.1160848722392,marker-only,2.0,27,1,0,8.513283032818158,119.07261857069398,11.836258309222488,0.0817199429688281,2.497940536863736,1,1
experiment_results1.csv,perturbation_run,perturbation_gap,1,2026-04-21T20:47:34+08:00,20260421_204734_357423,controlled_perturbation_study,CTChest,perspective,tp_-141.15_-53.01_-92.41,Far,3,CTChest__perspective__tp_-141.15_-53.01_-92.41__shot2_79.61__shot3m3m1_73.60__shot3m3m2_85.47,High,3,79.61,73.6,85.47,-141.149,-53.012,-92.40821838,261.1160848722392,marker-only,2.0,28,1,0,4.64016688108658,115.6317023357419,9.17893904567756,0.0817199429688281,2.470499354011507,1,1
experiment_results1.csv,perturbation_run,perturbation_gap,1,2026-04-21T20:47:34+08:00,20260421_204734_703031,controlled_perturbation_study,CTChest,perspective,tp_-141.15_-53.01_-92.41,Far,3,CTChest__perspective__tp_-141.15_-53.01_-92.41__shot2_79.61__shot3m3m1_73.60__shot3m3m2_85.47,High,3,79.61,73.6,85.47,-141.149,-53.012,-92.40821838,261.1160848722392,marker-only,2.0,29,1,0,4.906729622634501,4.429373486854284,7.3930058884382355,0.0817199429688281,2.4179580104393725,1,1
experiment_results1.csv,perturbation_run,perturbation_gap,1,2026-04-21T20:47:35+08:00,20260421_204735_043123,controlled_perturbation_study,CTChest,perspective,tp_-141.15_-53.01_-92.41,Far,3,CTChest__perspective__tp_-141.15_-53.01_-92.41__shot2_79.61__shot3m3m1_73.60__shot3m3m2_85.47,High,3,79.61,73.6,85.47,-141.149,-53.012,-92.40821838,261.1160848722392,marker-only,2.0,30,1,0,12.699580493422925,116.970594328529,3.3340037905319413,0.0817199429688281,2.4374666417138933,1,1
experiment_results1.csv,perturbation_run,perturbation_gap,1,2026-04-21T20:47:35+08:00,20260421_204735_379098,controlled_perturbation_study,CTChest,perspective,tp_-141.15_-53.01_-92.41,Far,3,CTChest__perspective__tp_-141.15_-53.01_-92.41__shot2_79.61__shot3m3m1_73.60__shot3m3m2_85.47,High,3,79.61,73.6,85.47,-141.149,-53.012,-92.40821838,261.1160848722392,marker-only,2.0,31,1,0,12.200745460796467,116.66850883283624,9.678544048416889,0.0817199429688281,2.71235491616748,1,1
experiment_results1.csv,perturbation_run,perturbation_gap,1,2026-04-21T20:47:35+08:00,20260421_204735_723023,controlled_perturbation_study,CTChest,perspective,tp_-141.15_-53.01_-92.41,Far,3,CTChest__perspective__tp_-141.15_-53.01_-92.41__shot2_79.61__shot3m3m1_73.60__shot3m3m2_85.47,High,3,79.61,73.6,85.47,-141.149,-53.012,-92.40821838,261.1160848722392,marker-only,2.0,32,1,0,2.2821726455028,108.39451143821792,2.125152129554308,0.0817199429688281,2.5307596165976736,1,1
experiment_results1.csv,perturbation_run,perturbation_gap,1,2026-04-21T20:47:36+08:00,20260421_204736_058136,controlled_perturbation_study,CTChest,perspective,tp_-141.15_-53.01_-92.41,Far,3,CTChest__perspective__tp_-141.15_-53.01_-92.41__shot2_79.61__shot3m3m1_73.60__shot3m3m2_85.47,High,3,79.61,73.6,85.47,-141.149,-53.012,-92.40821838,261.1160848722392,marker-only,2.0,33,1,0,2.8983786628589083,103.21193208129482,4.124059968957136,0.0817199429688281,3.26269001581305,1,1
experiment_results1.csv,perturbation_run,perturbation_gap,1,2026-04-21T20:47:36+08:00,20260421_204736_401189,controlled_perturbation_study,CTChest,perspective,tp_-141.15_-53.01_-92.41,Far,3,CTChest__perspective__tp_-141.15_-53.01_-92.41__shot2_79.61__shot3m3m1_73.60__shot3m3m2_85.47,High,3,79.61,73.6,85.47,-141.149,-53.012,-92.40821838,261.1160848722392,marker-only,2.0,34,1,0,15.246655415322824,13.840113903621392,16.457735716587774,0.0817199429688281,1.8519148093499485,1,1
experiment_results1.csv,perturbation_run,perturbation_gap,1,2026-04-21T20:47:36+08:00,20260421_204736_741361,controlled_perturbation_study,CTChest,perspective,tp_-141.15_-53.01_-92.41,Far,3,CTChest__perspective__tp_-141.15_-53.01_-92.41__shot2_79.61__shot3m3m1_73.60__shot3m3m2_85.47,High,3,79.61,73.6,85.47,-141.149,-53.012,-92.40821838,261.1160848722392,marker-only,2.0,35,1,0,12.632071704620593,16.668247784698362,12.16337795678436,0.0817199429688281,2.077165977436211,1,1
experiment_results1.csv,perturbation_run,perturbation_gap,1,2026-04-21T20:47:37+08:00,20260421_204737_090484,controlled_perturbation_study,CTChest,perspective,tp_-141.15_-53.01_-92.41,Far,3,CTChest__perspective__tp_-141.15_-53.01_-92.41__shot2_79.61__shot3m3m1_73.60__shot3m3m2_85.47,High,3,79.61,73.6,85.47,-141.149,-53.012,-92.40821838,261.1160848722392,marker-only,2.0,36,1,0,11.877765045845358,117.6763344883936,4.55475926021674,0.0817199429688281,2.469802442960184,1,1
experiment_results1.csv,perturbation_run,perturbation_gap,1,2026-04-21T20:47:37+08:00,20260421_204737_436601,controlled_perturbation_study,CTChest,perspective,tp_-141.15_-53.01_-92.41,Far,3,CTChest__perspective__tp_-141.15_-53.01_-92.41__shot2_79.61__shot3m3m1_73.60__shot3m3m2_85.47,High,3,79.61,73.6,85.47,-141.149,-53.012,-92.40821838,261.1160848722392,marker-only,2.0,37,1,0,5.107099669190585,102.3891254475345,0.8287172788300079,0.0817199429688281,2.6820996168618527,1,1
experiment_results1.csv,perturbation_run,perturbation_gap,1,2026-04-21T20:47:37+08:00,20260421_204737_780397,controlled_perturbation_study,CTChest,perspective,tp_-141.15_-53.01_-92.41,Far,3,CTChest__perspective__tp_-141.15_-53.01_-92.41__shot2_79.61__shot3m3m1_73.60__shot3m3m2_85.47,High,3,79.61,73.6,85.47,-141.149,-53.012,-92.40821838,261.1160848722392,marker-only,2.0,38,1,0,9.900991326492845,109.20990956222307,4.46670477501366,0.0817199429688281,3.089790312819877,1,1
experiment_results1.csv,perturbation_run,perturbation_gap,1,2026-04-21T20:47:38+08:00,20260421_204738_121643,controlled_perturbation_study,CTChest,perspective,tp_-141.15_-53.01_-92.41,Far,3,CTChest__perspective__tp_-141.15_-53.01_-92.41__shot2_79.61__shot3m3m1_73.60__shot3m3m2_85.47,High,3,79.61,73.6,85.47,-141.149,-53.012,-92.40821838,261.1160848722392,marker-only,2.0,39,1,0,3.6336245549312727,104.12496543267648,4.164332358084129,0.0817199429688281,2.4285777156971213,1,1
experiment_results1.csv,perturbation_run,perturbation_gap,1,2026-04-21T20:47:38+08:00,20260421_204738_471457,controlled_perturbation_study,CTChest,perspective,tp_-141.15_-53.01_-92.41,Far,3,CTChest__perspective__tp_-141.15_-53.01_-92.41__shot2_79.61__shot3m3m1_73.60__shot3m3m2_85.47,High,3,79.61,73.6,85.47,-141.149,-53.012,-92.40821838,261.1160848722392,marker-only,2.0,40,1,0,6.635504096645968,109.86768635715715,0.898857633492973,0.0817199429688281,2.4047491077743537,1,1
experiment_results1.csv,perturbation_run,perturbation_gap,1,2026-04-21T20:47:38+08:00,20260421_204738_805923,controlled_perturbation_study,CTChest,perspective,tp_-141.15_-53.01_-92.41,Far,3,CTChest__perspective__tp_-141.15_-53.01_-92.41__shot2_79.61__shot3m3m1_73.60__shot3m3m2_85.47,High,3,79.61,73.6,85.47,-141.149,-53.012,-92.40821838,261.1160848722392,marker-only,2.0,41,1,0,5.690051074427422,100.38368965632324,14.857804334335992,0.0817199429688281,2.923030531739624,1,1
experiment_results1.csv,perturbation_run,perturbation_gap,1,2026-04-21T20:47:39+08:00,20260421_204739_155364,controlled_perturbation_study,CTChest,perspective,tp_-141.15_-53.01_-92.41,Far,3,CTChest__perspective__tp_-141.15_-53.01_-92.41__shot2_79.61__shot3m3m1_73.60__shot3m3m2_85.47,High,3,79.61,73.6,85.47,-141.149,-53.012,-92.40821838,261.1160848722392,marker-only,2.0,42,1,0,5.481266488048455,112.66165816012644,8.84730986261452,0.0817199429688281,2.6635843871715577,1,1
experiment_results1.csv,perturbation_run,perturbation_gap,1,2026-04-21T20:47:39+08:00,20260421_204739_495059,controlled_perturbation_study,CTChest,perspective,tp_-141.15_-53.01_-92.41,Far,3,CTChest__perspective__tp_-141.15_-53.01_-92.41__shot2_79.61__shot3m3m1_73.60__shot3m3m2_85.47,High,3,79.61,73.6,85.47,-141.149,-53.012,-92.40821838,261.1160848722392,marker-only,2.0,43,1,0,14.458167787848751,31.264196471465795,0.9521743075638256,0.0817199429688281,2.247496362077245,1,1
experiment_results1.csv,perturbation_run,perturbation_gap,1,2026-04-21T20:47:39+08:00,20260421_204739_831184,controlled_perturbation_study,CTChest,perspective,tp_-141.15_-53.01_-92.41,Far,3,CTChest__perspective__tp_-141.15_-53.01_-92.41__shot2_79.61__shot3m3m1_73.60__shot3m3m2_85.47,High,3,79.61,73.6,85.47,-141.149,-53.012,-92.40821838,261.1160848722392,marker-only,2.0,44,1,0,10.18979018044473,109.21293294860608,0.8693106755248753,0.0817199429688281,2.6585059277740286,1,1
experiment_results1.csv,perturbation_run,perturbation_gap,1,2026-04-21T20:47:40+08:00,20260421_204740_171865,controlled_perturbation_study,CTChest,perspective,tp_-141.15_-53.01_-92.41,Far,3,CTChest__perspective__tp_-141.15_-53.01_-92.41__shot2_79.61__shot3m3m1_73.60__shot3m3m2_85.47,High,3,79.61,73.6,85.47,-141.149,-53.012,-92.40821838,261.1160848722392,marker-only,2.0,45,1,0,6.410916443213478,111.00324774451452,3.7749946625394473,0.0817199429688281,2.603567781540263,1,1
experiment_results1.csv,perturbation_run,perturbation_gap,1,2026-04-21T20:47:40+08:00,20260421_204740_522002,controlled_perturbation_study,CTChest,perspective,tp_-141.15_-53.01_-92.41,Far,3,CTChest__perspective__tp_-141.15_-53.01_-92.41__shot2_79.61__shot3m3m1_73.60__shot3m3m2_85.47,High,3,79.61,73.6,85.47,-141.149,-53.012,-92.40821838,261.1160848722392,marker-only,2.0,46,1,0,2.621026777084255,14.860112342844156,0.4467573111599306,0.0817199429688281,1.942926951879515,1,1
experiment_results1.csv,perturbation_run,perturbation_gap,1,2026-04-21T20:47:40+08:00,20260421_204740_864294,controlled_perturbation_study,CTChest,perspective,tp_-141.15_-53.01_-92.41,Far,3,CTChest__perspective__tp_-141.15_-53.01_-92.41__shot2_79.61__shot3m3m1_73.60__shot3m3m2_85.47,High,3,79.61,73.6,85.47,-141.149,-53.012,-92.40821838,261.1160848722392,marker-only,2.0,47,1,0,6.469772106148974,9.11273551441002,10.519589261163992,0.0817199429688281,2.0563242692242403,1,1
experiment_results1.csv,perturbation_run,perturbation_gap,1,2026-04-21T20:47:41+08:00,20260421_204741_208713,controlled_perturbation_study,CTChest,perspective,tp_-141.15_-53.01_-92.41,Far,3,CTChest__perspective__tp_-141.15_-53.01_-92.41__shot2_79.61__shot3m3m1_73.60__shot3m3m2_85.47,High,3,79.61,73.6,85.47,-141.149,-53.012,-92.40821838,261.1160848722392,marker-only,2.0,48,1,0,69.00872246044241,73.71540156179609,22.77861553007597,0.0817199429688281,2.4439799505959847,1,1
experiment_results1.csv,perturbation_run,perturbation_gap,1,2026-04-21T20:47:41+08:00,20260421_204741_553405,controlled_perturbation_study,CTChest,perspective,tp_-141.15_-53.01_-92.41,Far,3,CTChest__perspective__tp_-141.15_-53.01_-92.41__shot2_79.61__shot3m3m1_73.60__shot3m3m2_85.47,High,3,79.61,73.6,85.47,-141.149,-53.012,-92.40821838,261.1160848722392,marker-only,2.0,49,1,0,10.706793401916531,114.46036899414682,13.244309601242891,0.0817199429688281,2.540969755966699,1,1
experiment_results1.csv,perturbation_run,perturbation_gap,1,2026-04-21T20:47:41+08:00,20260421_204741_902557,controlled_perturbation_study,CTChest,perspective,tp_-141.15_-53.01_-92.41,Far,3,CTChest__perspective__tp_-141.15_-53.01_-92.41__shot2_79.61__shot3m3m1_73.60__shot3m3m2_85.47,High,3,79.61,73.6,85.47,-141.149,-53.012,-92.40821838,261.1160848722392,marker-only,2.0,50,1,0,4.484338833040467,114.02838508592713,1.8999360108408991,0.0817199429688281,2.394652500046513,1,1
experiment_results1.csv,perturbation_run,perturbation_gap,1,2026-04-21T20:47:51+08:00,20260421_204751_869755,controlled_perturbation_study,CTChest,perspective,tp_-141.15_-53.01_-92.41,Far,3,CTChest__perspective__tp_-141.15_-53.01_-92.41__shot2_79.61__shot3m3m1_73.60__shot3m3m2_85.47,High,3,79.61,73.6,85.47,-141.149,-53.012,-92.40821838,261.1160848722392,target-only,0.5,1,1,0,0.264014748905066,0.5283623511201335,0.4969943323119468,0.0817199429688281,0.0774617200320118,1,1
experiment_results1.csv,perturbation_run,perturbation_gap,1,2026-04-21T20:47:52+08:00,20260421_204752_146998,controlled_perturbation_study,CTChest,perspective,tp_-141.15_-53.01_-92.41,Far,3,CTChest__perspective__tp_-141.15_-53.01_-92.41__shot2_79.61__shot3m3m1_73.60__shot3m3m2_85.47,High,3,79.61,73.6,85.47,-141.149,-53.012,-92.40821838,261.1160848722392,target-only,0.5,2,1,0,0.4788327646326547,0.6767371231978924,0.0272177800541115,0.0817199429688281,0.0774617200320118,1,1
experiment_results1.csv,perturbation_run,perturbation_gap,1,2026-04-21T20:47:52+08:00,20260421_204752_435390,controlled_perturbation_study,CTChest,perspective,tp_-141.15_-53.01_-92.41,Far,3,CTChest__perspective__tp_-141.15_-53.01_-92.41__shot2_79.61__shot3m3m1_73.60__shot3m3m2_85.47,High,3,79.61,73.6,85.47,-141.149,-53.012,-92.40821838,261.1160848722392,target-only,0.5,3,1,0,0.2181821058252822,0.2002465578934897,0.2341801430667488,0.0817199429688281,0.0774617200320118,1,1
experiment_results1.csv,perturbation_run,perturbation_gap,1,2026-04-21T20:47:52+08:00,20260421_204752_715988,controlled_perturbation_study,CTChest,perspective,tp_-141.15_-53.01_-92.41,Far,3,CTChest__perspective__tp_-141.15_-53.01_-92.41__shot2_79.61__shot3m3m1_73.60__shot3m3m2_85.47,High,3,79.61,73.6,85.47,-141.149,-53.012,-92.40821838,261.1160848722392,target-only,0.5,4,1,0,0.8220233705401906,0.6704637462653394,0.142563696807169,0.0817199429688281,0.0774617200320118,1,1
experiment_results1.csv,perturbation_run,perturbation_gap,1,2026-04-21T20:47:52+08:00,20260421_204752_992837,controlled_perturbation_study,CTChest,perspective,tp_-141.15_-53.01_-92.41,Far,3,CTChest__perspective__tp_-141.15_-53.01_-92.41__shot2_79.61__shot3m3m1_73.60__shot3m3m2_85.47,High,3,79.61,73.6,85.47,-141.149,-53.012,-92.40821838,261.1160848722392,target-only,0.5,5,1,0,0.7608766282517259,1.4470565236246102,0.2962200668277694,0.0817199429688281,0.0774617200320118,1,1
experiment_results1.csv,perturbation_run,perturbation_gap,1,2026-04-21T20:47:53+08:00,20260421_204753_267148,controlled_perturbation_study,CTChest,perspective,tp_-141.15_-53.01_-92.41,Far,3,CTChest__perspective__tp_-141.15_-53.01_-92.41__shot2_79.61__shot3m3m1_73.60__shot3m3m2_85.47,High,3,79.61,73.6,85.47,-141.149,-53.012,-92.40821838,261.1160848722392,target-only,0.5,6,1,0,0.4840995021330032,0.9107429786216776,0.7454823030077558,0.0817199429688281,0.0774617200320118,1,1
experiment_results1.csv,perturbation_run,perturbation_gap,1,2026-04-21T20:47:53+08:00,20260421_204753_548560,controlled_perturbation_study,CTChest,perspective,tp_-141.15_-53.01_-92.41,Far,3,CTChest__perspective__tp_-141.15_-53.01_-92.41__shot2_79.61__shot3m3m1_73.60__shot3m3m2_85.47,High,3,79.61,73.6,85.47,-141.149,-53.012,-92.40821838,261.1160848722392,target-only,0.5,7,1,0,0.9939113696818412,1.7175741774010616,0.1015017402596666,0.0817199429688281,0.0774617200320118,1,1
experiment_results1.csv,perturbation_run,perturbation_gap,1,2026-04-21T20:47:53+08:00,20260421_204753_825255,controlled_perturbation_study,CTChest,perspective,tp_-141.15_-53.01_-92.41,Far,3,CTChest__perspective__tp_-141.15_-53.01_-92.41__shot2_79.61__shot3m3m1_73.60__shot3m3m2_85.47,High,3,79.61,73.6,85.47,-141.149,-53.012,-92.40821838,261.1160848722392,target-only,0.5,8,1,0,0.631281852933181,1.03220066088099,0.1174049348201206,0.0817199429688281,0.0774617200320118,1,1
experiment_results1.csv,perturbation_run,perturbation_gap,1,2026-04-21T20:47:54+08:00,20260421_204754_114164,controlled_perturbation_study,CTChest,perspective,tp_-141.15_-53.01_-92.41,Far,3,CTChest__perspective__tp_-141.15_-53.01_-92.41__shot2_79.61__shot3m3m1_73.60__shot3m3m2_85.47,High,3,79.61,73.6,85.47,-141.149,-53.012,-92.40821838,261.1160848722392,target-only,0.5,9,1,0,0.598463757395542,1.1363126898510492,1.0984338760676244,0.0817199429688281,0.0774617200320118,1,1
experiment_results1.csv,perturbation_run,perturbation_gap,1,2026-04-21T20:47:54+08:00,20260421_204754_396631,controlled_perturbation_study,CTChest,perspective,tp_-141.15_-53.01_-92.41,Far,3,CTChest__perspective__tp_-141.15_-53.01_-92.41__shot2_79.61__shot3m3m1_73.60__shot3m3m2_85.47,High,3,79.61,73.6,85.47,-141.149,-53.012,-92.40821838,261.1160848722392,target-only,0.5,10,1,0,0.7572827027421861,1.2837702312327672,0.2720492247130139,0.0817199429688281,0.0774617200320118,1,1
experiment_results1.csv,perturbation_run,perturbation_gap,1,2026-04-21T20:47:54+08:00,20260421_204754_674260,controlled_perturbation_study,CTChest,perspective,tp_-141.15_-53.01_-92.41,Far,3,CTChest__perspective__tp_-141.15_-53.01_-92.41__shot2_79.61__shot3m3m1_73.60__shot3m3m2_85.47,High,3,79.61,73.6,85.47,-141.149,-53.012,-92.40821838,261.1160848722392,target-only,0.5,11,1,0,0.9693264362552698,1.7949416031724204,0.3203435879044187,0.0817199429688281,0.0774617200320118,1,1
experiment_results1.csv,perturbation_run,perturbation_gap,1,2026-04-21T20:47:54+08:00,20260421_204754_958108,controlled_perturbation_study,CTChest,perspective,tp_-141.15_-53.01_-92.41,Far,3,CTChest__perspective__tp_-141.15_-53.01_-92.41__shot2_79.61__shot3m3m1_73.60__shot3m3m2_85.47,High,3,79.61,73.6,85.47,-141.149,-53.012,-92.40821838,261.1160848722392,target-only,0.5,12,1,0,0.8083301281674234,1.3120320575035933,0.2096019453163434,0.0817199429688281,0.0774617200320118,1,1
experiment_results1.csv,perturbation_run,perturbation_gap,1,2026-04-21T20:47:55+08:00,20260421_204755_247812,controlled_perturbation_study,CTChest,perspective,tp_-141.15_-53.01_-92.41,Far,3,CTChest__perspective__tp_-141.15_-53.01_-92.41__shot2_79.61__shot3m3m1_73.60__shot3m3m2_85.47,High,3,79.61,73.6,85.47,-141.149,-53.012,-92.40821838,261.1160848722392,target-only,0.5,13,1,0,0.3622582217253224,0.4038915274700844,1.0893191600495502,0.0817199429688281,0.0774617200320118,1,1
experiment_results1.csv,perturbation_run,perturbation_gap,1,2026-04-21T20:47:55+08:00,20260421_204755_554549,controlled_perturbation_study,CTChest,perspective,tp_-141.15_-53.01_-92.41,Far,3,CTChest__perspective__tp_-141.15_-53.01_-92.41__shot2_79.61__shot3m3m1_73.60__shot3m3m2_85.47,High,3,79.61,73.6,85.47,-141.149,-53.012,-92.40821838,261.1160848722392,target-only,0.5,14,1,0,0.5810970879499638,1.0068696402051267,0.5644223014466919,0.0817199429688281,0.0774617200320118,1,1
experiment_results1.csv,perturbation_run,perturbation_gap,1,2026-04-21T20:47:55+08:00,20260421_204755_854643,controlled_perturbation_study,CTChest,perspective,tp_-141.15_-53.01_-92.41,Far,3,CTChest__perspective__tp_-141.15_-53.01_-92.41__shot2_79.61__shot3m3m1_73.60__shot3m3m2_85.47,High,3,79.61,73.6,85.47,-141.149,-53.012,-92.40821838,261.1160848722392,target-only,0.5,15,1,0,0.2184577377252314,0.2436693357455726,0.0098338590118725,0.0817199429688281,0.0774617200320118,1,1
experiment_results1.csv,perturbation_run,perturbation_gap,1,2026-04-21T20:47:56+08:00,20260421_204756_163848,controlled_perturbation_study,CTChest,perspective,tp_-141.15_-53.01_-92.41,Far,3,CTChest__perspective__tp_-141.15_-53.01_-92.41__shot2_79.61__shot3m3m1_73.60__shot3m3m2_85.47,High,3,79.61,73.6,85.47,-141.149,-53.012,-92.40821838,261.1160848722392,target-only,0.5,16,1,0,0.4596354861079393,0.5798997291331859,0.3103117708339309,0.0817199429688281,0.0774617200320118,1,1
experiment_results1.csv,perturbation_run,perturbation_gap,1,2026-04-21T20:47:56+08:00,20260421_204756_476175,controlled_perturbation_study,CTChest,perspective,tp_-141.15_-53.01_-92.41,Far,3,CTChest__perspective__tp_-141.15_-53.01_-92.41__shot2_79.61__shot3m3m1_73.60__shot3m3m2_85.47,High,3,79.61,73.6,85.47,-141.149,-53.012,-92.40821838,261.1160848722392,target-only,0.5,17,1,0,0.8094976186437851,1.1290191186774303,0.6911879723848479,0.0817199429688281,0.0774617200320118,1,1
experiment_results1.csv,perturbation_run,perturbation_gap,1,2026-04-21T20:47:56+08:00,20260421_204756_795285,controlled_perturbation_study,CTChest,perspective,tp_-141.15_-53.01_-92.41,Far,3,CTChest__perspective__tp_-141.15_-53.01_-92.41__shot2_79.61__shot3m3m1_73.60__shot3m3m2_85.47,High,3,79.61,73.6,85.47,-141.149,-53.012,-92.40821838,261.1160848722392,target-only,0.5,18,1,0,1.0264658634874708,1.6648637728807467,0.7271993205820741,0.0817199429688281,0.0774617200320118,1,1
experiment_results1.csv,perturbation_run,perturbation_gap,1,2026-04-21T20:47:57+08:00,20260421_204757_103601,controlled_perturbation_study,CTChest,perspective,tp_-141.15_-53.01_-92.41,Far,3,CTChest__perspective__tp_-141.15_-53.01_-92.41__shot2_79.61__shot3m3m1_73.60__shot3m3m2_85.47,High,3,79.61,73.6,85.47,-141.149,-53.012,-92.40821838,261.1160848722392,target-only,0.5,19,1,0,0.4984001569159124,0.7912061225863204,0.6515374861736353,0.0817199429688281,0.0774617200320118,1,1
experiment_results1.csv,perturbation_run,perturbation_gap,1,2026-04-21T20:47:57+08:00,20260421_204757_407218,controlled_perturbation_study,CTChest,perspective,tp_-141.15_-53.01_-92.41,Far,3,CTChest__perspective__tp_-141.15_-53.01_-92.41__shot2_79.61__shot3m3m1_73.60__shot3m3m2_85.47,High,3,79.61,73.6,85.47,-141.149,-53.012,-92.40821838,261.1160848722392,target-only,0.5,20,1,0,0.2771255095157783,0.5647916924231593,0.5899325132024362,0.0817199429688281,0.0774617200320118,1,1
experiment_results1.csv,perturbation_run,perturbation_gap,1,2026-04-21T20:47:57+08:00,20260421_204757_713351,controlled_perturbation_study,CTChest,perspective,tp_-141.15_-53.01_-92.41,Far,3,CTChest__perspective__tp_-141.15_-53.01_-92.41__shot2_79.61__shot3m3m1_73.60__shot3m3m2_85.47,High,3,79.61,73.6,85.47,-141.149,-53.012,-92.40821838,261.1160848722392,target-only,0.5,21,1,0,0.1762673168388158,0.2218195205204682,0.3169272067244905,0.0817199429688281,0.0774617200320118,1,1
experiment_results1.csv,perturbation_run,perturbation_gap,1,2026-04-21T20:47:58+08:00,20260421_204758_033666,controlled_perturbation_study,CTChest,perspective,tp_-141.15_-53.01_-92.41,Far,3,CTChest__perspective__tp_-141.15_-53.01_-92.41__shot2_79.61__shot3m3m1_73.60__shot3m3m2_85.47,High,3,79.61,73.6,85.47,-141.149,-53.012,-92.40821838,261.1160848722392,target-only,0.5,22,1,0,0.6116920327650806,0.8988961510640663,0.5911184618349418,0.0817199429688281,0.0774617200320118,1,1
experiment_results1.csv,perturbation_run,perturbation_gap,1,2026-04-21T20:47:58+08:00,20260421_204758_341119,controlled_perturbation_study,CTChest,perspective,tp_-141.15_-53.01_-92.41,Far,3,CTChest__perspective__tp_-141.15_-53.01_-92.41__shot2_79.61__shot3m3m1_73.60__shot3m3m2_85.47,High,3,79.61,73.6,85.47,-141.149,-53.012,-92.40821838,261.1160848722392,target-only,0.5,23,1,0,0.2902713503726122,0.4718376356604279,0.3507436099834076,0.0817199429688281,0.0774617200320118,1,1
experiment_results1.csv,perturbation_run,perturbation_gap,1,2026-04-21T20:47:58+08:00,20260421_204758_657674,controlled_perturbation_study,CTChest,perspective,tp_-141.15_-53.01_-92.41,Far,3,CTChest__perspective__tp_-141.15_-53.01_-92.41__shot2_79.61__shot3m3m1_73.60__shot3m3m2_85.47,High,3,79.61,73.6,85.47,-141.149,-53.012,-92.40821838,261.1160848722392,target-only,0.5,24,1,0,0.8717278693871948,1.675818604821493,0.3695611351139995,0.0817199429688281,0.0774617200320118,1,1
experiment_results1.csv,perturbation_run,perturbation_gap,1,2026-04-21T20:47:58+08:00,20260421_204758_968128,controlled_perturbation_study,CTChest,perspective,tp_-141.15_-53.01_-92.41,Far,3,CTChest__perspective__tp_-141.15_-53.01_-92.41__shot2_79.61__shot3m3m1_73.60__shot3m3m2_85.47,High,3,79.61,73.6,85.47,-141.149,-53.012,-92.40821838,261.1160848722392,target-only,0.5,25,1,0,0.3322094639957151,0.6154305217525726,0.3567287319053925,0.0817199429688281,0.0774617200320118,1,1
experiment_results1.csv,perturbation_run,perturbation_gap,1,2026-04-21T20:47:59+08:00,20260421_204759_282488,controlled_perturbation_study,CTChest,perspective,tp_-141.15_-53.01_-92.41,Far,3,CTChest__perspective__tp_-141.15_-53.01_-92.41__shot2_79.61__shot3m3m1_73.60__shot3m3m2_85.47,High,3,79.61,73.6,85.47,-141.149,-53.012,-92.40821838,261.1160848722392,target-only,0.5,26,1,0,0.8036857545444799,1.4779086999101798,0.1296488827256804,0.0817199429688281,0.0774617200320118,1,1
experiment_results1.csv,perturbation_run,perturbation_gap,1,2026-04-21T20:47:59+08:00,20260421_204759_595907,controlled_perturbation_study,CTChest,perspective,tp_-141.15_-53.01_-92.41,Far,3,CTChest__perspective__tp_-141.15_-53.01_-92.41__shot2_79.61__shot3m3m1_73.60__shot3m3m2_85.47,High,3,79.61,73.6,85.47,-141.149,-53.012,-92.40821838,261.1160848722392,target-only,0.5,27,1,0,0.8116449684685196,1.534219354415138,0.8497015064404166,0.0817199429688281,0.0774617200320118,1,1
experiment_results1.csv,perturbation_run,perturbation_gap,1,2026-04-21T20:47:59+08:00,20260421_204759_908891,controlled_perturbation_study,CTChest,perspective,tp_-141.15_-53.01_-92.41,Far,3,CTChest__perspective__tp_-141.15_-53.01_-92.41__shot2_79.61__shot3m3m1_73.60__shot3m3m2_85.47,High,3,79.61,73.6,85.47,-141.149,-53.012,-92.40821838,261.1160848722392,target-only,0.5,28,1,0,0.5429055501264433,0.9480134969514528,0.7358482514126632,0.0817199429688281,0.0774617200320118,1,1
experiment_results1.csv,perturbation_run,perturbation_gap,1,2026-04-21T20:48:00+08:00,20260421_204800_232665,controlled_perturbation_study,CTChest,perspective,tp_-141.15_-53.01_-92.41,Far,3,CTChest__perspective__tp_-141.15_-53.01_-92.41__shot2_79.61__shot3m3m1_73.60__shot3m3m2_85.47,High,3,79.61,73.6,85.47,-141.149,-53.012,-92.40821838,261.1160848722392,target-only,0.5,29,1,0,0.6262858544485409,1.1762727461714813,0.0550969011677557,0.0817199429688281,0.0774617200320118,1,1
experiment_results1.csv,perturbation_run,perturbation_gap,1,2026-04-21T20:48:00+08:00,20260421_204800_555718,controlled_perturbation_study,CTChest,perspective,tp_-141.15_-53.01_-92.41,Far,3,CTChest__perspective__tp_-141.15_-53.01_-92.41__shot2_79.61__shot3m3m1_73.60__shot3m3m2_85.47,High,3,79.61,73.6,85.47,-141.149,-53.012,-92.40821838,261.1160848722392,target-only,0.5,30,1,0,0.2174606488130092,0.2737792536209727,1.0751366531922637,0.0817199429688281,0.0774617200320118,1,1
experiment_results1.csv,perturbation_run,perturbation_gap,1,2026-04-21T20:48:00+08:00,20260421_204800_862621,controlled_perturbation_study,CTChest,perspective,tp_-141.15_-53.01_-92.41,Far,3,CTChest__perspective__tp_-141.15_-53.01_-92.41__shot2_79.61__shot3m3m1_73.60__shot3m3m2_85.47,High,3,79.61,73.6,85.47,-141.149,-53.012,-92.40821838,261.1160848722392,target-only,0.5,31,1,0,0.0951790569419645,0.1434288511887069,0.0759065816728633,0.0817199429688281,0.0774617200320118,1,1
experiment_results1.csv,perturbation_run,perturbation_gap,1,2026-04-21T20:48:01+08:00,20260421_204801_162673,controlled_perturbation_study,CTChest,perspective,tp_-141.15_-53.01_-92.41,Far,3,CTChest__perspective__tp_-141.15_-53.01_-92.41__shot2_79.61__shot3m3m1_73.60__shot3m3m2_85.47,High,3,79.61,73.6,85.47,-141.149,-53.012,-92.40821838,261.1160848722392,target-only,0.5,32,1,0,0.3130105804432702,0.528322339850383,0.6150333382079156,0.0817199429688281,0.0774617200320118,1,1
experiment_results1.csv,perturbation_run,perturbation_gap,1,2026-04-21T20:48:01+08:00,20260421_204801_454165,controlled_perturbation_study,CTChest,perspective,tp_-141.15_-53.01_-92.41,Far,3,CTChest__perspective__tp_-141.15_-53.01_-92.41__shot2_79.61__shot3m3m1_73.60__shot3m3m2_85.47,High,3,79.61,73.6,85.47,-141.149,-53.012,-92.40821838,261.1160848722392,target-only,0.5,33,1,0,0.1904531258257394,0.0945882061181113,1.5959262893184636,0.0817199429688281,0.0774617200320118,1,1
experiment_results1.csv,perturbation_run,perturbation_gap,1,2026-04-21T20:48:01+08:00,20260421_204801_747087,controlled_perturbation_study,CTChest,perspective,tp_-141.15_-53.01_-92.41,Far,3,CTChest__perspective__tp_-141.15_-53.01_-92.41__shot2_79.61__shot3m3m1_73.60__shot3m3m2_85.47,High,3,79.61,73.6,85.47,-141.149,-53.012,-92.40821838,261.1160848722392,target-only,0.5,34,1,0,0.404295034340668,0.752630907728663,0.2923093809466058,0.0817199429688281,0.0774617200320118,1,1
experiment_results1.csv,perturbation_run,perturbation_gap,1,2026-04-21T20:48:02+08:00,20260421_204802_029503,controlled_perturbation_study,CTChest,perspective,tp_-141.15_-53.01_-92.41,Far,3,CTChest__perspective__tp_-141.15_-53.01_-92.41__shot2_79.61__shot3m3m1_73.60__shot3m3m2_85.47,High,3,79.61,73.6,85.47,-141.149,-53.012,-92.40821838,261.1160848722392,target-only,0.5,35,1,0,0.6760099711475004,1.265038279080516,0.5132504389376996,0.0817199429688281,0.0774617200320118,1,1
experiment_results1.csv,perturbation_run,perturbation_gap,1,2026-04-21T20:48:02+08:00,20260421_204802_323398,controlled_perturbation_study,CTChest,perspective,tp_-141.15_-53.01_-92.41,Far,3,CTChest__perspective__tp_-141.15_-53.01_-92.41__shot2_79.61__shot3m3m1_73.60__shot3m3m2_85.47,High,3,79.61,73.6,85.47,-141.149,-53.012,-92.40821838,261.1160848722392,target-only,0.5,36,1,0,0.3798596856998958,0.7117787593311105,0.1078880140827128,0.0817199429688281,0.0774617200320118,1,1
experiment_results1.csv,perturbation_run,perturbation_gap,1,2026-04-21T20:48:02+08:00,20260421_204802_613344,controlled_perturbation_study,CTChest,perspective,tp_-141.15_-53.01_-92.41,Far,3,CTChest__perspective__tp_-141.15_-53.01_-92.41__shot2_79.61__shot3m3m1_73.60__shot3m3m2_85.47,High,3,79.61,73.6,85.47,-141.149,-53.012,-92.40821838,261.1160848722392,target-only,0.5,37,1,0,0.6955175632508229,1.2080062259751574,0.2656408902167712,0.0817199429688281,0.0774617200320118,1,1
experiment_results1.csv,perturbation_run,perturbation_gap,1,2026-04-21T20:48:02+08:00,20260421_204802_911631,controlled_perturbation_study,CTChest,perspective,tp_-141.15_-53.01_-92.41,Far,3,CTChest__perspective__tp_-141.15_-53.01_-92.41__shot2_79.61__shot3m3m1_73.60__shot3m3m2_85.47,High,3,79.61,73.6,85.47,-141.149,-53.012,-92.40821838,261.1160848722392,target-only,0.5,38,1,0,0.6968165871265133,1.3246815989264706,0.3571115578274009,0.0817199429688281,0.0774617200320118,1,1
experiment_results1.csv,perturbation_run,perturbation_gap,1,2026-04-21T20:48:03+08:00,20260421_204803_203781,controlled_perturbation_study,CTChest,perspective,tp_-141.15_-53.01_-92.41,Far,3,CTChest__perspective__tp_-141.15_-53.01_-92.41__shot2_79.61__shot3m3m1_73.60__shot3m3m2_85.47,High,3,79.61,73.6,85.47,-141.149,-53.012,-92.40821838,261.1160848722392,target-only,0.5,39,1,0,0.4431023383354971,0.8465687556376761,0.5314573675818938,0.0817199429688281,0.0774617200320118,1,1
experiment_results1.csv,perturbation_run,perturbation_gap,1,2026-04-21T20:48:03+08:00,20260421_204803_506203,controlled_perturbation_study,CTChest,perspective,tp_-141.15_-53.01_-92.41,Far,3,CTChest__perspective__tp_-141.15_-53.01_-92.41__shot2_79.61__shot3m3m1_73.60__shot3m3m2_85.47,High,3,79.61,73.6,85.47,-141.149,-53.012,-92.40821838,261.1160848722392,target-only,0.5,40,1,0,0.112699476690991,0.2531058422157992,0.1405770403516264,0.0817199429688281,0.0774617200320118,1,1
experiment_results1.csv,perturbation_run,perturbation_gap,1,2026-04-21T20:48:03+08:00,20260421_204803_811755,controlled_perturbation_study,CTChest,perspective,tp_-141.15_-53.01_-92.41,Far,3,CTChest__perspective__tp_-141.15_-53.01_-92.41__shot2_79.61__shot3m3m1_73.60__shot3m3m2_85.47,High,3,79.61,73.6,85.47,-141.149,-53.012,-92.40821838,261.1160848722392,target-only,0.5,41,1,0,0.1897253131676104,0.3246137677283858,0.7161219483313592,0.0817199429688281,0.0774617200320118,1,1
experiment_results1.csv,perturbation_run,perturbation_gap,1,2026-04-21T20:48:04+08:00,20260421_204804_125065,controlled_perturbation_study,CTChest,perspective,tp_-141.15_-53.01_-92.41,Far,3,CTChest__perspective__tp_-141.15_-53.01_-92.41__shot2_79.61__shot3m3m1_73.60__shot3m3m2_85.47,High,3,79.61,73.6,85.47,-141.149,-53.012,-92.40821838,261.1160848722392,target-only,0.5,42,1,0,0.1911621428404058,0.3030165627528507,0.2892637573403575,0.0817199429688281,0.0774617200320118,1,1
experiment_results1.csv,perturbation_run,perturbation_gap,1,2026-04-21T20:48:04+08:00,20260421_204804_458046,controlled_perturbation_study,CTChest,perspective,tp_-141.15_-53.01_-92.41,Far,3,CTChest__perspective__tp_-141.15_-53.01_-92.41__shot2_79.61__shot3m3m1_73.60__shot3m3m2_85.47,High,3,79.61,73.6,85.47,-141.149,-53.012,-92.40821838,261.1160848722392,target-only,0.5,43,1,0,0.4089172418023426,0.7217641386231706,0.8902534817552248,0.0817199429688281,0.0774617200320118,1,1
experiment_results1.csv,perturbation_run,perturbation_gap,1,2026-04-21T20:48:04+08:00,20260421_204804_737491,controlled_perturbation_study,CTChest,perspective,tp_-141.15_-53.01_-92.41,Far,3,CTChest__perspective__tp_-141.15_-53.01_-92.41__shot2_79.61__shot3m3m1_73.60__shot3m3m2_85.47,High,3,79.61,73.6,85.47,-141.149,-53.012,-92.40821838,261.1160848722392,target-only,0.5,44,1,0,0.2395855576896721,0.3922392548029467,0.0384645760935825,0.0817199429688281,0.0774617200320118,1,1
experiment_results1.csv,perturbation_run,perturbation_gap,1,2026-04-21T20:48:05+08:00,20260421_204805_053261,controlled_perturbation_study,CTChest,perspective,tp_-141.15_-53.01_-92.41,Far,3,CTChest__perspective__tp_-141.15_-53.01_-92.41__shot2_79.61__shot3m3m1_73.60__shot3m3m2_85.47,High,3,79.61,73.6,85.47,-141.149,-53.012,-92.40821838,261.1160848722392,target-only,0.5,45,1,0,0.1915777085649633,0.3112050085422093,0.3370247644933601,0.0817199429688281,0.0774617200320118,1,1
experiment_results1.csv,perturbation_run,perturbation_gap,1,2026-04-21T20:48:05+08:00,20260421_204805_369047,controlled_perturbation_study,CTChest,perspective,tp_-141.15_-53.01_-92.41,Far,3,CTChest__perspective__tp_-141.15_-53.01_-92.41__shot2_79.61__shot3m3m1_73.60__shot3m3m2_85.47,High,3,79.61,73.6,85.47,-141.149,-53.012,-92.40821838,261.1160848722392,target-only,0.5,46,1,0,0.6479284035394546,1.1478040000767633,0.1656863922697096,0.0817199429688281,0.0774617200320118,1,1
experiment_results1.csv,perturbation_run,perturbation_gap,1,2026-04-21T20:48:05+08:00,20260421_204805_683195,controlled_perturbation_study,CTChest,perspective,tp_-141.15_-53.01_-92.41,Far,3,CTChest__perspective__tp_-141.15_-53.01_-92.41__shot2_79.61__shot3m3m1_73.60__shot3m3m2_85.47,High,3,79.61,73.6,85.47,-141.149,-53.012,-92.40821838,261.1160848722392,target-only,0.5,47,1,0,1.3801833966313355,2.5978998757255565,1.2455474684915708,0.0817199429688281,0.0774617200320118,1,1
experiment_results1.csv,perturbation_run,perturbation_gap,1,2026-04-21T20:48:05+08:00,20260421_204805_997330,controlled_perturbation_study,CTChest,perspective,tp_-141.15_-53.01_-92.41,Far,3,CTChest__perspective__tp_-141.15_-53.01_-92.41__shot2_79.61__shot3m3m1_73.60__shot3m3m2_85.47,High,3,79.61,73.6,85.47,-141.149,-53.012,-92.40821838,261.1160848722392,target-only,0.5,48,1,0,0.4053756209265162,0.6471953942095131,0.2995938217434851,0.0817199429688281,0.0774617200320118,1,1
experiment_results1.csv,perturbation_run,perturbation_gap,1,2026-04-21T20:48:06+08:00,20260421_204806_303673,controlled_perturbation_study,CTChest,perspective,tp_-141.15_-53.01_-92.41,Far,3,CTChest__perspective__tp_-141.15_-53.01_-92.41__shot2_79.61__shot3m3m1_73.60__shot3m3m2_85.47,High,3,79.61,73.6,85.47,-141.149,-53.012,-92.40821838,261.1160848722392,target-only,0.5,49,1,0,0.4527750928404825,0.796065532018047,0.284411510101641,0.0817199429688281,0.0774617200320118,1,1
experiment_results1.csv,perturbation_run,perturbation_gap,1,2026-04-21T20:48:06+08:00,20260421_204806_651673,controlled_perturbation_study,CTChest,perspective,tp_-141.15_-53.01_-92.41,Far,3,CTChest__perspective__tp_-141.15_-53.01_-92.41__shot2_79.61__shot3m3m1_73.60__shot3m3m2_85.47,High,3,79.61,73.6,85.47,-141.149,-53.012,-92.40821838,261.1160848722392,target-only,0.5,50,1,0,0.1886803126414302,0.2692551365063914,0.6390573124526489,0.0817199429688281,0.0774617200320118,1,1
experiment_results1.csv,perturbation_run,perturbation_gap,1,2026-04-21T20:48:12+08:00,20260421_204812_886044,controlled_perturbation_study,CTChest,perspective,tp_-141.15_-53.01_-92.41,Far,3,CTChest__perspective__tp_-141.15_-53.01_-92.41__shot2_79.61__shot3m3m1_73.60__shot3m3m2_85.47,High,3,79.61,73.6,85.47,-141.149,-53.012,-92.40821838,261.1160848722392,target-only,1.0,1,1,0,1.0144929297542913,1.3708036640863754,0.6906912681627646,0.0817199429688281,0.0774617200320118,1,1
experiment_results1.csv,perturbation_run,perturbation_gap,1,2026-04-21T20:48:13+08:00,20260421_204813_196223,controlled_perturbation_study,CTChest,perspective,tp_-141.15_-53.01_-92.41,Far,3,CTChest__perspective__tp_-141.15_-53.01_-92.41__shot2_79.61__shot3m3m1_73.60__shot3m3m2_85.47,High,3,79.61,73.6,85.47,-141.149,-53.012,-92.40821838,261.1160848722392,target-only,1.0,2,1,0,1.1109289985330542,2.0262415235394164,0.0925303044240961,0.0817199429688281,0.0774617200320118,1,1
experiment_results1.csv,perturbation_run,perturbation_gap,1,2026-04-21T20:48:13+08:00,20260421_204813_504379,controlled_perturbation_study,CTChest,perspective,tp_-141.15_-53.01_-92.41,Far,3,CTChest__perspective__tp_-141.15_-53.01_-92.41__shot2_79.61__shot3m3m1_73.60__shot3m3m2_85.47,High,3,79.61,73.6,85.47,-141.149,-53.012,-92.40821838,261.1160848722392,target-only,1.0,3,1,0,0.569659006646301,0.9250162057180624,0.5568107270061805,0.0817199429688281,0.0774617200320118,1,1
experiment_results1.csv,perturbation_run,perturbation_gap,1,2026-04-21T20:48:13+08:00,20260421_204813_804664,controlled_perturbation_study,CTChest,perspective,tp_-141.15_-53.01_-92.41,Far,3,CTChest__perspective__tp_-141.15_-53.01_-92.41__shot2_79.61__shot3m3m1_73.60__shot3m3m2_85.47,High,3,79.61,73.6,85.47,-141.149,-53.012,-92.40821838,261.1160848722392,target-only,1.0,4,1,0,1.194765388451506,2.1401953964234104,1.0695009695083992,0.0817199429688281,0.0774617200320118,1,1
experiment_results1.csv,perturbation_run,perturbation_gap,1,2026-04-21T20:48:14+08:00,20260421_204814_088839,controlled_perturbation_study,CTChest,perspective,tp_-141.15_-53.01_-92.41,Far,3,CTChest__perspective__tp_-141.15_-53.01_-92.41__shot2_79.61__shot3m3m1_73.60__shot3m3m2_85.47,High,3,79.61,73.6,85.47,-141.149,-53.012,-92.40821838,261.1160848722392,target-only,1.0,5,1,0,0.3617752221783629,0.538710579009897,1.62716838760571,0.0817199429688281,0.0774617200320118,1,1
experiment_results1.csv,perturbation_run,perturbation_gap,1,2026-04-21T20:48:14+08:00,20260421_204814_379080,controlled_perturbation_study,CTChest,perspective,tp_-141.15_-53.01_-92.41,Far,3,CTChest__perspective__tp_-141.15_-53.01_-92.41__shot2_79.61__shot3m3m1_73.60__shot3m3m2_85.47,High,3,79.61,73.6,85.47,-141.149,-53.012,-92.40821838,261.1160848722392,target-only,1.0,6,1,0,0.8757121332960044,1.6083549573176812,1.1330383866004874,0.0817199429688281,0.0774617200320118,1,1
experiment_results1.csv,perturbation_run,perturbation_gap,1,2026-04-21T20:48:14+08:00,20260421_204814_672032,controlled_perturbation_study,CTChest,perspective,tp_-141.15_-53.01_-92.41,Far,3,CTChest__perspective__tp_-141.15_-53.01_-92.41__shot2_79.61__shot3m3m1_73.60__shot3m3m2_85.47,High,3,79.61,73.6,85.47,-141.149,-53.012,-92.40821838,261.1160848722392,target-only,1.0,7,1,0,0.5556769456183422,1.0385727862863865,0.631225985379446,0.0817199429688281,0.0774617200320118,1,1
experiment_results1.csv,perturbation_run,perturbation_gap,1,2026-04-21T20:48:14+08:00,20260421_204814_971974,controlled_perturbation_study,CTChest,perspective,tp_-141.15_-53.01_-92.41,Far,3,CTChest__perspective__tp_-141.15_-53.01_-92.41__shot2_79.61__shot3m3m1_73.60__shot3m3m2_85.47,High,3,79.61,73.6,85.47,-141.149,-53.012,-92.40821838,261.1160848722392,target-only,1.0,8,1,0,0.6923951069507829,1.3182877255167609,0.8968701174996441,0.0817199429688281,0.0774617200320118,1,1
experiment_results1.csv,perturbation_run,perturbation_gap,1,2026-04-21T20:48:15+08:00,20260421_204815_254741,controlled_perturbation_study,CTChest,perspective,tp_-141.15_-53.01_-92.41,Far,3,CTChest__perspective__tp_-141.15_-53.01_-92.41__shot2_79.61__shot3m3m1_73.60__shot3m3m2_85.47,High,3,79.61,73.6,85.47,-141.149,-53.012,-92.40821838,261.1160848722392,target-only,1.0,9,1,0,1.1832547967463387,1.486773793767844,1.279121691431255,0.0817199429688281,0.0774617200320118,1,1
experiment_results1.csv,perturbation_run,perturbation_gap,1,2026-04-21T20:48:15+08:00,20260421_204815_548354,controlled_perturbation_study,CTChest,perspective,tp_-141.15_-53.01_-92.41,Far,3,CTChest__perspective__tp_-141.15_-53.01_-92.41__shot2_79.61__shot3m3m1_73.60__shot3m3m2_85.47,High,3,79.61,73.6,85.47,-141.149,-53.012,-92.40821838,261.1160848722392,target-only,1.0,10,1,0,0.7051422306233446,0.6450345769555068,0.9546689187564164,0.0817199429688281,0.0774617200320118,1,1
experiment_results1.csv,perturbation_run,perturbation_gap,1,2026-04-21T20:48:15+08:00,20260421_204815_847104,controlled_perturbation_study,CTChest,perspective,tp_-141.15_-53.01_-92.41,Far,3,CTChest__perspective__tp_-141.15_-53.01_-92.41__shot2_79.61__shot3m3m1_73.60__shot3m3m2_85.47,High,3,79.61,73.6,85.47,-141.149,-53.012,-92.40821838,261.1160848722392,target-only,1.0,11,1,0,1.0877851236484215,0.2265294370537104,1.9923328254761887,0.0817199429688281,0.0774617200320118,1,1
experiment_results1.csv,perturbation_run,perturbation_gap,1,2026-04-21T20:48:16+08:00,20260421_204816_139027,controlled_perturbation_study,CTChest,perspective,tp_-141.15_-53.01_-92.41,Far,3,CTChest__perspective__tp_-141.15_-53.01_-92.41__shot2_79.61__shot3m3m1_73.60__shot3m3m2_85.47,High,3,79.61,73.6,85.47,-141.149,-53.012,-92.40821838,261.1160848722392,target-only,1.0,12,1,0,1.051180936744404,1.4823548835893283,0.1289012147147382,0.0817199429688281,0.0774617200320118,1,1
experiment_results1.csv,perturbation_run,perturbation_gap,1,2026-04-21T20:48:16+08:00,20260421_204816_438436,controlled_perturbation_study,CTChest,perspective,tp_-141.15_-53.01_-92.41,Far,3,CTChest__perspective__tp_-141.15_-53.01_-92.41__shot2_79.61__shot3m3m1_73.60__shot3m3m2_85.47,High,3,79.61,73.6,85.47,-141.149,-53.012,-92.40821838,261.1160848722392,target-only,1.0,13,1,0,0.9172112003185804,1.6006036709077611,1.659906887488326,0.0817199429688281,0.0774617200320118,1,1
experiment_results1.csv,perturbation_run,perturbation_gap,1,2026-04-21T20:48:16+08:00,20260421_204816_739195,controlled_perturbation_study,CTChest,perspective,tp_-141.15_-53.01_-92.41,Far,3,CTChest__perspective__tp_-141.15_-53.01_-92.41__shot2_79.61__shot3m3m1_73.60__shot3m3m2_85.47,High,3,79.61,73.6,85.47,-141.149,-53.012,-92.40821838,261.1160848722392,target-only,1.0,14,1,0,1.039146674768849,1.179235187061984,0.2950475944700917,0.0817199429688281,0.0774617200320118,1,1
experiment_results1.csv,perturbation_run,perturbation_gap,1,2026-04-21T20:48:17+08:00,20260421_204817_036663,controlled_perturbation_study,CTChest,perspective,tp_-141.15_-53.01_-92.41,Far,3,CTChest__perspective__tp_-141.15_-53.01_-92.41__shot2_79.61__shot3m3m1_73.60__shot3m3m2_85.47,High,3,79.61,73.6,85.47,-141.149,-53.012,-92.40821838,261.1160848722392,target-only,1.0,15,1,0,1.1476782588769572,2.135206078073362,1.7891982627421177,0.0817199429688281,0.0774617200320118,1,1
experiment_results1.csv,perturbation_run,perturbation_gap,1,2026-04-21T20:48:17+08:00,20260421_204817_348788,controlled_perturbation_study,CTChest,perspective,tp_-141.15_-53.01_-92.41,Far,3,CTChest__perspective__tp_-141.15_-53.01_-92.41__shot2_79.61__shot3m3m1_73.60__shot3m3m2_85.47,High,3,79.61,73.6,85.47,-141.149,-53.012,-92.40821838,261.1160848722392,target-only,1.0,16,1,0,1.219407381188087,2.178403290920783,0.8312318515591032,0.0817199429688281,0.0774617200320118,1,1
experiment_results1.csv,perturbation_run,perturbation_gap,1,2026-04-21T20:48:17+08:00,20260421_204817_664801,controlled_perturbation_study,CTChest,perspective,tp_-141.15_-53.01_-92.41,Far,3,CTChest__perspective__tp_-141.15_-53.01_-92.41__shot2_79.61__shot3m3m1_73.60__shot3m3m2_85.47,High,3,79.61,73.6,85.47,-141.149,-53.012,-92.40821838,261.1160848722392,target-only,1.0,17,1,0,0.7188456880778687,1.3942948863755988,0.0154680669695481,0.0817199429688281,0.0774617200320118,1,1
experiment_results1.csv,perturbation_run,perturbation_gap,1,2026-04-21T20:48:17+08:00,20260421_204817_987716,controlled_perturbation_study,CTChest,perspective,tp_-141.15_-53.01_-92.41,Far,3,CTChest__perspective__tp_-141.15_-53.01_-92.41__shot2_79.61__shot3m3m1_73.60__shot3m3m2_85.47,High,3,79.61,73.6,85.47,-141.149,-53.012,-92.40821838,261.1160848722392,target-only,1.0,18,1,0,0.2722484804053701,0.4890772809799281,1.4511743462610658,0.0817199429688281,0.0774617200320118,1,1
experiment_results1.csv,perturbation_run,perturbation_gap,1,2026-04-21T20:48:18+08:00,20260421_204818_303366,controlled_perturbation_study,CTChest,perspective,tp_-141.15_-53.01_-92.41,Far,3,CTChest__perspective__tp_-141.15_-53.01_-92.41__shot2_79.61__shot3m3m1_73.60__shot3m3m2_85.47,High,3,79.61,73.6,85.47,-141.149,-53.012,-92.40821838,261.1160848722392,target-only,1.0,19,1,0,1.4907575205947643,2.579700071396442,1.0541477980363665,0.0817199429688281,0.0774617200320118,1,1
experiment_results1.csv,perturbation_run,perturbation_gap,1,2026-04-21T20:48:18+08:00,20260421_204818_620346,controlled_perturbation_study,CTChest,perspective,tp_-141.15_-53.01_-92.41,Far,3,CTChest__perspective__tp_-141.15_-53.01_-92.41__shot2_79.61__shot3m3m1_73.60__shot3m3m2_85.47,High,3,79.61,73.6,85.47,-141.149,-53.012,-92.40821838,261.1160848722392,target-only,1.0,20,1,0,0.9974080616253956,1.5778695465357089,0.1516115294604091,0.0817199429688281,0.0774617200320118,1,1
experiment_results1.csv,perturbation_run,perturbation_gap,1,2026-04-21T20:48:18+08:00,20260421_204818_931658,controlled_perturbation_study,CTChest,perspective,tp_-141.15_-53.01_-92.41,Far,3,CTChest__perspective__tp_-141.15_-53.01_-92.41__shot2_79.61__shot3m3m1_73.60__shot3m3m2_85.47,High,3,79.61,73.6,85.47,-141.149,-53.012,-92.40821838,261.1160848722392,target-only,1.0,21,1,0,1.2707363316068427,1.2954047383023135,0.4789344520849576,0.0817199429688281,0.0774617200320118,1,1
experiment_results1.csv,perturbation_run,perturbation_gap,1,2026-04-21T20:48:19+08:00,20260421_204819_244527,controlled_perturbation_study,CTChest,perspective,tp_-141.15_-53.01_-92.41,Far,3,CTChest__perspective__tp_-141.15_-53.01_-92.41__shot2_79.61__shot3m3m1_73.60__shot3m3m2_85.47,High,3,79.61,73.6,85.47,-141.149,-53.012,-92.40821838,261.1160848722392,target-only,1.0,22,1,0,0.8972527340858518,1.688623615471272,0.1661445488724752,0.0817199429688281,0.0774617200320118,1,1
experiment_results1.csv,perturbation_run,perturbation_gap,1,2026-04-21T20:48:19+08:00,20260421_204819_553861,controlled_perturbation_study,CTChest,perspective,tp_-141.15_-53.01_-92.41,Far,3,CTChest__perspective__tp_-141.15_-53.01_-92.41__shot2_79.61__shot3m3m1_73.60__shot3m3m2_85.47,High,3,79.61,73.6,85.47,-141.149,-53.012,-92.40821838,261.1160848722392,target-only,1.0,23,1,0,0.3987007829452882,0.6793863914471042,0.1919199180284211,0.0817199429688281,0.0774617200320118,1,1
experiment_results1.csv,perturbation_run,perturbation_gap,1,2026-04-21T20:48:19+08:00,20260421_204819_864162,controlled_perturbation_study,CTChest,perspective,tp_-141.15_-53.01_-92.41,Far,3,CTChest__perspective__tp_-141.15_-53.01_-92.41__shot2_79.61__shot3m3m1_73.60__shot3m3m2_85.47,High,3,79.61,73.6,85.47,-141.149,-53.012,-92.40821838,261.1160848722392,target-only,1.0,24,1,0,0.4752912763184403,0.7696715576795417,2.1790045596636065,0.0817199429688281,0.0774617200320118,1,1
experiment_results1.csv,perturbation_run,perturbation_gap,1,2026-04-21T20:48:20+08:00,20260421_204820_175358,controlled_perturbation_study,CTChest,perspective,tp_-141.15_-53.01_-92.41,Far,3,CTChest__perspective__tp_-141.15_-53.01_-92.41__shot2_79.61__shot3m3m1_73.60__shot3m3m2_85.47,High,3,79.61,73.6,85.47,-141.149,-53.012,-92.40821838,261.1160848722392,target-only,1.0,25,1,0,0.9229413090703664,1.366987632136657,1.37184187447633,0.0817199429688281,0.0774617200320118,1,1
experiment_results1.csv,perturbation_run,perturbation_gap,1,2026-04-21T20:48:20+08:00,20260421_204820_494793,controlled_perturbation_study,CTChest,perspective,tp_-141.15_-53.01_-92.41,Far,3,CTChest__perspective__tp_-141.15_-53.01_-92.41__shot2_79.61__shot3m3m1_73.60__shot3m3m2_85.47,High,3,79.61,73.6,85.47,-141.149,-53.012,-92.40821838,261.1160848722392,target-only,1.0,26,1,0,0.3415074183876319,0.480589246207133,0.3644753845481404,0.0817199429688281,0.0774617200320118,1,1
experiment_results1.csv,perturbation_run,perturbation_gap,1,2026-04-21T20:48:20+08:00,20260421_204820_795275,controlled_perturbation_study,CTChest,perspective,tp_-141.15_-53.01_-92.41,Far,3,CTChest__perspective__tp_-141.15_-53.01_-92.41__shot2_79.61__shot3m3m1_73.60__shot3m3m2_85.47,High,3,79.61,73.6,85.47,-141.149,-53.012,-92.40821838,261.1160848722392,target-only,1.0,27,1,0,1.161462105771891,2.1230133672212506,1.4665530795059218,0.0817199429688281,0.0774617200320118,1,1
experiment_results1.csv,perturbation_run,perturbation_gap,1,2026-04-21T20:48:21+08:00,20260421_204821_113033,controlled_perturbation_study,CTChest,perspective,tp_-141.15_-53.01_-92.41,Far,3,CTChest__perspective__tp_-141.15_-53.01_-92.41__shot2_79.61__shot3m3m1_73.60__shot3m3m2_85.47,High,3,79.61,73.6,85.47,-141.149,-53.012,-92.40821838,261.1160848722392,target-only,1.0,28,1,0,0.6513966535316646,1.2531792605570566,0.1114117500443323,0.0817199429688281,0.0774617200320118,1,1
experiment_results1.csv,perturbation_run,perturbation_gap,1,2026-04-21T20:48:21+08:00,20260421_204821_422744,controlled_perturbation_study,CTChest,perspective,tp_-141.15_-53.01_-92.41,Far,3,CTChest__perspective__tp_-141.15_-53.01_-92.41__shot2_79.61__shot3m3m1_73.60__shot3m3m2_85.47,High,3,79.61,73.6,85.47,-141.149,-53.012,-92.40821838,261.1160848722392,target-only,1.0,29,1,0,0.6739645326674377,0.9176508307442748,1.2316024088678588,0.0817199429688281,0.0774617200320118,1,1
experiment_results1.csv,perturbation_run,perturbation_gap,1,2026-04-21T20:48:21+08:00,20260421_204821_735462,controlled_perturbation_study,CTChest,perspective,tp_-141.15_-53.01_-92.41,Far,3,CTChest__perspective__tp_-141.15_-53.01_-92.41__shot2_79.61__shot3m3m1_73.60__shot3m3m2_85.47,High,3,79.61,73.6,85.47,-141.149,-53.012,-92.40821838,261.1160848722392,target-only,1.0,30,1,0,0.808034143087781,1.3944254767968656,1.1226617494873248,0.0817199429688281,0.0774617200320118,1,1
experiment_results1.csv,perturbation_run,perturbation_gap,1,2026-04-21T20:48:22+08:00,20260421_204822_048990,controlled_perturbation_study,CTChest,perspective,tp_-141.15_-53.01_-92.41,Far,3,CTChest__perspective__tp_-141.15_-53.01_-92.41__shot2_79.61__shot3m3m1_73.60__shot3m3m2_85.47,High,3,79.61,73.6,85.47,-141.149,-53.012,-92.40821838,261.1160848722392,target-only,1.0,31,1,0,1.1206272318010075,1.4795674124628262,2.1563116779227154,0.0817199429688281,0.0774617200320118,1,1
experiment_results1.csv,perturbation_run,perturbation_gap,1,2026-04-21T20:48:22+08:00,20260421_204822_367704,controlled_perturbation_study,CTChest,perspective,tp_-141.15_-53.01_-92.41,Far,3,CTChest__perspective__tp_-141.15_-53.01_-92.41__shot2_79.61__shot3m3m1_73.60__shot3m3m2_85.47,High,3,79.61,73.6,85.47,-141.149,-53.012,-92.40821838,261.1160848722392,target-only,1.0,32,1,0,0.8259055712447478,1.5407943496357304,0.775753746431038,0.0817199429688281,0.0774617200320118,1,1
experiment_results1.csv,perturbation_run,perturbation_gap,1,2026-04-21T20:48:22+08:00,20260421_204822_679656,controlled_perturbation_study,CTChest,perspective,tp_-141.15_-53.01_-92.41,Far,3,CTChest__perspective__tp_-141.15_-53.01_-92.41__shot2_79.61__shot3m3m1_73.60__shot3m3m2_85.47,High,3,79.61,73.6,85.47,-141.149,-53.012,-92.40821838,261.1160848722392,target-only,1.0,33,1,0,1.235659548495642,1.815597235144679,0.5640223590782728,0.0817199429688281,0.0774617200320118,1,1
experiment_results1.csv,perturbation_run,perturbation_gap,1,2026-04-21T20:48:22+08:00,20260421_204822_993178,controlled_perturbation_study,CTChest,perspective,tp_-141.15_-53.01_-92.41,Far,3,CTChest__perspective__tp_-141.15_-53.01_-92.41__shot2_79.61__shot3m3m1_73.60__shot3m3m2_85.47,High,3,79.61,73.6,85.47,-141.149,-53.012,-92.40821838,261.1160848722392,target-only,1.0,34,1,0,1.0733708452636928,1.2247529155768586,0.8424665450799609,0.0817199429688281,0.0774617200320118,1,1
experiment_results1.csv,perturbation_run,perturbation_gap,1,2026-04-21T20:48:23+08:00,20260421_204823_300404,controlled_perturbation_study,CTChest,perspective,tp_-141.15_-53.01_-92.41,Far,3,CTChest__perspective__tp_-141.15_-53.01_-92.41__shot2_79.61__shot3m3m1_73.60__shot3m3m2_85.47,High,3,79.61,73.6,85.47,-141.149,-53.012,-92.40821838,261.1160848722392,target-only,1.0,35,1,0,0.8184911275272655,0.6842991191378183,0.0568497130426469,0.0817199429688281,0.0774617200320118,1,1
experiment_results1.csv,perturbation_run,perturbation_gap,1,2026-04-21T20:48:23+08:00,20260421_204823_619680,controlled_perturbation_study,CTChest,perspective,tp_-141.15_-53.01_-92.41,Far,3,CTChest__perspective__tp_-141.15_-53.01_-92.41__shot2_79.61__shot3m3m1_73.60__shot3m3m2_85.47,High,3,79.61,73.6,85.47,-141.149,-53.012,-92.40821838,261.1160848722392,target-only,1.0,36,1,0,0.6010387180257104,0.5564055698923324,1.379810017313568,0.0817199429688281,0.0774617200320118,1,1
experiment_results1.csv,perturbation_run,perturbation_gap,1,2026-04-21T20:48:23+08:00,20260421_204823_924948,controlled_perturbation_study,CTChest,perspective,tp_-141.15_-53.01_-92.41,Far,3,CTChest__perspective__tp_-141.15_-53.01_-92.41__shot2_79.61__shot3m3m1_73.60__shot3m3m2_85.47,High,3,79.61,73.6,85.47,-141.149,-53.012,-92.40821838,261.1160848722392,target-only,1.0,37,1,0,0.2382576514462009,0.4817506551778399,0.7514603656359071,0.0817199429688281,0.0774617200320118,1,1
experiment_results1.csv,perturbation_run,perturbation_gap,1,2026-04-21T20:48:24+08:00,20260421_204824_245844,controlled_perturbation_study,CTChest,perspective,tp_-141.15_-53.01_-92.41,Far,3,CTChest__perspective__tp_-141.15_-53.01_-92.41__shot2_79.61__shot3m3m1_73.60__shot3m3m2_85.47,High,3,79.61,73.6,85.47,-141.149,-53.012,-92.40821838,261.1160848722392,target-only,1.0,38,1,0,0.4537419252174971,0.5247702307914414,0.4770456161333103,0.0817199429688281,0.0774617200320118,1,1
experiment_results1.csv,perturbation_run,perturbation_gap,1,2026-04-21T20:48:24+08:00,20260421_204824_565598,controlled_perturbation_study,CTChest,perspective,tp_-141.15_-53.01_-92.41,Far,3,CTChest__perspective__tp_-141.15_-53.01_-92.41__shot2_79.61__shot3m3m1_73.60__shot3m3m2_85.47,High,3,79.61,73.6,85.47,-141.149,-53.012,-92.40821838,261.1160848722392,target-only,1.0,39,1,0,1.4987387573103226,1.6952848136509069,0.7918433927437192,0.0817199429688281,0.0774617200320118,1,1
experiment_results1.csv,perturbation_run,perturbation_gap,1,2026-04-21T20:48:24+08:00,20260421_204824_876110,controlled_perturbation_study,CTChest,perspective,tp_-141.15_-53.01_-92.41,Far,3,CTChest__perspective__tp_-141.15_-53.01_-92.41__shot2_79.61__shot3m3m1_73.60__shot3m3m2_85.47,High,3,79.61,73.6,85.47,-141.149,-53.012,-92.40821838,261.1160848722392,target-only,1.0,40,1,0,1.0835374577426686,2.049168027193156,0.3466103270827217,0.0817199429688281,0.0774617200320118,1,1
experiment_results1.csv,perturbation_run,perturbation_gap,1,2026-04-21T20:48:25+08:00,20260421_204825_188373,controlled_perturbation_study,CTChest,perspective,tp_-141.15_-53.01_-92.41,Far,3,CTChest__perspective__tp_-141.15_-53.01_-92.41__shot2_79.61__shot3m3m1_73.60__shot3m3m2_85.47,High,3,79.61,73.6,85.47,-141.149,-53.012,-92.40821838,261.1160848722392,target-only,1.0,41,1,0,0.9304413222904776,1.7505450544872112,1.5232351760593532,0.0817199429688281,0.0774617200320118,1,1
experiment_results1.csv,perturbation_run,perturbation_gap,1,2026-04-21T20:48:25+08:00,20260421_204825_502085,controlled_perturbation_study,CTChest,perspective,tp_-141.15_-53.01_-92.41,Far,3,CTChest__perspective__tp_-141.15_-53.01_-92.41__shot2_79.61__shot3m3m1_73.60__shot3m3m2_85.47,High,3,79.61,73.6,85.47,-141.149,-53.012,-92.40821838,261.1160848722392,target-only,1.0,42,1,0,0.8140851167109028,0.6973736334230577,3.5270136474629066,0.0817199429688281,0.0774617200320118,1,1
experiment_results1.csv,perturbation_run,perturbation_gap,1,2026-04-21T20:48:25+08:00,20260421_204825_806025,controlled_perturbation_study,CTChest,perspective,tp_-141.15_-53.01_-92.41,Far,3,CTChest__perspective__tp_-141.15_-53.01_-92.41__shot2_79.61__shot3m3m1_73.60__shot3m3m2_85.47,High,3,79.61,73.6,85.47,-141.149,-53.012,-92.40821838,261.1160848722392,target-only,1.0,43,1,0,1.2324990407743155,2.028045878110888,1.1878154092672255,0.0817199429688281,0.0774617200320118,1,1
experiment_results1.csv,perturbation_run,perturbation_gap,1,2026-04-21T20:48:26+08:00,20260421_204826_088027,controlled_perturbation_study,CTChest,perspective,tp_-141.15_-53.01_-92.41,Far,3,CTChest__perspective__tp_-141.15_-53.01_-92.41__shot2_79.61__shot3m3m1_73.60__shot3m3m2_85.47,High,3,79.61,73.6,85.47,-141.149,-53.012,-92.40821838,261.1160848722392,target-only,1.0,44,1,0,1.0128363500468551,1.1861097950929964,1.6582086963175764,0.0817199429688281,0.0774617200320118,1,1
experiment_results1.csv,perturbation_run,perturbation_gap,1,2026-04-21T20:48:26+08:00,20260421_204826_363607,controlled_perturbation_study,CTChest,perspective,tp_-141.15_-53.01_-92.41,Far,3,CTChest__perspective__tp_-141.15_-53.01_-92.41__shot2_79.61__shot3m3m1_73.60__shot3m3m2_85.47,High,3,79.61,73.6,85.47,-141.149,-53.012,-92.40821838,261.1160848722392,target-only,1.0,45,1,0,0.5110026999319907,0.5527991407883917,0.2798105028237175,0.0817199429688281,0.0774617200320118,1,1
experiment_results1.csv,perturbation_run,perturbation_gap,1,2026-04-21T20:48:26+08:00,20260421_204826_646945,controlled_perturbation_study,CTChest,perspective,tp_-141.15_-53.01_-92.41,Far,3,CTChest__perspective__tp_-141.15_-53.01_-92.41__shot2_79.61__shot3m3m1_73.60__shot3m3m2_85.47,High,3,79.61,73.6,85.47,-141.149,-53.012,-92.40821838,261.1160848722392,target-only,1.0,46,1,0,0.8764717300115022,1.510713395995574,0.61991097273519,0.0817199429688281,0.0774617200320118,1,1
experiment_results1.csv,perturbation_run,perturbation_gap,1,2026-04-21T20:48:26+08:00,20260421_204826_924603,controlled_perturbation_study,CTChest,perspective,tp_-141.15_-53.01_-92.41,Far,3,CTChest__perspective__tp_-141.15_-53.01_-92.41__shot2_79.61__shot3m3m1_73.60__shot3m3m2_85.47,High,3,79.61,73.6,85.47,-141.149,-53.012,-92.40821838,261.1160848722392,target-only,1.0,47,1,0,1.1989455460623022,1.5576691456991834,0.257672687761315,0.0817199429688281,0.0774617200320118,1,1
experiment_results1.csv,perturbation_run,perturbation_gap,1,2026-04-21T20:48:27+08:00,20260421_204827_209833,controlled_perturbation_study,CTChest,perspective,tp_-141.15_-53.01_-92.41,Far,3,CTChest__perspective__tp_-141.15_-53.01_-92.41__shot2_79.61__shot3m3m1_73.60__shot3m3m2_85.47,High,3,79.61,73.6,85.47,-141.149,-53.012,-92.40821838,261.1160848722392,target-only,1.0,48,1,0,1.0758458261623398,2.0528870835406967,1.6015796941813225,0.0817199429688281,0.0774617200320118,1,1
experiment_results1.csv,perturbation_run,perturbation_gap,1,2026-04-21T20:48:27+08:00,20260421_204827_501206,controlled_perturbation_study,CTChest,perspective,tp_-141.15_-53.01_-92.41,Far,3,CTChest__perspective__tp_-141.15_-53.01_-92.41__shot2_79.61__shot3m3m1_73.60__shot3m3m2_85.47,High,3,79.61,73.6,85.47,-141.149,-53.012,-92.40821838,261.1160848722392,target-only,1.0,49,1,0,0.3169766352883942,0.5455631876339283,0.2952041149300637,0.0817199429688281,0.0774617200320118,1,1
experiment_results1.csv,perturbation_run,perturbation_gap,1,2026-04-21T20:48:27+08:00,20260421_204827_792739,controlled_perturbation_study,CTChest,perspective,tp_-141.15_-53.01_-92.41,Far,3,CTChest__perspective__tp_-141.15_-53.01_-92.41__shot2_79.61__shot3m3m1_73.60__shot3m3m2_85.47,High,3,79.61,73.6,85.47,-141.149,-53.012,-92.40821838,261.1160848722392,target-only,1.0,50,1,0,0.3843073254733188,0.6663421377740099,0.1564232778006276,0.0817199429688281,0.0774617200320118,1,1
experiment_results1.csv,perturbation_run,perturbation_gap,1,2026-04-21T20:48:34+08:00,20260421_204834_474689,controlled_perturbation_study,CTChest,perspective,tp_-141.15_-53.01_-92.41,Far,3,CTChest__perspective__tp_-141.15_-53.01_-92.41__shot2_79.61__shot3m3m1_73.60__shot3m3m2_85.47,High,3,79.61,73.6,85.47,-141.149,-53.012,-92.40821838,261.1160848722392,target-only,2.0,1,1,0,1.976619000828863,2.086267437617696,0.5040663596544984,0.0817199429688281,0.0774617200320118,1,1
experiment_results1.csv,perturbation_run,perturbation_gap,1,2026-04-21T20:48:34+08:00,20260421_204834_767043,controlled_perturbation_study,CTChest,perspective,tp_-141.15_-53.01_-92.41,Far,3,CTChest__perspective__tp_-141.15_-53.01_-92.41__shot2_79.61__shot3m3m1_73.60__shot3m3m2_85.47,High,3,79.61,73.6,85.47,-141.149,-53.012,-92.40821838,261.1160848722392,target-only,2.0,2,1,0,0.9365728119800024,1.7763321930600997,1.8200607373849216,0.0817199429688281,0.0774617200320118,1,1
experiment_results1.csv,perturbation_run,perturbation_gap,1,2026-04-21T20:48:35+08:00,20260421_204835_057907,controlled_perturbation_study,CTChest,perspective,tp_-141.15_-53.01_-92.41,Far,3,CTChest__perspective__tp_-141.15_-53.01_-92.41__shot2_79.61__shot3m3m1_73.60__shot3m3m2_85.47,High,3,79.61,73.6,85.47,-141.149,-53.012,-92.40821838,261.1160848722392,target-only,2.0,3,1,0,3.297227001253318,6.154734369588849,2.235858148759489,0.0817199429688281,0.0774617200320118,1,1
experiment_results1.csv,perturbation_run,perturbation_gap,1,2026-04-21T20:48:35+08:00,20260421_204835_351403,controlled_perturbation_study,CTChest,perspective,tp_-141.15_-53.01_-92.41,Far,3,CTChest__perspective__tp_-141.15_-53.01_-92.41__shot2_79.61__shot3m3m1_73.60__shot3m3m2_85.47,High,3,79.61,73.6,85.47,-141.149,-53.012,-92.40821838,261.1160848722392,target-only,2.0,4,1,0,1.8323964031913464,3.435438467682922,2.019573080769754,0.0817199429688281,0.0774617200320118,1,1
experiment_results1.csv,perturbation_run,perturbation_gap,1,2026-04-21T20:48:35+08:00,20260421_204835_650724,controlled_perturbation_study,CTChest,perspective,tp_-141.15_-53.01_-92.41,Far,3,CTChest__perspective__tp_-141.15_-53.01_-92.41__shot2_79.61__shot3m3m1_73.60__shot3m3m2_85.47,High,3,79.61,73.6,85.47,-141.149,-53.012,-92.40821838,261.1160848722392,target-only,2.0,5,1,0,4.500811191364195,8.148862428467432,2.620260161515335,0.0817199429688281,0.0774617200320118,1,1
experiment_results1.csv,perturbation_run,perturbation_gap,1,2026-04-21T20:48:35+08:00,20260421_204835_941377,controlled_perturbation_study,CTChest,perspective,tp_-141.15_-53.01_-92.41,Far,3,CTChest__perspective__tp_-141.15_-53.01_-92.41__shot2_79.61__shot3m3m1_73.60__shot3m3m2_85.47,High,3,79.61,73.6,85.47,-141.149,-53.012,-92.40821838,261.1160848722392,target-only,2.0,6,1,0,2.169400736487317,3.6444030443555406,0.8588858619003872,0.0817199429688281,0.0774617200320118,1,1
experiment_results1.csv,perturbation_run,perturbation_gap,1,2026-04-21T20:48:36+08:00,20260421_204836_218394,controlled_perturbation_study,CTChest,perspective,tp_-141.15_-53.01_-92.41,Far,3,CTChest__perspective__tp_-141.15_-53.01_-92.41__shot2_79.61__shot3m3m1_73.60__shot3m3m2_85.47,High,3,79.61,73.6,85.47,-141.149,-53.012,-92.40821838,261.1160848722392,target-only,2.0,7,1,0,1.352707594090867,2.496034578601928,1.610702754356119,0.0817199429688281,0.0774617200320118,1,1
experiment_results1.csv,perturbation_run,perturbation_gap,1,2026-04-21T20:48:36+08:00,20260421_204836_498706,controlled_perturbation_study,CTChest,perspective,tp_-141.15_-53.01_-92.41,Far,3,CTChest__perspective__tp_-141.15_-53.01_-92.41__shot2_79.61__shot3m3m1_73.60__shot3m3m2_85.47,High,3,79.61,73.6,85.47,-141.149,-53.012,-92.40821838,261.1160848722392,target-only,2.0,8,1,0,1.7507221455590436,3.192625585152116,1.994616632102476,0.0817199429688281,0.0774617200320118,1,1
experiment_results1.csv,perturbation_run,perturbation_gap,1,2026-04-21T20:48:36+08:00,20260421_204836_779913,controlled_perturbation_study,CTChest,perspective,tp_-141.15_-53.01_-92.41,Far,3,CTChest__perspective__tp_-141.15_-53.01_-92.41__shot2_79.61__shot3m3m1_73.60__shot3m3m2_85.47,High,3,79.61,73.6,85.47,-141.149,-53.012,-92.40821838,261.1160848722392,target-only,2.0,9,1,0,0.4599630654083844,0.5276205087443493,0.3081706191322399,0.0817199429688281,0.0774617200320118,1,1
experiment_results1.csv,perturbation_run,perturbation_gap,1,2026-04-21T20:48:37+08:00,20260421_204837_068084,controlled_perturbation_study,CTChest,perspective,tp_-141.15_-53.01_-92.41,Far,3,CTChest__perspective__tp_-141.15_-53.01_-92.41__shot2_79.61__shot3m3m1_73.60__shot3m3m2_85.47,High,3,79.61,73.6,85.47,-141.149,-53.012,-92.40821838,261.1160848722392,target-only,2.0,10,1,0,0.4578151477342706,0.8888862597459648,1.4382267396577904,0.0817199429688281,0.0774617200320118,1,1
experiment_results1.csv,perturbation_run,perturbation_gap,1,2026-04-21T20:48:37+08:00,20260421_204837_359195,controlled_perturbation_study,CTChest,perspective,tp_-141.15_-53.01_-92.41,Far,3,CTChest__perspective__tp_-141.15_-53.01_-92.41__shot2_79.61__shot3m3m1_73.60__shot3m3m2_85.47,High,3,79.61,73.6,85.47,-141.149,-53.012,-92.40821838,261.1160848722392,target-only,2.0,11,1,0,2.4247463856189504,4.118896109254703,0.3650533703764489,0.0817199429688281,0.0774617200320118,1,1
experiment_results1.csv,perturbation_run,perturbation_gap,1,2026-04-21T20:48:37+08:00,20260421_204837_654757,controlled_perturbation_study,CTChest,perspective,tp_-141.15_-53.01_-92.41,Far,3,CTChest__perspective__tp_-141.15_-53.01_-92.41__shot2_79.61__shot3m3m1_73.60__shot3m3m2_85.47,High,3,79.61,73.6,85.47,-141.149,-53.012,-92.40821838,261.1160848722392,target-only,2.0,12,1,0,1.0084319429162616,1.8204865724605093,2.242856242453428,0.0817199429688281,0.0774617200320118,1,1
experiment_results1.csv,perturbation_run,perturbation_gap,1,2026-04-21T20:48:37+08:00,20260421_204837_955914,controlled_perturbation_study,CTChest,perspective,tp_-141.15_-53.01_-92.41,Far,3,CTChest__perspective__tp_-141.15_-53.01_-92.41__shot2_79.61__shot3m3m1_73.60__shot3m3m2_85.47,High,3,79.61,73.6,85.47,-141.149,-53.012,-92.40821838,261.1160848722392,target-only,2.0,13,1,0,2.060090367268714,3.5844243456682405,0.0452266656310367,0.0817199429688281,0.0774617200320118,1,1
experiment_results1.csv,perturbation_run,perturbation_gap,1,2026-04-21T20:48:38+08:00,20260421_204838_270733,controlled_perturbation_study,CTChest,perspective,tp_-141.15_-53.01_-92.41,Far,3,CTChest__perspective__tp_-141.15_-53.01_-92.41__shot2_79.61__shot3m3m1_73.60__shot3m3m2_85.47,High,3,79.61,73.6,85.47,-141.149,-53.012,-92.40821838,261.1160848722392,target-only,2.0,14,1,0,0.8032920048977535,1.3778315910199757,0.1536357728253689,0.0817199429688281,0.0774617200320118,1,1
experiment_results1.csv,perturbation_run,perturbation_gap,1,2026-04-21T20:48:38+08:00,20260421_204838_633963,controlled_perturbation_study,CTChest,perspective,tp_-141.15_-53.01_-92.41,Far,3,CTChest__perspective__tp_-141.15_-53.01_-92.41__shot2_79.61__shot3m3m1_73.60__shot3m3m2_85.47,High,3,79.61,73.6,85.47,-141.149,-53.012,-92.40821838,261.1160848722392,target-only,2.0,15,1,0,2.203491159108889,3.849484132077019,3.228255056029269,0.0817199429688281,0.0774617200320118,1,1
experiment_results1.csv,perturbation_run,perturbation_gap,1,2026-04-21T20:48:38+08:00,20260421_204838_988809,controlled_perturbation_study,CTChest,perspective,tp_-141.15_-53.01_-92.41,Far,3,CTChest__perspective__tp_-141.15_-53.01_-92.41__shot2_79.61__shot3m3m1_73.60__shot3m3m2_85.47,High,3,79.61,73.6,85.47,-141.149,-53.012,-92.40821838,261.1160848722392,target-only,2.0,16,1,0,2.363476849980303,4.326689996193236,1.0985775851767272,0.0817199429688281,0.0774617200320118,1,1
experiment_results1.csv,perturbation_run,perturbation_gap,1,2026-04-21T20:48:39+08:00,20260421_204839_303774,controlled_perturbation_study,CTChest,perspective,tp_-141.15_-53.01_-92.41,Far,3,CTChest__perspective__tp_-141.15_-53.01_-92.41__shot2_79.61__shot3m3m1_73.60__shot3m3m2_85.47,High,3,79.61,73.6,85.47,-141.149,-53.012,-92.40821838,261.1160848722392,target-only,2.0,17,1,0,1.6322990307938146,2.00516354047306,1.6299661568401638,0.0817199429688281,0.0774617200320118,1,1
experiment_results1.csv,perturbation_run,perturbation_gap,1,2026-04-21T20:48:39+08:00,20260421_204839_621709,controlled_perturbation_study,CTChest,perspective,tp_-141.15_-53.01_-92.41,Far,3,CTChest__perspective__tp_-141.15_-53.01_-92.41__shot2_79.61__shot3m3m1_73.60__shot3m3m2_85.47,High,3,79.61,73.6,85.47,-141.149,-53.012,-92.40821838,261.1160848722392,target-only,2.0,18,1,0,0.6406168219637275,0.2468131576420368,0.9200939742181506,0.0817199429688281,0.0774617200320118,1,1
experiment_results1.csv,perturbation_run,perturbation_gap,1,2026-04-21T20:48:39+08:00,20260421_204839_937132,controlled_perturbation_study,CTChest,perspective,tp_-141.15_-53.01_-92.41,Far,3,CTChest__perspective__tp_-141.15_-53.01_-92.41__shot2_79.61__shot3m3m1_73.60__shot3m3m2_85.47,High,3,79.61,73.6,85.47,-141.149,-53.012,-92.40821838,261.1160848722392,target-only,2.0,19,1,0,1.481073108398117,2.343214757707671,0.5782899727603826,0.0817199429688281,0.0774617200320118,1,1
experiment_results1.csv,perturbation_run,perturbation_gap,1,2026-04-21T20:48:40+08:00,20260421_204840_255407,controlled_perturbation_study,CTChest,perspective,tp_-141.15_-53.01_-92.41,Far,3,CTChest__perspective__tp_-141.15_-53.01_-92.41__shot2_79.61__shot3m3m1_73.60__shot3m3m2_85.47,High,3,79.61,73.6,85.47,-141.149,-53.012,-92.40821838,261.1160848722392,target-only,2.0,20,1,0,3.132121780826389,5.743765398300703,0.5502640057909703,0.0817199429688281,0.0774617200320118,1,1
experiment_results1.csv,perturbation_run,perturbation_gap,1,2026-04-21T20:48:40+08:00,20260421_204840_588438,controlled_perturbation_study,CTChest,perspective,tp_-141.15_-53.01_-92.41,Far,3,CTChest__perspective__tp_-141.15_-53.01_-92.41__shot2_79.61__shot3m3m1_73.60__shot3m3m2_85.47,High,3,79.61,73.6,85.47,-141.149,-53.012,-92.40821838,261.1160848722392,target-only,2.0,21,1,0,1.7650209344243388,3.326033738565212,1.430305199600188,0.0817199429688281,0.0774617200320118,1,1
experiment_results1.csv,perturbation_run,perturbation_gap,1,2026-04-21T20:48:40+08:00,20260421_204840_938281,controlled_perturbation_study,CTChest,perspective,tp_-141.15_-53.01_-92.41,Far,3,CTChest__perspective__tp_-141.15_-53.01_-92.41__shot2_79.61__shot3m3m1_73.60__shot3m3m2_85.47,High,3,79.61,73.6,85.47,-141.149,-53.012,-92.40821838,261.1160848722392,target-only,2.0,22,1,0,1.8601046958174536,2.967238112305437,2.276166829399609,0.0817199429688281,0.0774617200320118,1,1
experiment_results1.csv,perturbation_run,perturbation_gap,1,2026-04-21T20:48:41+08:00,20260421_204841_302874,controlled_perturbation_study,CTChest,perspective,tp_-141.15_-53.01_-92.41,Far,3,CTChest__perspective__tp_-141.15_-53.01_-92.41__shot2_79.61__shot3m3m1_73.60__shot3m3m2_85.47,High,3,79.61,73.6,85.47,-141.149,-53.012,-92.40821838,261.1160848722392,target-only,2.0,23,1,0,1.5545005433015615,2.234741272546376,0.9577283551905004,0.0817199429688281,0.0774617200320118,1,1
experiment_results1.csv,perturbation_run,perturbation_gap,1,2026-04-21T20:48:41+08:00,20260421_204841_609939,controlled_perturbation_study,CTChest,perspective,tp_-141.15_-53.01_-92.41,Far,3,CTChest__perspective__tp_-141.15_-53.01_-92.41__shot2_79.61__shot3m3m1_73.60__shot3m3m2_85.47,High,3,79.61,73.6,85.47,-141.149,-53.012,-92.40821838,261.1160848722392,target-only,2.0,24,1,0,2.097784167590599,0.7468924694427169,2.4203278277625264,0.0817199429688281,0.0774617200320118,1,1
experiment_results1.csv,perturbation_run,perturbation_gap,1,2026-04-21T20:48:41+08:00,20260421_204841_901083,controlled_perturbation_study,CTChest,perspective,tp_-141.15_-53.01_-92.41,Far,3,CTChest__perspective__tp_-141.15_-53.01_-92.41__shot2_79.61__shot3m3m1_73.60__shot3m3m2_85.47,High,3,79.61,73.6,85.47,-141.149,-53.012,-92.40821838,261.1160848722392,target-only,2.0,25,1,0,2.154548892919084,3.272886589060378,2.2882999297940456,0.0817199429688281,0.0774617200320118,1,1
experiment_results1.csv,perturbation_run,perturbation_gap,1,2026-04-21T20:48:42+08:00,20260421_204842_267058,controlled_perturbation_study,CTChest,perspective,tp_-141.15_-53.01_-92.41,Far,3,CTChest__perspective__tp_-141.15_-53.01_-92.41__shot2_79.61__shot3m3m1_73.60__shot3m3m2_85.47,High,3,79.61,73.6,85.47,-141.149,-53.012,-92.40821838,261.1160848722392,target-only,2.0,26,1,0,1.0257885538938576,1.8250528437397504,2.615676522670787,0.0817199429688281,0.0774617200320118,1,1
experiment_results1.csv,perturbation_run,perturbation_gap,1,2026-04-21T20:48:42+08:00,20260421_204842_565378,controlled_perturbation_study,CTChest,perspective,tp_-141.15_-53.01_-92.41,Far,3,CTChest__perspective__tp_-141.15_-53.01_-92.41__shot2_79.61__shot3m3m1_73.60__shot3m3m2_85.47,High,3,79.61,73.6,85.47,-141.149,-53.012,-92.40821838,261.1160848722392,target-only,2.0,27,1,0,2.595896680093982,4.386178986907884,0.0843062049298251,0.0817199429688281,0.0774617200320118,1,1
experiment_results1.csv,perturbation_run,perturbation_gap,1,2026-04-21T20:48:42+08:00,20260421_204842_832494,controlled_perturbation_study,CTChest,perspective,tp_-141.15_-53.01_-92.41,Far,3,CTChest__perspective__tp_-141.15_-53.01_-92.41__shot2_79.61__shot3m3m1_73.60__shot3m3m2_85.47,High,3,79.61,73.6,85.47,-141.149,-53.012,-92.40821838,261.1160848722392,target-only,2.0,28,1,0,2.5599232463434745,4.392485281296251,0.1800115271662948,0.0817199429688281,0.0774617200320118,1,1
experiment_results1.csv,perturbation_run,perturbation_gap,1,2026-04-21T20:48:43+08:00,20260421_204843_081064,controlled_perturbation_study,CTChest,perspective,tp_-141.15_-53.01_-92.41,Far,3,CTChest__perspective__tp_-141.15_-53.01_-92.41__shot2_79.61__shot3m3m1_73.60__shot3m3m2_85.47,High,3,79.61,73.6,85.47,-141.149,-53.012,-92.40821838,261.1160848722392,target-only,2.0,29,1,0,1.1232066003415042,1.5040716996786914,2.8402376461504653,0.0817199429688281,0.0774617200320118,1,1
experiment_results1.csv,perturbation_run,perturbation_gap,1,2026-04-21T20:48:43+08:00,20260421_204843_353956,controlled_perturbation_study,CTChest,perspective,tp_-141.15_-53.01_-92.41,Far,3,CTChest__perspective__tp_-141.15_-53.01_-92.41__shot2_79.61__shot3m3m1_73.60__shot3m3m2_85.47,High,3,79.61,73.6,85.47,-141.149,-53.012,-92.40821838,261.1160848722392,target-only,2.0,30,1,0,0.8071827825993052,1.5557469206124177,1.0356907338280008,0.0817199429688281,0.0774617200320118,1,1
experiment_results1.csv,perturbation_run,perturbation_gap,1,2026-04-21T20:48:43+08:00,20260421_204843_619382,controlled_perturbation_study,CTChest,perspective,tp_-141.15_-53.01_-92.41,Far,3,CTChest__perspective__tp_-141.15_-53.01_-92.41__shot2_79.61__shot3m3m1_73.60__shot3m3m2_85.47,High,3,79.61,73.6,85.47,-141.149,-53.012,-92.40821838,261.1160848722392,target-only,2.0,31,1,0,1.337433808569341,2.462168176180402,3.2480134090365578,0.0817199429688281,0.0774617200320118,1,1
experiment_results1.csv,perturbation_run,perturbation_gap,1,2026-04-21T20:48:43+08:00,20260421_204843_874704,controlled_perturbation_study,CTChest,perspective,tp_-141.15_-53.01_-92.41,Far,3,CTChest__perspective__tp_-141.15_-53.01_-92.41__shot2_79.61__shot3m3m1_73.60__shot3m3m2_85.47,High,3,79.61,73.6,85.47,-141.149,-53.012,-92.40821838,261.1160848722392,target-only,2.0,32,1,0,2.8830152978795347,5.391026609722898,0.6528917890641657,0.0817199429688281,0.0774617200320118,1,1
experiment_results1.csv,perturbation_run,perturbation_gap,1,2026-04-21T20:48:44+08:00,20260421_204844_140862,controlled_perturbation_study,CTChest,perspective,tp_-141.15_-53.01_-92.41,Far,3,CTChest__perspective__tp_-141.15_-53.01_-92.41__shot2_79.61__shot3m3m1_73.60__shot3m3m2_85.47,High,3,79.61,73.6,85.47,-141.149,-53.012,-92.40821838,261.1160848722392,target-only,2.0,33,1,0,1.431017786397912,2.6640965748510506,2.251640322430668,0.0817199429688281,0.0774617200320118,1,1
experiment_results1.csv,perturbation_run,perturbation_gap,1,2026-04-21T20:48:44+08:00,20260421_204844_418807,controlled_perturbation_study,CTChest,perspective,tp_-141.15_-53.01_-92.41,Far,3,CTChest__perspective__tp_-141.15_-53.01_-92.41__shot2_79.61__shot3m3m1_73.60__shot3m3m2_85.47,High,3,79.61,73.6,85.47,-141.149,-53.012,-92.40821838,261.1160848722392,target-only,2.0,34,1,0,2.17829519824724,3.973241448485828,1.9861575695308995,0.0817199429688281,0.0774617200320118,1,1
experiment_results1.csv,perturbation_run,perturbation_gap,1,2026-04-21T20:48:44+08:00,20260421_204844_695381,controlled_perturbation_study,CTChest,perspective,tp_-141.15_-53.01_-92.41,Far,3,CTChest__perspective__tp_-141.15_-53.01_-92.41__shot2_79.61__shot3m3m1_73.60__shot3m3m2_85.47,High,3,79.61,73.6,85.47,-141.149,-53.012,-92.40821838,261.1160848722392,target-only,2.0,35,1,0,2.4690342633607503,4.610877553389465,3.2470136532176777,0.0817199429688281,0.0774617200320118,1,1
experiment_results1.csv,perturbation_run,perturbation_gap,1,2026-04-21T20:48:44+08:00,20260421_204844_981514,controlled_perturbation_study,CTChest,perspective,tp_-141.15_-53.01_-92.41,Far,3,CTChest__perspective__tp_-141.15_-53.01_-92.41__shot2_79.61__shot3m3m1_73.60__shot3m3m2_85.47,High,3,79.61,73.6,85.47,-141.149,-53.012,-92.40821838,261.1160848722392,target-only,2.0,36,1,0,1.5272361473890277,0.5498498653816126,1.5420807718239575,0.0817199429688281,0.0774617200320118,1,1
experiment_results1.csv,perturbation_run,perturbation_gap,1,2026-04-21T20:48:45+08:00,20260421_204845_269583,controlled_perturbation_study,CTChest,perspective,tp_-141.15_-53.01_-92.41,Far,3,CTChest__perspective__tp_-141.15_-53.01_-92.41__shot2_79.61__shot3m3m1_73.60__shot3m3m2_85.47,High,3,79.61,73.6,85.47,-141.149,-53.012,-92.40821838,261.1160848722392,target-only,2.0,37,1,0,1.6649002036145732,3.099968270813879,1.9867555661114595,0.0817199429688281,0.0774617200320118,1,1
experiment_results1.csv,perturbation_run,perturbation_gap,1,2026-04-21T20:48:45+08:00,20260421_204845_584629,controlled_perturbation_study,CTChest,perspective,tp_-141.15_-53.01_-92.41,Far,3,CTChest__perspective__tp_-141.15_-53.01_-92.41__shot2_79.61__shot3m3m1_73.60__shot3m3m2_85.47,High,3,79.61,73.6,85.47,-141.149,-53.012,-92.40821838,261.1160848722392,target-only,2.0,38,1,0,1.6630159924999603,2.8767772637872686,0.654144860218252,0.0817199429688281,0.0774617200320118,1,1
experiment_results1.csv,perturbation_run,perturbation_gap,1,2026-04-21T20:48:45+08:00,20260421_204845_886117,controlled_perturbation_study,CTChest,perspective,tp_-141.15_-53.01_-92.41,Far,3,CTChest__perspective__tp_-141.15_-53.01_-92.41__shot2_79.61__shot3m3m1_73.60__shot3m3m2_85.47,High,3,79.61,73.6,85.47,-141.149,-53.012,-92.40821838,261.1160848722392,target-only,2.0,39,1,0,3.071190793455582,5.137925945060971,2.4944378349432657,0.0817199429688281,0.0774617200320118,1,1
experiment_results1.csv,perturbation_run,perturbation_gap,1,2026-04-21T20:48:46+08:00,20260421_204846_202927,controlled_perturbation_study,CTChest,perspective,tp_-141.15_-53.01_-92.41,Far,3,CTChest__perspective__tp_-141.15_-53.01_-92.41__shot2_79.61__shot3m3m1_73.60__shot3m3m2_85.47,High,3,79.61,73.6,85.47,-141.149,-53.012,-92.40821838,261.1160848722392,target-only,2.0,40,1,0,3.112276101205293,5.749945597633512,0.3656610743243052,0.0817199429688281,0.0774617200320118,1,1
experiment_results1.csv,perturbation_run,perturbation_gap,1,2026-04-21T20:48:46+08:00,20260421_204846_522203,controlled_perturbation_study,CTChest,perspective,tp_-141.15_-53.01_-92.41,Far,3,CTChest__perspective__tp_-141.15_-53.01_-92.41__shot2_79.61__shot3m3m1_73.60__shot3m3m2_85.47,High,3,79.61,73.6,85.47,-141.149,-53.012,-92.40821838,261.1160848722392,target-only,2.0,41,1,0,1.822779030321774,3.204145817575977,0.5331003335357022,0.0817199429688281,0.0774617200320118,1,1
experiment_results1.csv,perturbation_run,perturbation_gap,1,2026-04-21T20:48:46+08:00,20260421_204846_836558,controlled_perturbation_study,CTChest,perspective,tp_-141.15_-53.01_-92.41,Far,3,CTChest__perspective__tp_-141.15_-53.01_-92.41__shot2_79.61__shot3m3m1_73.60__shot3m3m2_85.47,High,3,79.61,73.6,85.47,-141.149,-53.012,-92.40821838,261.1160848722392,target-only,2.0,42,1,0,4.258634033445754,7.921685204901459,2.592374955609495,0.0817199429688281,0.0774617200320118,1,1
experiment_results1.csv,perturbation_run,perturbation_gap,1,2026-04-21T20:48:47+08:00,20260421_204847_158679,controlled_perturbation_study,CTChest,perspective,tp_-141.15_-53.01_-92.41,Far,3,CTChest__perspective__tp_-141.15_-53.01_-92.41__shot2_79.61__shot3m3m1_73.60__shot3m3m2_85.47,High,3,79.61,73.6,85.47,-141.149,-53.012,-92.40821838,261.1160848722392,target-only,2.0,43,1,0,2.943999094982074,5.401961812871681,1.7597845896669442,0.0817199429688281,0.0774617200320118,1,1
experiment_results1.csv,perturbation_run,perturbation_gap,1,2026-04-21T20:48:47+08:00,20260421_204847_479062,controlled_perturbation_study,CTChest,perspective,tp_-141.15_-53.01_-92.41,Far,3,CTChest__perspective__tp_-141.15_-53.01_-92.41__shot2_79.61__shot3m3m1_73.60__shot3m3m2_85.47,High,3,79.61,73.6,85.47,-141.149,-53.012,-92.40821838,261.1160848722392,target-only,2.0,44,1,0,3.2174681998388723,5.964775818741544,0.057378040893621,0.0817199429688281,0.0774617200320118,1,1
experiment_results1.csv,perturbation_run,perturbation_gap,1,2026-04-21T20:48:47+08:00,20260421_204847_794884,controlled_perturbation_study,CTChest,perspective,tp_-141.15_-53.01_-92.41,Far,3,CTChest__perspective__tp_-141.15_-53.01_-92.41__shot2_79.61__shot3m3m1_73.60__shot3m3m2_85.47,High,3,79.61,73.6,85.47,-141.149,-53.012,-92.40821838,261.1160848722392,target-only,2.0,45,1,0,2.194237860547659,1.5868815635012912,0.9779876971046598,0.0817199429688281,0.0774617200320118,1,1
experiment_results1.csv,perturbation_run,perturbation_gap,1,2026-04-21T20:48:48+08:00,20260421_204848_124384,controlled_perturbation_study,CTChest,perspective,tp_-141.15_-53.01_-92.41,Far,3,CTChest__perspective__tp_-141.15_-53.01_-92.41__shot2_79.61__shot3m3m1_73.60__shot3m3m2_85.47,High,3,79.61,73.6,85.47,-141.149,-53.012,-92.40821838,261.1160848722392,target-only,2.0,46,1,0,1.2900913495013038,1.8140118201055115,1.8454983613103613,0.0817199429688281,0.0774617200320118,1,1
experiment_results1.csv,perturbation_run,perturbation_gap,1,2026-04-21T20:48:48+08:00,20260421_204848_438847,controlled_perturbation_study,CTChest,perspective,tp_-141.15_-53.01_-92.41,Far,3,CTChest__perspective__tp_-141.15_-53.01_-92.41__shot2_79.61__shot3m3m1_73.60__shot3m3m2_85.47,High,3,79.61,73.6,85.47,-141.149,-53.012,-92.40821838,261.1160848722392,target-only,2.0,47,1,0,1.7108859615550402,3.229613480874268,0.6022508447956888,0.0817199429688281,0.0774617200320118,1,1
experiment_results1.csv,perturbation_run,perturbation_gap,1,2026-04-21T20:48:48+08:00,20260421_204848_756572,controlled_perturbation_study,CTChest,perspective,tp_-141.15_-53.01_-92.41,Far,3,CTChest__perspective__tp_-141.15_-53.01_-92.41__shot2_79.61__shot3m3m1_73.60__shot3m3m2_85.47,High,3,79.61,73.6,85.47,-141.149,-53.012,-92.40821838,261.1160848722392,target-only,2.0,48,1,0,2.598772411369612,2.509530077303712,2.826866248880831,0.0817199429688281,0.0774617200320118,1,1
experiment_results1.csv,perturbation_run,perturbation_gap,1,2026-04-21T20:48:49+08:00,20260421_204849_067780,controlled_perturbation_study,CTChest,perspective,tp_-141.15_-53.01_-92.41,Far,3,CTChest__perspective__tp_-141.15_-53.01_-92.41__shot2_79.61__shot3m3m1_73.60__shot3m3m2_85.47,High,3,79.61,73.6,85.47,-141.149,-53.012,-92.40821838,261.1160848722392,target-only,2.0,49,1,0,1.381404492093814,1.6863065387748053,3.269547768783376,0.0817199429688281,0.0774617200320118,1,1
experiment_results1.csv,perturbation_run,perturbation_gap,1,2026-04-21T20:48:49+08:00,20260421_204849_389382,controlled_perturbation_study,CTChest,perspective,tp_-141.15_-53.01_-92.41,Far,3,CTChest__perspective__tp_-141.15_-53.01_-92.41__shot2_79.61__shot3m3m1_73.60__shot3m3m2_85.47,High,3,79.61,73.6,85.47,-141.149,-53.012,-92.40821838,261.1160848722392,target-only,2.0,50,1,0,2.725630924149228,4.616224355029674,1.4048336908182326,0.0817199429688281,0.0774617200320118,1,1
experiment_results1.csv,perturbation_run,perturbation_gap,1,2026-04-21T20:59:07+08:00,20260421_205907_117722,controlled_perturbation_study,CTChest,perspective,tp_-85.52_58.91_-96.65,Mid,2,CTChest__perspective__tp_-85.52_58.91_-96.65__shot2_79.61__shot3m3m1_73.60__shot3m3m2_85.47,High,3,79.61,73.6,85.47,-85.522,58.911,-96.64764404,156.5239826263253,marker-only,0.5,1,1,0,0.7912660253377197,2.615260146260725,0.3049495486980387,0.0701496250218858,0.5774454767083689,1,1
experiment_results1.csv,perturbation_run,perturbation_gap,1,2026-04-21T20:59:07+08:00,20260421_205907_514492,controlled_perturbation_study,CTChest,perspective,tp_-85.52_58.91_-96.65,Mid,2,CTChest__perspective__tp_-85.52_58.91_-96.65__shot2_79.61__shot3m3m1_73.60__shot3m3m2_85.47,High,3,79.61,73.6,85.47,-85.522,58.911,-96.64764404,156.5239826263253,marker-only,0.5,2,1,0,0.6508599855796184,5.988601804254692,1.1130837222573782,0.0701496250218858,0.5665672430035383,1,1
experiment_results1.csv,perturbation_run,perturbation_gap,1,2026-04-21T20:59:07+08:00,20260421_205907_908966,controlled_perturbation_study,CTChest,perspective,tp_-85.52_58.91_-96.65,Mid,2,CTChest__perspective__tp_-85.52_58.91_-96.65__shot2_79.61__shot3m3m1_73.60__shot3m3m2_85.47,High,3,79.61,73.6,85.47,-85.522,58.911,-96.64764404,156.5239826263253,marker-only,0.5,3,1,0,1.0707623537015345,4.338356114012471,1.063880068326747,0.0701496250218858,0.6208015950604046,1,1
experiment_results1.csv,perturbation_run,perturbation_gap,1,2026-04-21T20:59:08+08:00,20260421_205908_305977,controlled_perturbation_study,CTChest,perspective,tp_-85.52_58.91_-96.65,Mid,2,CTChest__perspective__tp_-85.52_58.91_-96.65__shot2_79.61__shot3m3m1_73.60__shot3m3m2_85.47,High,3,79.61,73.6,85.47,-85.522,58.911,-96.64764404,156.5239826263253,marker-only,0.5,4,1,0,0.8207351030221509,4.088559516345566,2.4567108272982003,0.0701496250218858,0.6251406170357119,1,1
experiment_results1.csv,perturbation_run,perturbation_gap,1,2026-04-21T20:59:08+08:00,20260421_205908_745980,controlled_perturbation_study,CTChest,perspective,tp_-85.52_58.91_-96.65,Mid,2,CTChest__perspective__tp_-85.52_58.91_-96.65__shot2_79.61__shot3m3m1_73.60__shot3m3m2_85.47,High,3,79.61,73.6,85.47,-85.522,58.911,-96.64764404,156.5239826263253,marker-only,0.5,5,1,0,1.3579776638026293,2.4127863846429984,0.3035976988836557,0.0701496250218858,0.5145974154151817,1,1
experiment_results1.csv,perturbation_run,perturbation_gap,1,2026-04-21T20:59:09+08:00,20260421_205909_142274,controlled_perturbation_study,CTChest,perspective,tp_-85.52_58.91_-96.65,Mid,2,CTChest__perspective__tp_-85.52_58.91_-96.65__shot2_79.61__shot3m3m1_73.60__shot3m3m2_85.47,High,3,79.61,73.6,85.47,-85.522,58.911,-96.64764404,156.5239826263253,marker-only,0.5,6,1,0,1.036078667476852,4.178158189737606,0.6491650022125859,0.0701496250218858,0.5888044299767303,1,1
experiment_results1.csv,perturbation_run,perturbation_gap,1,2026-04-21T20:59:09+08:00,20260421_205909_544896,controlled_perturbation_study,CTChest,perspective,tp_-85.52_58.91_-96.65,Mid,2,CTChest__perspective__tp_-85.52_58.91_-96.65__shot2_79.61__shot3m3m1_73.60__shot3m3m2_85.47,High,3,79.61,73.6,85.47,-85.522,58.911,-96.64764404,156.5239826263253,marker-only,0.5,7,1,0,0.877655950825035,1.587339348223242,0.9574681962243614,0.0701496250218858,0.5577941576587159,1,1
experiment_results1.csv,perturbation_run,perturbation_gap,1,2026-04-21T20:59:09+08:00,20260421_205909_985378,controlled_perturbation_study,CTChest,perspective,tp_-85.52_58.91_-96.65,Mid,2,CTChest__perspective__tp_-85.52_58.91_-96.65__shot2_79.61__shot3m3m1_73.60__shot3m3m2_85.47,High,3,79.61,73.6,85.47,-85.522,58.911,-96.64764404,156.5239826263253,marker-only,0.5,8,1,0,0.556704235873284,2.438245879058332,0.4607679970083744,0.0701496250218858,0.5821569297021975,1,1
experiment_results1.csv,perturbation_run,perturbation_gap,1,2026-04-21T20:59:10+08:00,20260421_205910_350619,controlled_perturbation_study,CTChest,perspective,tp_-85.52_58.91_-96.65,Mid,2,CTChest__perspective__tp_-85.52_58.91_-96.65__shot2_79.61__shot3m3m1_73.60__shot3m3m2_85.47,High,3,79.61,73.6,85.47,-85.522,58.911,-96.64764404,156.5239826263253,marker-only,0.5,9,1,0,0.3235157572224573,0.7599314402559519,0.9883103411629532,0.0701496250218858,0.6530245181776461,1,1
experiment_results1.csv,perturbation_run,perturbation_gap,1,2026-04-21T20:59:10+08:00,20260421_205910_751882,controlled_perturbation_study,CTChest,perspective,tp_-85.52_58.91_-96.65,Mid,2,CTChest__perspective__tp_-85.52_58.91_-96.65__shot2_79.61__shot3m3m1_73.60__shot3m3m2_85.47,High,3,79.61,73.6,85.47,-85.522,58.911,-96.64764404,156.5239826263253,marker-only,0.5,10,1,0,0.6739678491324015,1.5114764524569542,0.1861538743731312,0.0701496250218858,0.5040789440395844,1,1
experiment_results1.csv,perturbation_run,perturbation_gap,1,2026-04-21T20:59:11+08:00,20260421_205911_198437,controlled_perturbation_study,CTChest,perspective,tp_-85.52_58.91_-96.65,Mid,2,CTChest__perspective__tp_-85.52_58.91_-96.65__shot2_79.61__shot3m3m1_73.60__shot3m3m2_85.47,High,3,79.61,73.6,85.47,-85.522,58.911,-96.64764404,156.5239826263253,marker-only,0.5,11,1,0,0.6031639886579693,0.8312086772195189,0.6949421529848978,0.0701496250218858,0.6985779272189427,1,1
experiment_results1.csv,perturbation_run,perturbation_gap,1,2026-04-21T20:59:11+08:00,20260421_205911_605848,controlled_perturbation_study,CTChest,perspective,tp_-85.52_58.91_-96.65,Mid,2,CTChest__perspective__tp_-85.52_58.91_-96.65__shot2_79.61__shot3m3m1_73.60__shot3m3m2_85.47,High,3,79.61,73.6,85.47,-85.522,58.911,-96.64764404,156.5239826263253,marker-only,0.5,12,1,0,1.5081471569309488,0.9327759377990807,0.0663080610962472,0.0701496250218858,0.6542193808049493,1,1
experiment_results1.csv,perturbation_run,perturbation_gap,1,2026-04-21T20:59:11+08:00,20260421_205911_999622,controlled_perturbation_study,CTChest,perspective,tp_-85.52_58.91_-96.65,Mid,2,CTChest__perspective__tp_-85.52_58.91_-96.65__shot2_79.61__shot3m3m1_73.60__shot3m3m2_85.47,High,3,79.61,73.6,85.47,-85.522,58.911,-96.64764404,156.5239826263253,marker-only,0.5,13,1,0,0.8402334167764152,3.738288005535377,0.017910220236422,0.0701496250218858,0.6197725119875604,1,1
experiment_results1.csv,perturbation_run,perturbation_gap,1,2026-04-21T20:59:12+08:00,20260421_205912_529295,controlled_perturbation_study,CTChest,perspective,tp_-85.52_58.91_-96.65,Mid,2,CTChest__perspective__tp_-85.52_58.91_-96.65__shot2_79.61__shot3m3m1_73.60__shot3m3m2_85.47,High,3,79.61,73.6,85.47,-85.522,58.911,-96.64764404,156.5239826263253,marker-only,0.5,14,1,0,0.9573324490104376,0.3231430415734132,0.0374066227150009,0.0701496250218858,0.5453512014623824,1,1
experiment_results1.csv,perturbation_run,perturbation_gap,1,2026-04-21T20:59:12+08:00,20260421_205912_931221,controlled_perturbation_study,CTChest,perspective,tp_-85.52_58.91_-96.65,Mid,2,CTChest__perspective__tp_-85.52_58.91_-96.65__shot2_79.61__shot3m3m1_73.60__shot3m3m2_85.47,High,3,79.61,73.6,85.47,-85.522,58.911,-96.64764404,156.5239826263253,marker-only,0.5,15,1,0,0.9792352166570114,5.152410872000303,0.4577909186535664,0.0701496250218858,0.6243111972823606,1,1
experiment_results1.csv,perturbation_run,perturbation_gap,1,2026-04-21T20:59:13+08:00,20260421_205913_446746,controlled_perturbation_study,CTChest,perspective,tp_-85.52_58.91_-96.65,Mid,2,CTChest__perspective__tp_-85.52_58.91_-96.65__shot2_79.61__shot3m3m1_73.60__shot3m3m2_85.47,High,3,79.61,73.6,85.47,-85.522,58.911,-96.64764404,156.5239826263253,marker-only,0.5,16,1,0,1.1863352536386955,3.304125622223359,0.2324942425942646,0.0701496250218858,0.6446182610294401,1,1
experiment_results1.csv,perturbation_run,perturbation_gap,1,2026-04-21T20:59:13+08:00,20260421_205913_897308,controlled_perturbation_study,CTChest,perspective,tp_-85.52_58.91_-96.65,Mid,2,CTChest__perspective__tp_-85.52_58.91_-96.65__shot2_79.61__shot3m3m1_73.60__shot3m3m2_85.47,High,3,79.61,73.6,85.47,-85.522,58.911,-96.64764404,156.5239826263253,marker-only,0.5,17,1,0,1.3481292950258177,1.504694870494845,0.0600833670728272,0.0701496250218858,0.5188603529657257,1,1
experiment_results1.csv,perturbation_run,perturbation_gap,1,2026-04-21T20:59:14+08:00,20260421_205914_360848,controlled_perturbation_study,CTChest,perspective,tp_-85.52_58.91_-96.65,Mid,2,CTChest__perspective__tp_-85.52_58.91_-96.65__shot2_79.61__shot3m3m1_73.60__shot3m3m2_85.47,High,3,79.61,73.6,85.47,-85.522,58.911,-96.64764404,156.5239826263253,marker-only,0.5,18,1,0,1.172882357902664,4.128805174227519,0.2266718994277644,0.0701496250218858,0.4344980146145927,1,1
experiment_results1.csv,perturbation_run,perturbation_gap,1,2026-04-21T20:59:14+08:00,20260421_205914_804207,controlled_perturbation_study,CTChest,perspective,tp_-85.52_58.91_-96.65,Mid,2,CTChest__perspective__tp_-85.52_58.91_-96.65__shot2_79.61__shot3m3m1_73.60__shot3m3m2_85.47,High,3,79.61,73.6,85.47,-85.522,58.911,-96.64764404,156.5239826263253,marker-only,0.5,19,1,0,0.2137953397162845,2.087071956358885,1.2438043175026308,0.0701496250218858,0.5781293345653021,1,1
experiment_results1.csv,perturbation_run,perturbation_gap,1,2026-04-21T20:59:15+08:00,20260421_205915_203868,controlled_perturbation_study,CTChest,perspective,tp_-85.52_58.91_-96.65,Mid,2,CTChest__perspective__tp_-85.52_58.91_-96.65__shot2_79.61__shot3m3m1_73.60__shot3m3m2_85.47,High,3,79.61,73.6,85.47,-85.522,58.911,-96.64764404,156.5239826263253,marker-only,0.5,20,1,0,0.3462672183734401,0.3347338825771088,0.6492669058960937,0.0701496250218858,0.6467302579463846,1,1
experiment_results1.csv,perturbation_run,perturbation_gap,1,2026-04-21T20:59:15+08:00,20260421_205915_610199,controlled_perturbation_study,CTChest,perspective,tp_-85.52_58.91_-96.65,Mid,2,CTChest__perspective__tp_-85.52_58.91_-96.65__shot2_79.61__shot3m3m1_73.60__shot3m3m2_85.47,High,3,79.61,73.6,85.47,-85.522,58.911,-96.64764404,156.5239826263253,marker-only,0.5,21,1,0,0.6237469894948039,4.312531916118225,0.5979859738214678,0.0701496250218858,0.4950103652380362,1,1
experiment_results1.csv,perturbation_run,perturbation_gap,1,2026-04-21T20:59:16+08:00,20260421_205916_095952,controlled_perturbation_study,CTChest,perspective,tp_-85.52_58.91_-96.65,Mid,2,CTChest__perspective__tp_-85.52_58.91_-96.65__shot2_79.61__shot3m3m1_73.60__shot3m3m2_85.47,High,3,79.61,73.6,85.47,-85.522,58.911,-96.64764404,156.5239826263253,marker-only,0.5,22,1,0,0.8826726951786356,1.7762563785593697,0.168492487118538,0.0701496250218858,0.6352370713349065,1,1
experiment_results1.csv,perturbation_run,perturbation_gap,1,2026-04-21T20:59:16+08:00,20260421_205916_535544,controlled_perturbation_study,CTChest,perspective,tp_-85.52_58.91_-96.65,Mid,2,CTChest__perspective__tp_-85.52_58.91_-96.65__shot2_79.61__shot3m3m1_73.60__shot3m3m2_85.47,High,3,79.61,73.6,85.47,-85.522,58.911,-96.64764404,156.5239826263253,marker-only,0.5,23,1,0,0.364234707827608,2.898797714650206,0.7121079711505713,0.0701496250218858,0.6314409779608914,1,1
experiment_results1.csv,perturbation_run,perturbation_gap,1,2026-04-21T20:59:17+08:00,20260421_205917_006144,controlled_perturbation_study,CTChest,perspective,tp_-85.52_58.91_-96.65,Mid,2,CTChest__perspective__tp_-85.52_58.91_-96.65__shot2_79.61__shot3m3m1_73.60__shot3m3m2_85.47,High,3,79.61,73.6,85.47,-85.522,58.911,-96.64764404,156.5239826263253,marker-only,0.5,24,1,0,0.7733450824189674,2.667536125663587,0.0742572953344814,0.0701496250218858,0.5788227653808832,1,1
experiment_results1.csv,perturbation_run,perturbation_gap,1,2026-04-21T20:59:17+08:00,20260421_205917_413803,controlled_perturbation_study,CTChest,perspective,tp_-85.52_58.91_-96.65,Mid,2,CTChest__perspective__tp_-85.52_58.91_-96.65__shot2_79.61__shot3m3m1_73.60__shot3m3m2_85.47,High,3,79.61,73.6,85.47,-85.522,58.911,-96.64764404,156.5239826263253,marker-only,0.5,25,1,0,0.7647722518769513,2.95294250190487,1.1624891763010818,0.0701496250218858,0.5632551060460127,1,1
experiment_results1.csv,perturbation_run,perturbation_gap,1,2026-04-21T20:59:17+08:00,20260421_205917_816163,controlled_perturbation_study,CTChest,perspective,tp_-85.52_58.91_-96.65,Mid,2,CTChest__perspective__tp_-85.52_58.91_-96.65__shot2_79.61__shot3m3m1_73.60__shot3m3m2_85.47,High,3,79.61,73.6,85.47,-85.522,58.911,-96.64764404,156.5239826263253,marker-only,0.5,26,1,0,1.4121717524094446,2.038837076428428,1.3196453318860408,0.0701496250218858,0.454229893739085,1,1
experiment_results1.csv,perturbation_run,perturbation_gap,1,2026-04-21T20:59:18+08:00,20260421_205918_224684,controlled_perturbation_study,CTChest,perspective,tp_-85.52_58.91_-96.65,Mid,2,CTChest__perspective__tp_-85.52_58.91_-96.65__shot2_79.61__shot3m3m1_73.60__shot3m3m2_85.47,High,3,79.61,73.6,85.47,-85.522,58.911,-96.64764404,156.5239826263253,marker-only,0.5,27,1,0,0.4673924608693562,2.007456566044227,0.6843291374727849,0.0701496250218858,0.6317325346905881,1,1
experiment_results1.csv,perturbation_run,perturbation_gap,1,2026-04-21T20:59:18+08:00,20260421_205918_690166,controlled_perturbation_study,CTChest,perspective,tp_-85.52_58.91_-96.65,Mid,2,CTChest__perspective__tp_-85.52_58.91_-96.65__shot2_79.61__shot3m3m1_73.60__shot3m3m2_85.47,High,3,79.61,73.6,85.47,-85.522,58.911,-96.64764404,156.5239826263253,marker-only,0.5,28,1,0,0.7212230741211092,2.211594575488385,1.0459522226814857,0.0701496250218858,0.6334407721446896,1,1
experiment_results1.csv,perturbation_run,perturbation_gap,1,2026-04-21T20:59:19+08:00,20260421_205919_084351,controlled_perturbation_study,CTChest,perspective,tp_-85.52_58.91_-96.65,Mid,2,CTChest__perspective__tp_-85.52_58.91_-96.65__shot2_79.61__shot3m3m1_73.60__shot3m3m2_85.47,High,3,79.61,73.6,85.47,-85.522,58.911,-96.64764404,156.5239826263253,marker-only,0.5,29,1,0,0.2851267141529955,1.337678887040872,1.4120322758324235,0.0701496250218858,0.5984434993163871,1,1
experiment_results1.csv,perturbation_run,perturbation_gap,1,2026-04-21T20:59:19+08:00,20260421_205919_517574,controlled_perturbation_study,CTChest,perspective,tp_-85.52_58.91_-96.65,Mid,2,CTChest__perspective__tp_-85.52_58.91_-96.65__shot2_79.61__shot3m3m1_73.60__shot3m3m2_85.47,High,3,79.61,73.6,85.47,-85.522,58.911,-96.64764404,156.5239826263253,marker-only,0.5,30,1,0,1.0832683205772586,3.3891037396417647,0.0456154438029604,0.0701496250218858,0.6096665759867689,1,1
experiment_results1.csv,perturbation_run,perturbation_gap,1,2026-04-21T20:59:19+08:00,20260421_205919_958485,controlled_perturbation_study,CTChest,perspective,tp_-85.52_58.91_-96.65,Mid,2,CTChest__perspective__tp_-85.52_58.91_-96.65__shot2_79.61__shot3m3m1_73.60__shot3m3m2_85.47,High,3,79.61,73.6,85.47,-85.522,58.911,-96.64764404,156.5239826263253,marker-only,0.5,31,1,0,0.6169250133403874,1.347973436645298,0.1952316980877391,0.0701496250218858,0.6035078713817117,1,1
experiment_results1.csv,perturbation_run,perturbation_gap,1,2026-04-21T20:59:20+08:00,20260421_205920_418277,controlled_perturbation_study,CTChest,perspective,tp_-85.52_58.91_-96.65,Mid,2,CTChest__perspective__tp_-85.52_58.91_-96.65__shot2_79.61__shot3m3m1_73.60__shot3m3m2_85.47,High,3,79.61,73.6,85.47,-85.522,58.911,-96.64764404,156.5239826263253,marker-only,0.5,32,1,0,1.1627723902784315,0.8118073712418028,1.143037258241323,0.0701496250218858,0.4879376108177465,1,1
experiment_results1.csv,perturbation_run,perturbation_gap,1,2026-04-21T20:59:20+08:00,20260421_205920_877627,controlled_perturbation_study,CTChest,perspective,tp_-85.52_58.91_-96.65,Mid,2,CTChest__perspective__tp_-85.52_58.91_-96.65__shot2_79.61__shot3m3m1_73.60__shot3m3m2_85.47,High,3,79.61,73.6,85.47,-85.522,58.911,-96.64764404,156.5239826263253,marker-only,0.5,33,1,0,0.5583875721664439,1.276422000254732,0.4080164859462643,0.0701496250218858,0.5822207183911349,1,1
experiment_results1.csv,perturbation_run,perturbation_gap,1,2026-04-21T20:59:21+08:00,20260421_205921_355944,controlled_perturbation_study,CTChest,perspective,tp_-85.52_58.91_-96.65,Mid,2,CTChest__perspective__tp_-85.52_58.91_-96.65__shot2_79.61__shot3m3m1_73.60__shot3m3m2_85.47,High,3,79.61,73.6,85.47,-85.522,58.911,-96.64764404,156.5239826263253,marker-only,0.5,34,1,0,1.2023950119703837,3.131235926670503,0.0580821594948249,0.0701496250218858,0.5675210071354516,1,1
experiment_results1.csv,perturbation_run,perturbation_gap,1,2026-04-21T20:59:21+08:00,20260421_205921_848451,controlled_perturbation_study,CTChest,perspective,tp_-85.52_58.91_-96.65,Mid,2,CTChest__perspective__tp_-85.52_58.91_-96.65__shot2_79.61__shot3m3m1_73.60__shot3m3m2_85.47,High,3,79.61,73.6,85.47,-85.522,58.911,-96.64764404,156.5239826263253,marker-only,0.5,35,1,0,0.7325756515564186,1.8456386197784256,1.193462951007228,0.0701496250218858,0.5887323976125871,1,1
experiment_results1.csv,perturbation_run,perturbation_gap,1,2026-04-21T20:59:22+08:00,20260421_205922_360826,controlled_perturbation_study,CTChest,perspective,tp_-85.52_58.91_-96.65,Mid,2,CTChest__perspective__tp_-85.52_58.91_-96.65__shot2_79.61__shot3m3m1_73.60__shot3m3m2_85.47,High,3,79.61,73.6,85.47,-85.522,58.911,-96.64764404,156.5239826263253,marker-only,0.5,36,1,0,1.6041439453700717,4.18166814086266,0.4491352226367675,0.0701496250218858,0.6413311691538556,1,1
experiment_results1.csv,perturbation_run,perturbation_gap,1,2026-04-21T20:59:22+08:00,20260421_205922_876094,controlled_perturbation_study,CTChest,perspective,tp_-85.52_58.91_-96.65,Mid,2,CTChest__perspective__tp_-85.52_58.91_-96.65__shot2_79.61__shot3m3m1_73.60__shot3m3m2_85.47,High,3,79.61,73.6,85.47,-85.522,58.911,-96.64764404,156.5239826263253,marker-only,0.5,37,1,0,1.1887175293950631,2.0879652546660727,0.7133387515021918,0.0701496250218858,0.5742674205658441,1,1
experiment_results1.csv,perturbation_run,perturbation_gap,1,2026-04-21T20:59:23+08:00,20260421_205923_472475,controlled_perturbation_study,CTChest,perspective,tp_-85.52_58.91_-96.65,Mid,2,CTChest__perspective__tp_-85.52_58.91_-96.65__shot2_79.61__shot3m3m1_73.60__shot3m3m2_85.47,High,3,79.61,73.6,85.47,-85.522,58.911,-96.64764404,156.5239826263253,marker-only,0.5,38,1,0,0.9757790787037284,2.66338063830903,0.4945843259145053,0.0701496250218858,0.5966432127735134,1,1
experiment_results1.csv,perturbation_run,perturbation_gap,1,2026-04-21T20:59:23+08:00,20260421_205923_962534,controlled_perturbation_study,CTChest,perspective,tp_-85.52_58.91_-96.65,Mid,2,CTChest__perspective__tp_-85.52_58.91_-96.65__shot2_79.61__shot3m3m1_73.60__shot3m3m2_85.47,High,3,79.61,73.6,85.47,-85.522,58.911,-96.64764404,156.5239826263253,marker-only,0.5,39,1,0,1.0875929155290498,4.352739977838276,0.6700870519882499,0.0701496250218858,0.556057342847251,1,1
experiment_results1.csv,perturbation_run,perturbation_gap,1,2026-04-21T20:59:24+08:00,20260421_205924_518603,controlled_perturbation_study,CTChest,perspective,tp_-85.52_58.91_-96.65,Mid,2,CTChest__perspective__tp_-85.52_58.91_-96.65__shot2_79.61__shot3m3m1_73.60__shot3m3m2_85.47,High,3,79.61,73.6,85.47,-85.522,58.911,-96.64764404,156.5239826263253,marker-only,0.5,40,1,0,1.3407884822866856,3.038611927299971,1.1798237868977768,0.0701496250218858,0.661656533120391,1,1
experiment_results1.csv,perturbation_run,perturbation_gap,1,2026-04-21T20:59:25+08:00,20260421_205925_081375,controlled_perturbation_study,CTChest,perspective,tp_-85.52_58.91_-96.65,Mid,2,CTChest__perspective__tp_-85.52_58.91_-96.65__shot2_79.61__shot3m3m1_73.60__shot3m3m2_85.47,High,3,79.61,73.6,85.47,-85.522,58.911,-96.64764404,156.5239826263253,marker-only,0.5,41,1,0,0.4572905587458964,0.759583866018355,0.0915178904327993,0.0701496250218858,0.5653567942369624,1,1
experiment_results1.csv,perturbation_run,perturbation_gap,1,2026-04-21T20:59:25+08:00,20260421_205925_669179,controlled_perturbation_study,CTChest,perspective,tp_-85.52_58.91_-96.65,Mid,2,CTChest__perspective__tp_-85.52_58.91_-96.65__shot2_79.61__shot3m3m1_73.60__shot3m3m2_85.47,High,3,79.61,73.6,85.47,-85.522,58.911,-96.64764404,156.5239826263253,marker-only,0.5,42,1,0,0.4562612559866958,1.349790567034769,1.3574792250661123,0.0701496250218858,0.6729705530221642,1,1
experiment_results1.csv,perturbation_run,perturbation_gap,1,2026-04-21T20:59:26+08:00,20260421_205926_238923,controlled_perturbation_study,CTChest,perspective,tp_-85.52_58.91_-96.65,Mid,2,CTChest__perspective__tp_-85.52_58.91_-96.65__shot2_79.61__shot3m3m1_73.60__shot3m3m2_85.47,High,3,79.61,73.6,85.47,-85.522,58.911,-96.64764404,156.5239826263253,marker-only,0.5,43,1,0,0.6944484802141242,3.109103577271505,1.374068024969148,0.0701496250218858,0.5411464490270581,1,1
experiment_results1.csv,perturbation_run,perturbation_gap,1,2026-04-21T20:59:26+08:00,20260421_205926_829630,controlled_perturbation_study,CTChest,perspective,tp_-85.52_58.91_-96.65,Mid,2,CTChest__perspective__tp_-85.52_58.91_-96.65__shot2_79.61__shot3m3m1_73.60__shot3m3m2_85.47,High,3,79.61,73.6,85.47,-85.522,58.911,-96.64764404,156.5239826263253,marker-only,0.5,44,1,0,0.6383071120429763,0.7066461113143501,0.0495887177576776,0.0701496250218858,0.6209031850516088,1,1
experiment_results1.csv,perturbation_run,perturbation_gap,1,2026-04-21T20:59:27+08:00,20260421_205927_412972,controlled_perturbation_study,CTChest,perspective,tp_-85.52_58.91_-96.65,Mid,2,CTChest__perspective__tp_-85.52_58.91_-96.65__shot2_79.61__shot3m3m1_73.60__shot3m3m2_85.47,High,3,79.61,73.6,85.47,-85.522,58.911,-96.64764404,156.5239826263253,marker-only,0.5,45,1,0,0.6699378890123766,1.8243090335854908,1.5277034202983402,0.0701496250218858,0.5170210342180349,1,1
experiment_results1.csv,perturbation_run,perturbation_gap,1,2026-04-21T20:59:27+08:00,20260421_205927_990533,controlled_perturbation_study,CTChest,perspective,tp_-85.52_58.91_-96.65,Mid,2,CTChest__perspective__tp_-85.52_58.91_-96.65__shot2_79.61__shot3m3m1_73.60__shot3m3m2_85.47,High,3,79.61,73.6,85.47,-85.522,58.911,-96.64764404,156.5239826263253,marker-only,0.5,46,1,0,0.3586503612519185,2.2897519843849365,0.72892935822153,0.0701496250218858,0.6639943323098609,1,1
experiment_results1.csv,perturbation_run,perturbation_gap,1,2026-04-21T20:59:28+08:00,20260421_205928_557640,controlled_perturbation_study,CTChest,perspective,tp_-85.52_58.91_-96.65,Mid,2,CTChest__perspective__tp_-85.52_58.91_-96.65__shot2_79.61__shot3m3m1_73.60__shot3m3m2_85.47,High,3,79.61,73.6,85.47,-85.522,58.911,-96.64764404,156.5239826263253,marker-only,0.5,47,1,0,1.2274931036372232,3.672978648049249,0.8438544117101029,0.0701496250218858,0.5642445294518658,1,1
experiment_results1.csv,perturbation_run,perturbation_gap,1,2026-04-21T20:59:29+08:00,20260421_205929_143910,controlled_perturbation_study,CTChest,perspective,tp_-85.52_58.91_-96.65,Mid,2,CTChest__perspective__tp_-85.52_58.91_-96.65__shot2_79.61__shot3m3m1_73.60__shot3m3m2_85.47,High,3,79.61,73.6,85.47,-85.522,58.911,-96.64764404,156.5239826263253,marker-only,0.5,48,1,0,1.7303813273707471,1.9141129687675336,0.0113549318629395,0.0701496250218858,0.4823632836237232,1,1
experiment_results1.csv,perturbation_run,perturbation_gap,1,2026-04-21T20:59:29+08:00,20260421_205929_776647,controlled_perturbation_study,CTChest,perspective,tp_-85.52_58.91_-96.65,Mid,2,CTChest__perspective__tp_-85.52_58.91_-96.65__shot2_79.61__shot3m3m1_73.60__shot3m3m2_85.47,High,3,79.61,73.6,85.47,-85.522,58.911,-96.64764404,156.5239826263253,marker-only,0.5,49,1,0,0.3953215861854697,1.5336307897420225,0.3894850872367241,0.0701496250218858,0.6420280351805542,1,1
experiment_results1.csv,perturbation_run,perturbation_gap,1,2026-04-21T20:59:30+08:00,20260421_205930_379761,controlled_perturbation_study,CTChest,perspective,tp_-85.52_58.91_-96.65,Mid,2,CTChest__perspective__tp_-85.52_58.91_-96.65__shot2_79.61__shot3m3m1_73.60__shot3m3m2_85.47,High,3,79.61,73.6,85.47,-85.522,58.911,-96.64764404,156.5239826263253,marker-only,0.5,50,1,0,1.6548938719700013,4.8718135734006704,0.1744461485698332,0.0701496250218858,0.6165519193756345,1,1
experiment_results1.csv,perturbation_run,perturbation_gap,1,2026-04-21T20:59:36+08:00,20260421_205936_180842,controlled_perturbation_study,CTChest,perspective,tp_-85.52_58.91_-96.65,Mid,2,CTChest__perspective__tp_-85.52_58.91_-96.65__shot2_79.61__shot3m3m1_73.60__shot3m3m2_85.47,High,3,79.61,73.6,85.47,-85.522,58.911,-96.64764404,156.5239826263253,marker-only,1.0,1,1,0,1.22189043816651,3.330474448187327,1.1467745901902904,0.0701496250218858,1.020044946908231,1,1
experiment_results1.csv,perturbation_run,perturbation_gap,1,2026-04-21T20:59:36+08:00,20260421_205936_591258,controlled_perturbation_study,CTChest,perspective,tp_-85.52_58.91_-96.65,Mid,2,CTChest__perspective__tp_-85.52_58.91_-96.65__shot2_79.61__shot3m3m1_73.60__shot3m3m2_85.47,High,3,79.61,73.6,85.47,-85.522,58.911,-96.64764404,156.5239826263253,marker-only,1.0,2,1,0,1.3313888210964795,4.907765308137128,0.5761256287085034,0.0701496250218858,1.158802083927137,1,1
experiment_results1.csv,perturbation_run,perturbation_gap,1,2026-04-21T20:59:37+08:00,20260421_205937_011195,controlled_perturbation_study,CTChest,perspective,tp_-85.52_58.91_-96.65,Mid,2,CTChest__perspective__tp_-85.52_58.91_-96.65__shot2_79.61__shot3m3m1_73.60__shot3m3m2_85.47,High,3,79.61,73.6,85.47,-85.522,58.911,-96.64764404,156.5239826263253,marker-only,1.0,3,1,0,1.6473668616162345,1.899586403722432,4.2694967250121785,0.0701496250218858,1.2853526312456998,1,1
experiment_results1.csv,perturbation_run,perturbation_gap,1,2026-04-21T20:59:37+08:00,20260421_205937_421350,controlled_perturbation_study,CTChest,perspective,tp_-85.52_58.91_-96.65,Mid,2,CTChest__perspective__tp_-85.52_58.91_-96.65__shot2_79.61__shot3m3m1_73.60__shot3m3m2_85.47,High,3,79.61,73.6,85.47,-85.522,58.911,-96.64764404,156.5239826263253,marker-only,1.0,4,1,0,0.7791109265411297,5.749657242672592,1.3794824609040008,0.0701496250218858,1.110966040432955,1,1
experiment_results1.csv,perturbation_run,perturbation_gap,1,2026-04-21T20:59:37+08:00,20260421_205937_821551,controlled_perturbation_study,CTChest,perspective,tp_-85.52_58.91_-96.65,Mid,2,CTChest__perspective__tp_-85.52_58.91_-96.65__shot2_79.61__shot3m3m1_73.60__shot3m3m2_85.47,High,3,79.61,73.6,85.47,-85.522,58.911,-96.64764404,156.5239826263253,marker-only,1.0,5,1,0,1.8715439921911687,8.406756546771081,0.0171027700772378,0.0701496250218858,1.201323536190799,1,1
experiment_results1.csv,perturbation_run,perturbation_gap,1,2026-04-21T20:59:38+08:00,20260421_205938_216870,controlled_perturbation_study,CTChest,perspective,tp_-85.52_58.91_-96.65,Mid,2,CTChest__perspective__tp_-85.52_58.91_-96.65__shot2_79.61__shot3m3m1_73.60__shot3m3m2_85.47,High,3,79.61,73.6,85.47,-85.522,58.911,-96.64764404,156.5239826263253,marker-only,1.0,6,1,0,2.055028623968095,3.17685044686866,2.104078665580827,0.0701496250218858,1.110222082226836,1,1
experiment_results1.csv,perturbation_run,perturbation_gap,1,2026-04-21T20:59:38+08:00,20260421_205938_623582,controlled_perturbation_study,CTChest,perspective,tp_-85.52_58.91_-96.65,Mid,2,CTChest__perspective__tp_-85.52_58.91_-96.65__shot2_79.61__shot3m3m1_73.60__shot3m3m2_85.47,High,3,79.61,73.6,85.47,-85.522,58.911,-96.64764404,156.5239826263253,marker-only,1.0,7,1,0,1.4716545899972937,3.149949601040484,0.8575701111410107,0.0701496250218858,1.115609122535224,1,1
experiment_results1.csv,perturbation_run,perturbation_gap,1,2026-04-21T20:59:39+08:00,20260421_205939_034629,controlled_perturbation_study,CTChest,perspective,tp_-85.52_58.91_-96.65,Mid,2,CTChest__perspective__tp_-85.52_58.91_-96.65__shot2_79.61__shot3m3m1_73.60__shot3m3m2_85.47,High,3,79.61,73.6,85.47,-85.522,58.911,-96.64764404,156.5239826263253,marker-only,1.0,8,1,0,1.227080172513993,3.750613512388829,0.9432204569974464,0.0701496250218858,1.1543560358946774,1,1
experiment_results1.csv,perturbation_run,perturbation_gap,1,2026-04-21T20:59:39+08:00,20260421_205939_442462,controlled_perturbation_study,CTChest,perspective,tp_-85.52_58.91_-96.65,Mid,2,CTChest__perspective__tp_-85.52_58.91_-96.65__shot2_79.61__shot3m3m1_73.60__shot3m3m2_85.47,High,3,79.61,73.6,85.47,-85.522,58.911,-96.64764404,156.5239826263253,marker-only,1.0,9,1,0,2.5635006890784,8.37865852485395,2.96861222461841,0.0701496250218858,1.2100268701194226,1,1
experiment_results1.csv,perturbation_run,perturbation_gap,1,2026-04-21T20:59:39+08:00,20260421_205939_856781,controlled_perturbation_study,CTChest,perspective,tp_-85.52_58.91_-96.65,Mid,2,CTChest__perspective__tp_-85.52_58.91_-96.65__shot2_79.61__shot3m3m1_73.60__shot3m3m2_85.47,High,3,79.61,73.6,85.47,-85.522,58.911,-96.64764404,156.5239826263253,marker-only,1.0,10,1,0,1.4761737906596344,5.815189717951715,3.8602389520697424,0.0701496250218858,0.8535239589703498,1,1
experiment_results1.csv,perturbation_run,perturbation_gap,1,2026-04-21T20:59:40+08:00,20260421_205940_284693,controlled_perturbation_study,CTChest,perspective,tp_-85.52_58.91_-96.65,Mid,2,CTChest__perspective__tp_-85.52_58.91_-96.65__shot2_79.61__shot3m3m1_73.60__shot3m3m2_85.47,High,3,79.61,73.6,85.47,-85.522,58.911,-96.64764404,156.5239826263253,marker-only,1.0,11,1,0,1.2847195209318187,2.57763079931032,2.2743808266019503,0.0701496250218858,1.0324766034914892,1,1
experiment_results1.csv,perturbation_run,perturbation_gap,1,2026-04-21T20:59:40+08:00,20260421_205940_717261,controlled_perturbation_study,CTChest,perspective,tp_-85.52_58.91_-96.65,Mid,2,CTChest__perspective__tp_-85.52_58.91_-96.65__shot2_79.61__shot3m3m1_73.60__shot3m3m2_85.47,High,3,79.61,73.6,85.47,-85.522,58.911,-96.64764404,156.5239826263253,marker-only,1.0,12,1,0,2.1274439675152377,2.55608505952976,0.3966978968344023,0.0701496250218858,1.233588037397285,1,1
experiment_results1.csv,perturbation_run,perturbation_gap,1,2026-04-21T20:59:41+08:00,20260421_205941_156908,controlled_perturbation_study,CTChest,perspective,tp_-85.52_58.91_-96.65,Mid,2,CTChest__perspective__tp_-85.52_58.91_-96.65__shot2_79.61__shot3m3m1_73.60__shot3m3m2_85.47,High,3,79.61,73.6,85.47,-85.522,58.911,-96.64764404,156.5239826263253,marker-only,1.0,13,1,0,0.7561817444438184,4.222308821808305,0.5467552996622809,0.0701496250218858,1.0350904387529056,1,1
experiment_results1.csv,perturbation_run,perturbation_gap,1,2026-04-21T20:59:42+08:00,20260421_205942_438283,controlled_perturbation_study,CTChest,perspective,tp_-85.52_58.91_-96.65,Mid,2,CTChest__perspective__tp_-85.52_58.91_-96.65__shot2_79.61__shot3m3m1_73.60__shot3m3m2_85.47,High,3,79.61,73.6,85.47,-85.522,58.911,-96.64764404,156.5239826263253,marker-only,1.0,14,1,0,2.033623457299956,4.590721709363216,2.503518707476467,0.0701496250218858,1.2930923468028273,1,1
experiment_results1.csv,perturbation_run,perturbation_gap,1,2026-04-21T20:59:43+08:00,20260421_205943_338020,controlled_perturbation_study,CTChest,perspective,tp_-85.52_58.91_-96.65,Mid,2,CTChest__perspective__tp_-85.52_58.91_-96.65__shot2_79.61__shot3m3m1_73.60__shot3m3m2_85.47,High,3,79.61,73.6,85.47,-85.522,58.911,-96.64764404,156.5239826263253,marker-only,1.0,15,1,0,0.9294156411003872,3.4117336117717643,1.2928983951743351,0.0701496250218858,1.0248463687474352,1,1
experiment_results1.csv,perturbation_run,perturbation_gap,1,2026-04-21T20:59:43+08:00,20260421_205943_730323,controlled_perturbation_study,CTChest,perspective,tp_-85.52_58.91_-96.65,Mid,2,CTChest__perspective__tp_-85.52_58.91_-96.65__shot2_79.61__shot3m3m1_73.60__shot3m3m2_85.47,High,3,79.61,73.6,85.47,-85.522,58.911,-96.64764404,156.5239826263253,marker-only,1.0,16,1,0,1.0667175708851189,4.94503428837467,1.2399164459676668,0.0701496250218858,1.031395522121654,1,1
experiment_results1.csv,perturbation_run,perturbation_gap,1,2026-04-21T20:59:44+08:00,20260421_205944_122192,controlled_perturbation_study,CTChest,perspective,tp_-85.52_58.91_-96.65,Mid,2,CTChest__perspective__tp_-85.52_58.91_-96.65__shot2_79.61__shot3m3m1_73.60__shot3m3m2_85.47,High,3,79.61,73.6,85.47,-85.522,58.911,-96.64764404,156.5239826263253,marker-only,1.0,17,1,0,2.598293433487,8.158808011529828,2.9115221788522185,0.0701496250218858,1.2328104406388778,1,1
experiment_results1.csv,perturbation_run,perturbation_gap,1,2026-04-21T20:59:44+08:00,20260421_205944_525587,controlled_perturbation_study,CTChest,perspective,tp_-85.52_58.91_-96.65,Mid,2,CTChest__perspective__tp_-85.52_58.91_-96.65__shot2_79.61__shot3m3m1_73.60__shot3m3m2_85.47,High,3,79.61,73.6,85.47,-85.522,58.911,-96.64764404,156.5239826263253,marker-only,1.0,18,1,0,1.8209753580477808,2.6319009629818164,0.4265907415558958,0.0701496250218858,1.1127963204262166,1,1
experiment_results1.csv,perturbation_run,perturbation_gap,1,2026-04-21T20:59:44+08:00,20260421_205944_937548,controlled_perturbation_study,CTChest,perspective,tp_-85.52_58.91_-96.65,Mid,2,CTChest__perspective__tp_-85.52_58.91_-96.65__shot2_79.61__shot3m3m1_73.60__shot3m3m2_85.47,High,3,79.61,73.6,85.47,-85.522,58.911,-96.64764404,156.5239826263253,marker-only,1.0,19,1,0,1.9995881999925191,0.5276292656673345,1.5389450962604008,0.0701496250218858,1.0545166815856295,1,1
experiment_results1.csv,perturbation_run,perturbation_gap,1,2026-04-21T20:59:45+08:00,20260421_205945_407963,controlled_perturbation_study,CTChest,perspective,tp_-85.52_58.91_-96.65,Mid,2,CTChest__perspective__tp_-85.52_58.91_-96.65__shot2_79.61__shot3m3m1_73.60__shot3m3m2_85.47,High,3,79.61,73.6,85.47,-85.522,58.911,-96.64764404,156.5239826263253,marker-only,1.0,20,1,0,0.7327087285107924,10.224346671493862,0.9996090500203856,0.0701496250218858,1.2343640290934257,1,1
experiment_results1.csv,perturbation_run,perturbation_gap,1,2026-04-21T20:59:45+08:00,20260421_205945_830924,controlled_perturbation_study,CTChest,perspective,tp_-85.52_58.91_-96.65,Mid,2,CTChest__perspective__tp_-85.52_58.91_-96.65__shot2_79.61__shot3m3m1_73.60__shot3m3m2_85.47,High,3,79.61,73.6,85.47,-85.522,58.911,-96.64764404,156.5239826263253,marker-only,1.0,21,1,0,0.6631202165518367,3.8491537765904393,0.5521588390258574,0.0701496250218858,1.370116828668084,1,1
experiment_results1.csv,perturbation_run,perturbation_gap,1,2026-04-21T20:59:46+08:00,20260421_205946_267386,controlled_perturbation_study,CTChest,perspective,tp_-85.52_58.91_-96.65,Mid,2,CTChest__perspective__tp_-85.52_58.91_-96.65__shot2_79.61__shot3m3m1_73.60__shot3m3m2_85.47,High,3,79.61,73.6,85.47,-85.522,58.911,-96.64764404,156.5239826263253,marker-only,1.0,22,1,0,2.2345138302089254,5.616521413586527,0.1149491287698443,0.0701496250218858,1.2790317100567548,1,1
experiment_results1.csv,perturbation_run,perturbation_gap,1,2026-04-21T20:59:46+08:00,20260421_205946_723929,controlled_perturbation_study,CTChest,perspective,tp_-85.52_58.91_-96.65,Mid,2,CTChest__perspective__tp_-85.52_58.91_-96.65__shot2_79.61__shot3m3m1_73.60__shot3m3m2_85.47,High,3,79.61,73.6,85.47,-85.522,58.911,-96.64764404,156.5239826263253,marker-only,1.0,23,1,0,0.7293336761300635,2.107884894006883,0.7747564609843289,0.0701496250218858,1.2715501733231802,1,1
experiment_results1.csv,perturbation_run,perturbation_gap,1,2026-04-21T20:59:47+08:00,20260421_205947_198581,controlled_perturbation_study,CTChest,perspective,tp_-85.52_58.91_-96.65,Mid,2,CTChest__perspective__tp_-85.52_58.91_-96.65__shot2_79.61__shot3m3m1_73.60__shot3m3m2_85.47,High,3,79.61,73.6,85.47,-85.522,58.911,-96.64764404,156.5239826263253,marker-only,1.0,24,1,0,1.8476086258664048,5.386590108000971,2.439969318434205,0.0701496250218858,1.181174166636532,1,1
experiment_results1.csv,perturbation_run,perturbation_gap,1,2026-04-21T20:59:47+08:00,20260421_205947_692206,controlled_perturbation_study,CTChest,perspective,tp_-85.52_58.91_-96.65,Mid,2,CTChest__perspective__tp_-85.52_58.91_-96.65__shot2_79.61__shot3m3m1_73.60__shot3m3m2_85.47,High,3,79.61,73.6,85.47,-85.522,58.911,-96.64764404,156.5239826263253,marker-only,1.0,25,1,0,1.1310185376467083,2.534306806676444,1.8805802858307763,0.0701496250218858,1.1391880753060877,1,1
experiment_results1.csv,perturbation_run,perturbation_gap,1,2026-04-21T20:59:48+08:00,20260421_205948_187635,controlled_perturbation_study,CTChest,perspective,tp_-85.52_58.91_-96.65,Mid,2,CTChest__perspective__tp_-85.52_58.91_-96.65__shot2_79.61__shot3m3m1_73.60__shot3m3m2_85.47,High,3,79.61,73.6,85.47,-85.522,58.911,-96.64764404,156.5239826263253,marker-only,1.0,26,1,0,2.717376982799875,6.044968771226295,1.1060268613221704,0.0701496250218858,0.9713324310528793,1,1
experiment_results1.csv,perturbation_run,perturbation_gap,1,2026-04-21T20:59:48+08:00,20260421_205948_694314,controlled_perturbation_study,CTChest,perspective,tp_-85.52_58.91_-96.65,Mid,2,CTChest__perspective__tp_-85.52_58.91_-96.65__shot2_79.61__shot3m3m1_73.60__shot3m3m2_85.47,High,3,79.61,73.6,85.47,-85.522,58.911,-96.64764404,156.5239826263253,marker-only,1.0,27,1,0,2.1465772647492134,6.188527070721306,2.782146383916269,0.0701496250218858,1.1419092492895615,1,1
experiment_results1.csv,perturbation_run,perturbation_gap,1,2026-04-21T20:59:49+08:00,20260421_205949_209625,controlled_perturbation_study,CTChest,perspective,tp_-85.52_58.91_-96.65,Mid,2,CTChest__perspective__tp_-85.52_58.91_-96.65__shot2_79.61__shot3m3m1_73.60__shot3m3m2_85.47,High,3,79.61,73.6,85.47,-85.522,58.911,-96.64764404,156.5239826263253,marker-only,1.0,28,1,0,0.4873322506647172,0.7993534678873068,0.3626364619073919,0.0701496250218858,1.2923795742041593,1,1
experiment_results1.csv,perturbation_run,perturbation_gap,1,2026-04-21T20:59:49+08:00,20260421_205949_724779,controlled_perturbation_study,CTChest,perspective,tp_-85.52_58.91_-96.65,Mid,2,CTChest__perspective__tp_-85.52_58.91_-96.65__shot2_79.61__shot3m3m1_73.60__shot3m3m2_85.47,High,3,79.61,73.6,85.47,-85.522,58.911,-96.64764404,156.5239826263253,marker-only,1.0,29,1,0,2.4860046109481315,5.087314399992611,1.624670084325398,0.0701496250218858,1.2558931800655655,1,1
experiment_results1.csv,perturbation_run,perturbation_gap,1,2026-04-21T20:59:50+08:00,20260421_205950_246479,controlled_perturbation_study,CTChest,perspective,tp_-85.52_58.91_-96.65,Mid,2,CTChest__perspective__tp_-85.52_58.91_-96.65__shot2_79.61__shot3m3m1_73.60__shot3m3m2_85.47,High,3,79.61,73.6,85.47,-85.522,58.911,-96.64764404,156.5239826263253,marker-only,1.0,30,1,0,1.7325953390733095,4.559821491173296,0.3361018050325736,0.0701496250218858,1.3720052326863774,1,1
experiment_results1.csv,perturbation_run,perturbation_gap,1,2026-04-21T20:59:50+08:00,20260421_205950_775081,controlled_perturbation_study,CTChest,perspective,tp_-85.52_58.91_-96.65,Mid,2,CTChest__perspective__tp_-85.52_58.91_-96.65__shot2_79.61__shot3m3m1_73.60__shot3m3m2_85.47,High,3,79.61,73.6,85.47,-85.522,58.911,-96.64764404,156.5239826263253,marker-only,1.0,31,1,0,3.695943842134232,9.253910242185984,2.3519243536109298,0.0701496250218858,1.0654153843470076,1,1
experiment_results1.csv,perturbation_run,perturbation_gap,1,2026-04-21T20:59:51+08:00,20260421_205951_318005,controlled_perturbation_study,CTChest,perspective,tp_-85.52_58.91_-96.65,Mid,2,CTChest__perspective__tp_-85.52_58.91_-96.65__shot2_79.61__shot3m3m1_73.60__shot3m3m2_85.47,High,3,79.61,73.6,85.47,-85.522,58.911,-96.64764404,156.5239826263253,marker-only,1.0,32,1,0,2.3138068523921835,6.500224274497686,1.2912454285895771,0.0701496250218858,1.0465634743836327,1,1
experiment_results1.csv,perturbation_run,perturbation_gap,1,2026-04-21T20:59:51+08:00,20260421_205951_860836,controlled_perturbation_study,CTChest,perspective,tp_-85.52_58.91_-96.65,Mid,2,CTChest__perspective__tp_-85.52_58.91_-96.65__shot2_79.61__shot3m3m1_73.60__shot3m3m2_85.47,High,3,79.61,73.6,85.47,-85.522,58.911,-96.64764404,156.5239826263253,marker-only,1.0,33,1,0,2.6430721039040823,5.1744165488681775,2.6872748418795283,0.0701496250218858,1.1535120254747202,1,1
experiment_results1.csv,perturbation_run,perturbation_gap,1,2026-04-21T20:59:52+08:00,20260421_205952_400558,controlled_perturbation_study,CTChest,perspective,tp_-85.52_58.91_-96.65,Mid,2,CTChest__perspective__tp_-85.52_58.91_-96.65__shot2_79.61__shot3m3m1_73.60__shot3m3m2_85.47,High,3,79.61,73.6,85.47,-85.522,58.911,-96.64764404,156.5239826263253,marker-only,1.0,34,1,0,1.6706775289506102,2.5877383884714407,3.5591998095304063,0.0701496250218858,1.2674363802896973,1,1
experiment_results1.csv,perturbation_run,perturbation_gap,1,2026-04-21T20:59:52+08:00,20260421_205952_961467,controlled_perturbation_study,CTChest,perspective,tp_-85.52_58.91_-96.65,Mid,2,CTChest__perspective__tp_-85.52_58.91_-96.65__shot2_79.61__shot3m3m1_73.60__shot3m3m2_85.47,High,3,79.61,73.6,85.47,-85.522,58.911,-96.64764404,156.5239826263253,marker-only,1.0,35,1,0,1.2495053139887264,4.327525379731779,1.723426544579747,0.0701496250218858,1.1817217766689787,1,1
experiment_results1.csv,perturbation_run,perturbation_gap,1,2026-04-21T20:59:53+08:00,20260421_205953_520347,controlled_perturbation_study,CTChest,perspective,tp_-85.52_58.91_-96.65,Mid,2,CTChest__perspective__tp_-85.52_58.91_-96.65__shot2_79.61__shot3m3m1_73.60__shot3m3m2_85.47,High,3,79.61,73.6,85.47,-85.522,58.911,-96.64764404,156.5239826263253,marker-only,1.0,36,1,0,1.8491632241758635,2.8148259991690243,1.7332921790847846,0.0701496250218858,1.3736629564343394,1,1
experiment_results1.csv,perturbation_run,perturbation_gap,1,2026-04-21T20:59:54+08:00,20260421_205954_080695,controlled_perturbation_study,CTChest,perspective,tp_-85.52_58.91_-96.65,Mid,2,CTChest__perspective__tp_-85.52_58.91_-96.65__shot2_79.61__shot3m3m1_73.60__shot3m3m2_85.47,High,3,79.61,73.6,85.47,-85.522,58.911,-96.64764404,156.5239826263253,marker-only,1.0,37,1,0,1.7094848065327706,4.008227141618379,1.6349640751857235,0.0701496250218858,0.9273738423592546,1,1
experiment_results1.csv,perturbation_run,perturbation_gap,1,2026-04-21T20:59:54+08:00,20260421_205954_639738,controlled_perturbation_study,CTChest,perspective,tp_-85.52_58.91_-96.65,Mid,2,CTChest__perspective__tp_-85.52_58.91_-96.65__shot2_79.61__shot3m3m1_73.60__shot3m3m2_85.47,High,3,79.61,73.6,85.47,-85.522,58.911,-96.64764404,156.5239826263253,marker-only,1.0,38,1,0,2.3527958376428755,3.5459588322429165,1.1602748451176368,0.0701496250218858,1.228856653113971,1,1
experiment_results1.csv,perturbation_run,perturbation_gap,1,2026-04-21T20:59:55+08:00,20260421_205955_211061,controlled_perturbation_study,CTChest,perspective,tp_-85.52_58.91_-96.65,Mid,2,CTChest__perspective__tp_-85.52_58.91_-96.65__shot2_79.61__shot3m3m1_73.60__shot3m3m2_85.47,High,3,79.61,73.6,85.47,-85.522,58.911,-96.64764404,156.5239826263253,marker-only,1.0,39,1,0,1.6452870947009437,7.913478576970728,1.976826290082312,0.0701496250218858,1.177554466510664,1,1
experiment_results1.csv,perturbation_run,perturbation_gap,1,2026-04-21T20:59:55+08:00,20260421_205955_865937,controlled_perturbation_study,CTChest,perspective,tp_-85.52_58.91_-96.65,Mid,2,CTChest__perspective__tp_-85.52_58.91_-96.65__shot2_79.61__shot3m3m1_73.60__shot3m3m2_85.47,High,3,79.61,73.6,85.47,-85.522,58.911,-96.64764404,156.5239826263253,marker-only,1.0,40,1,0,1.155085489833828,5.67104984199931,0.6441723106582081,0.0701496250218858,0.9809100479247348,1,1
experiment_results1.csv,perturbation_run,perturbation_gap,1,2026-04-21T20:59:56+08:00,20260421_205956_436349,controlled_perturbation_study,CTChest,perspective,tp_-85.52_58.91_-96.65,Mid,2,CTChest__perspective__tp_-85.52_58.91_-96.65__shot2_79.61__shot3m3m1_73.60__shot3m3m2_85.47,High,3,79.61,73.6,85.47,-85.522,58.911,-96.64764404,156.5239826263253,marker-only,1.0,41,1,0,1.981579223003426,2.1936662781946863,1.7287809929895668,0.0701496250218858,1.1340882643398726,1,1
experiment_results1.csv,perturbation_run,perturbation_gap,1,2026-04-21T20:59:57+08:00,20260421_205957_030667,controlled_perturbation_study,CTChest,perspective,tp_-85.52_58.91_-96.65,Mid,2,CTChest__perspective__tp_-85.52_58.91_-96.65__shot2_79.61__shot3m3m1_73.60__shot3m3m2_85.47,High,3,79.61,73.6,85.47,-85.522,58.911,-96.64764404,156.5239826263253,marker-only,1.0,42,1,0,3.035796422509946,2.790903104625264,1.165101188959949,0.0701496250218858,1.0506475003856384,1,1
experiment_results1.csv,perturbation_run,perturbation_gap,1,2026-04-21T20:59:57+08:00,20260421_205957_632030,controlled_perturbation_study,CTChest,perspective,tp_-85.52_58.91_-96.65,Mid,2,CTChest__perspective__tp_-85.52_58.91_-96.65__shot2_79.61__shot3m3m1_73.60__shot3m3m2_85.47,High,3,79.61,73.6,85.47,-85.522,58.911,-96.64764404,156.5239826263253,marker-only,1.0,43,1,0,1.0825940066126678,2.2067310508362503,1.025328072625365,0.0701496250218858,1.2395129107192722,1,1
experiment_results1.csv,perturbation_run,perturbation_gap,1,2026-04-21T20:59:58+08:00,20260421_205958_231357,controlled_perturbation_study,CTChest,perspective,tp_-85.52_58.91_-96.65,Mid,2,CTChest__perspective__tp_-85.52_58.91_-96.65__shot2_79.61__shot3m3m1_73.60__shot3m3m2_85.47,High,3,79.61,73.6,85.47,-85.522,58.911,-96.64764404,156.5239826263253,marker-only,1.0,44,1,0,1.94821022024516,1.8045699009850849,2.4894426838445467,0.0701496250218858,1.1608916917079133,1,1
experiment_results1.csv,perturbation_run,perturbation_gap,1,2026-04-21T20:59:58+08:00,20260421_205958_829194,controlled_perturbation_study,CTChest,perspective,tp_-85.52_58.91_-96.65,Mid,2,CTChest__perspective__tp_-85.52_58.91_-96.65__shot2_79.61__shot3m3m1_73.60__shot3m3m2_85.47,High,3,79.61,73.6,85.47,-85.522,58.911,-96.64764404,156.5239826263253,marker-only,1.0,45,1,0,1.987372916264212,8.717012207528057,2.737038319078596,0.0701496250218858,1.0993465134653078,1,1
experiment_results1.csv,perturbation_run,perturbation_gap,1,2026-04-21T20:59:59+08:00,20260421_205959_432062,controlled_perturbation_study,CTChest,perspective,tp_-85.52_58.91_-96.65,Mid,2,CTChest__perspective__tp_-85.52_58.91_-96.65__shot2_79.61__shot3m3m1_73.60__shot3m3m2_85.47,High,3,79.61,73.6,85.47,-85.522,58.911,-96.64764404,156.5239826263253,marker-only,1.0,46,1,0,0.809466312555456,0.6832731679419694,0.5758280200217679,0.0701496250218858,1.106667080552328,1,1
experiment_results1.csv,perturbation_run,perturbation_gap,1,2026-04-21T21:00:00+08:00,20260421_210000_055389,controlled_perturbation_study,CTChest,perspective,tp_-85.52_58.91_-96.65,Mid,2,CTChest__perspective__tp_-85.52_58.91_-96.65__shot2_79.61__shot3m3m1_73.60__shot3m3m2_85.47,High,3,79.61,73.6,85.47,-85.522,58.911,-96.64764404,156.5239826263253,marker-only,1.0,47,1,0,1.2250627967017067,4.731260076635942,1.1856617955451298,0.0701496250218858,1.1786233501151175,1,1
experiment_results1.csv,perturbation_run,perturbation_gap,1,2026-04-21T21:00:00+08:00,20260421_210000_679175,controlled_perturbation_study,CTChest,perspective,tp_-85.52_58.91_-96.65,Mid,2,CTChest__perspective__tp_-85.52_58.91_-96.65__shot2_79.61__shot3m3m1_73.60__shot3m3m2_85.47,High,3,79.61,73.6,85.47,-85.522,58.911,-96.64764404,156.5239826263253,marker-only,1.0,48,1,0,1.4095097234619918,8.25774867720402,2.479995086907908,0.0701496250218858,1.0688433373658883,1,1
experiment_results1.csv,perturbation_run,perturbation_gap,1,2026-04-21T21:00:01+08:00,20260421_210001_237711,controlled_perturbation_study,CTChest,perspective,tp_-85.52_58.91_-96.65,Mid,2,CTChest__perspective__tp_-85.52_58.91_-96.65__shot2_79.61__shot3m3m1_73.60__shot3m3m2_85.47,High,3,79.61,73.6,85.47,-85.522,58.911,-96.64764404,156.5239826263253,marker-only,1.0,49,1,0,2.4792983267773296,11.411729512056796,0.722777502830559,0.0701496250218858,1.1234249848457227,1,1
experiment_results1.csv,perturbation_run,perturbation_gap,1,2026-04-21T21:00:01+08:00,20260421_210001_632666,controlled_perturbation_study,CTChest,perspective,tp_-85.52_58.91_-96.65,Mid,2,CTChest__perspective__tp_-85.52_58.91_-96.65__shot2_79.61__shot3m3m1_73.60__shot3m3m2_85.47,High,3,79.61,73.6,85.47,-85.522,58.911,-96.64764404,156.5239826263253,marker-only,1.0,50,1,0,1.0850224321274615,6.565798037441726,1.3526801221042055,0.0701496250218858,1.3580285761296784,1,1
experiment_results1.csv,perturbation_run,perturbation_gap,1,2026-04-21T21:00:08+08:00,20260421_210008_647601,controlled_perturbation_study,CTChest,perspective,tp_-85.52_58.91_-96.65,Mid,2,CTChest__perspective__tp_-85.52_58.91_-96.65__shot2_79.61__shot3m3m1_73.60__shot3m3m2_85.47,High,3,79.61,73.6,85.47,-85.522,58.911,-96.64764404,156.5239826263253,marker-only,2.0,1,1,0,5.293028105425452,20.328479073178755,0.9961392740572066,0.0701496250218858,2.131681389701445,1,1
experiment_results1.csv,perturbation_run,perturbation_gap,1,2026-04-21T21:00:09+08:00,20260421_210009_049453,controlled_perturbation_study,CTChest,perspective,tp_-85.52_58.91_-96.65,Mid,2,CTChest__perspective__tp_-85.52_58.91_-96.65__shot2_79.61__shot3m3m1_73.60__shot3m3m2_85.47,High,3,79.61,73.6,85.47,-85.522,58.911,-96.64764404,156.5239826263253,marker-only,2.0,2,1,0,2.2271042579426883,73.85732717432742,5.019982849596997,0.0701496250218858,2.388123848279992,1,1
experiment_results1.csv,perturbation_run,perturbation_gap,1,2026-04-21T21:00:09+08:00,20260421_210009_455975,controlled_perturbation_study,CTChest,perspective,tp_-85.52_58.91_-96.65,Mid,2,CTChest__perspective__tp_-85.52_58.91_-96.65__shot2_79.61__shot3m3m1_73.60__shot3m3m2_85.47,High,3,79.61,73.6,85.47,-85.522,58.911,-96.64764404,156.5239826263253,marker-only,2.0,3,1,0,2.556100227641142,2.582658866152015,2.8743477223249854,0.0701496250218858,2.344876996565412,1,1
experiment_results1.csv,perturbation_run,perturbation_gap,1,2026-04-21T21:00:09+08:00,20260421_210009_851964,controlled_perturbation_study,CTChest,perspective,tp_-85.52_58.91_-96.65,Mid,2,CTChest__perspective__tp_-85.52_58.91_-96.65__shot2_79.61__shot3m3m1_73.60__shot3m3m2_85.47,High,3,79.61,73.6,85.47,-85.522,58.911,-96.64764404,156.5239826263253,marker-only,2.0,4,1,0,3.926418833322566,83.6051369544706,8.009282843173107,0.0701496250218858,2.891947604393993,1,1
experiment_results1.csv,perturbation_run,perturbation_gap,1,2026-04-21T21:00:10+08:00,20260421_210010_255809,controlled_perturbation_study,CTChest,perspective,tp_-85.52_58.91_-96.65,Mid,2,CTChest__perspective__tp_-85.52_58.91_-96.65__shot2_79.61__shot3m3m1_73.60__shot3m3m2_85.47,High,3,79.61,73.6,85.47,-85.522,58.911,-96.64764404,156.5239826263253,marker-only,2.0,5,1,0,1.8878168476870048,9.970039094154048,2.4605067498990176,0.0701496250218858,2.450547461367956,1,1
experiment_results1.csv,perturbation_run,perturbation_gap,1,2026-04-21T21:00:10+08:00,20260421_210010_658712,controlled_perturbation_study,CTChest,perspective,tp_-85.52_58.91_-96.65,Mid,2,CTChest__perspective__tp_-85.52_58.91_-96.65__shot2_79.61__shot3m3m1_73.60__shot3m3m2_85.47,High,3,79.61,73.6,85.47,-85.522,58.911,-96.64764404,156.5239826263253,marker-only,2.0,6,1,0,1.059363109537045,9.508698031370464,2.6694154379373085,0.0701496250218858,2.5444733476378985,1,1
experiment_results1.csv,perturbation_run,perturbation_gap,1,2026-04-21T21:00:11+08:00,20260421_210011_051603,controlled_perturbation_study,CTChest,perspective,tp_-85.52_58.91_-96.65,Mid,2,CTChest__perspective__tp_-85.52_58.91_-96.65__shot2_79.61__shot3m3m1_73.60__shot3m3m2_85.47,High,3,79.61,73.6,85.47,-85.522,58.911,-96.64764404,156.5239826263253,marker-only,2.0,7,1,0,3.100380685080528,74.85702812195177,1.975591981070144,0.0701496250218858,2.648610648069146,1,1
experiment_results1.csv,perturbation_run,perturbation_gap,1,2026-04-21T21:00:11+08:00,20260421_210011_450276,controlled_perturbation_study,CTChest,perspective,tp_-85.52_58.91_-96.65,Mid,2,CTChest__perspective__tp_-85.52_58.91_-96.65__shot2_79.61__shot3m3m1_73.60__shot3m3m2_85.47,High,3,79.61,73.6,85.47,-85.522,58.911,-96.64764404,156.5239826263253,marker-only,2.0,8,1,0,1.5099519253108844,10.84722730986002,1.0196614354684836,0.0701496250218858,2.322827083925576,1,1
experiment_results1.csv,perturbation_run,perturbation_gap,1,2026-04-21T21:00:11+08:00,20260421_210011_843435,controlled_perturbation_study,CTChest,perspective,tp_-85.52_58.91_-96.65,Mid,2,CTChest__perspective__tp_-85.52_58.91_-96.65__shot2_79.61__shot3m3m1_73.60__shot3m3m2_85.47,High,3,79.61,73.6,85.47,-85.522,58.911,-96.64764404,156.5239826263253,marker-only,2.0,9,1,0,24.02900263506289,51.36124780490358,20.15420287783753,0.0701496250218858,1.944312686893896,1,1
experiment_results1.csv,perturbation_run,perturbation_gap,1,2026-04-21T21:00:12+08:00,20260421_210012_256487,controlled_perturbation_study,CTChest,perspective,tp_-85.52_58.91_-96.65,Mid,2,CTChest__perspective__tp_-85.52_58.91_-96.65__shot2_79.61__shot3m3m1_73.60__shot3m3m2_85.47,High,3,79.61,73.6,85.47,-85.522,58.911,-96.64764404,156.5239826263253,marker-only,2.0,10,1,0,3.264809878242799,13.664858864871375,2.560584160165715,0.0701496250218858,2.5193080041290057,1,1
experiment_results1.csv,perturbation_run,perturbation_gap,1,2026-04-21T21:00:12+08:00,20260421_210012_684760,controlled_perturbation_study,CTChest,perspective,tp_-85.52_58.91_-96.65,Mid,2,CTChest__perspective__tp_-85.52_58.91_-96.65__shot2_79.61__shot3m3m1_73.60__shot3m3m2_85.47,High,3,79.61,73.6,85.47,-85.522,58.911,-96.64764404,156.5239826263253,marker-only,2.0,11,1,0,2.058390602933883,3.769707633644643,0.0429379095425995,0.0701496250218858,1.9510874726136496,1,1
experiment_results1.csv,perturbation_run,perturbation_gap,1,2026-04-21T21:00:13+08:00,20260421_210013_121760,controlled_perturbation_study,CTChest,perspective,tp_-85.52_58.91_-96.65,Mid,2,CTChest__perspective__tp_-85.52_58.91_-96.65__shot2_79.61__shot3m3m1_73.60__shot3m3m2_85.47,High,3,79.61,73.6,85.47,-85.522,58.911,-96.64764404,156.5239826263253,marker-only,2.0,12,1,0,3.4379457003593767,80.93737995224251,1.740129296430864,0.0701496250218858,2.365112530442764,1,1
experiment_results1.csv,perturbation_run,perturbation_gap,1,2026-04-21T21:00:13+08:00,20260421_210013_564895,controlled_perturbation_study,CTChest,perspective,tp_-85.52_58.91_-96.65,Mid,2,CTChest__perspective__tp_-85.52_58.91_-96.65__shot2_79.61__shot3m3m1_73.60__shot3m3m2_85.47,High,3,79.61,73.6,85.47,-85.522,58.911,-96.64764404,156.5239826263253,marker-only,2.0,13,1,0,1.1268221355553114,14.073224272962552,1.135423511866008,0.0701496250218858,2.251822981937692,1,1
experiment_results1.csv,perturbation_run,perturbation_gap,1,2026-04-21T21:00:14+08:00,20260421_210014_026690,controlled_perturbation_study,CTChest,perspective,tp_-85.52_58.91_-96.65,Mid,2,CTChest__perspective__tp_-85.52_58.91_-96.65__shot2_79.61__shot3m3m1_73.60__shot3m3m2_85.47,High,3,79.61,73.6,85.47,-85.522,58.911,-96.64764404,156.5239826263253,marker-only,2.0,14,1,0,1.3815584148601123,14.337291246978342,1.6308343761537911,0.0701496250218858,2.2333389954417115,1,1
experiment_results1.csv,perturbation_run,perturbation_gap,1,2026-04-21T21:00:14+08:00,20260421_210014_500392,controlled_perturbation_study,CTChest,perspective,tp_-85.52_58.91_-96.65,Mid,2,CTChest__perspective__tp_-85.52_58.91_-96.65__shot2_79.61__shot3m3m1_73.60__shot3m3m2_85.47,High,3,79.61,73.6,85.47,-85.522,58.911,-96.64764404,156.5239826263253,marker-only,2.0,15,1,0,2.9107181102043262,86.70775032300033,3.5588510164158804,0.0701496250218858,2.8525576042188825,1,1
experiment_results1.csv,perturbation_run,perturbation_gap,1,2026-04-21T21:00:14+08:00,20260421_210014_991224,controlled_perturbation_study,CTChest,perspective,tp_-85.52_58.91_-96.65,Mid,2,CTChest__perspective__tp_-85.52_58.91_-96.65__shot2_79.61__shot3m3m1_73.60__shot3m3m2_85.47,High,3,79.61,73.6,85.47,-85.522,58.911,-96.64764404,156.5239826263253,marker-only,2.0,16,1,0,3.285966921181408,4.124800187763866,2.2662105967665367,0.0701496250218858,2.443050646787375,1,1
experiment_results1.csv,perturbation_run,perturbation_gap,1,2026-04-21T21:00:15+08:00,20260421_210015_495684,controlled_perturbation_study,CTChest,perspective,tp_-85.52_58.91_-96.65,Mid,2,CTChest__perspective__tp_-85.52_58.91_-96.65__shot2_79.61__shot3m3m1_73.60__shot3m3m2_85.47,High,3,79.61,73.6,85.47,-85.522,58.911,-96.64764404,156.5239826263253,marker-only,2.0,17,1,0,1.6101998264757686,12.70377163736361,2.834200766230889,0.0701496250218858,2.420530678203848,1,1
experiment_results1.csv,perturbation_run,perturbation_gap,1,2026-04-21T21:00:16+08:00,20260421_210016_002928,controlled_perturbation_study,CTChest,perspective,tp_-85.52_58.91_-96.65,Mid,2,CTChest__perspective__tp_-85.52_58.91_-96.65__shot2_79.61__shot3m3m1_73.60__shot3m3m2_85.47,High,3,79.61,73.6,85.47,-85.522,58.911,-96.64764404,156.5239826263253,marker-only,2.0,18,1,0,4.893579240239726,15.973531449205275,5.470419244549108,0.0701496250218858,1.7505516759746118,1,1
experiment_results1.csv,perturbation_run,perturbation_gap,1,2026-04-21T21:00:16+08:00,20260421_210016_533897,controlled_perturbation_study,CTChest,perspective,tp_-85.52_58.91_-96.65,Mid,2,CTChest__perspective__tp_-85.52_58.91_-96.65__shot2_79.61__shot3m3m1_73.60__shot3m3m2_85.47,High,3,79.61,73.6,85.47,-85.522,58.911,-96.64764404,156.5239826263253,marker-only,2.0,19,1,0,5.7188657296602505,79.56220675967502,0.7847737930262972,0.0701496250218858,2.575329600262538,1,1
experiment_results1.csv,perturbation_run,perturbation_gap,1,2026-04-21T21:00:17+08:00,20260421_210017_079806,controlled_perturbation_study,CTChest,perspective,tp_-85.52_58.91_-96.65,Mid,2,CTChest__perspective__tp_-85.52_58.91_-96.65__shot2_79.61__shot3m3m1_73.60__shot3m3m2_85.47,High,3,79.61,73.6,85.47,-85.522,58.911,-96.64764404,156.5239826263253,marker-only,2.0,20,1,0,10.500300283019929,23.724232205878337,12.97139813355738,0.0701496250218858,2.687719780744788,1,1
experiment_results1.csv,perturbation_run,perturbation_gap,1,2026-04-21T21:00:17+08:00,20260421_210017_625888,controlled_perturbation_study,CTChest,perspective,tp_-85.52_58.91_-96.65,Mid,2,CTChest__perspective__tp_-85.52_58.91_-96.65__shot2_79.61__shot3m3m1_73.60__shot3m3m2_85.47,High,3,79.61,73.6,85.47,-85.522,58.911,-96.64764404,156.5239826263253,marker-only,2.0,21,1,0,2.1954168168762584,12.205297761852224,4.765031431292008,0.0701496250218858,2.159646786193907,1,1
experiment_results1.csv,perturbation_run,perturbation_gap,1,2026-04-21T21:00:18+08:00,20260421_210018_177047,controlled_perturbation_study,CTChest,perspective,tp_-85.52_58.91_-96.65,Mid,2,CTChest__perspective__tp_-85.52_58.91_-96.65__shot2_79.61__shot3m3m1_73.60__shot3m3m2_85.47,High,3,79.61,73.6,85.47,-85.522,58.911,-96.64764404,156.5239826263253,marker-only,2.0,22,1,0,1.1672009400264087,83.61343659438721,2.127138858207488,0.0701496250218858,2.217816626605083,1,1
experiment_results1.csv,perturbation_run,perturbation_gap,1,2026-04-21T21:00:18+08:00,20260421_210018_741430,controlled_perturbation_study,CTChest,perspective,tp_-85.52_58.91_-96.65,Mid,2,CTChest__perspective__tp_-85.52_58.91_-96.65__shot2_79.61__shot3m3m1_73.60__shot3m3m2_85.47,High,3,79.61,73.6,85.47,-85.522,58.911,-96.64764404,156.5239826263253,marker-only,2.0,23,1,0,2.2724926155040523,12.937874224288311,5.8674865827240765,0.0701496250218858,2.0154599829765423,1,1
experiment_results1.csv,perturbation_run,perturbation_gap,1,2026-04-21T21:00:19+08:00,20260421_210019_305718,controlled_perturbation_study,CTChest,perspective,tp_-85.52_58.91_-96.65,Mid,2,CTChest__perspective__tp_-85.52_58.91_-96.65__shot2_79.61__shot3m3m1_73.60__shot3m3m2_85.47,High,3,79.61,73.6,85.47,-85.522,58.911,-96.64764404,156.5239826263253,marker-only,2.0,24,1,0,2.6396088290612365,77.11636051213719,1.8448592974720064,0.0701496250218858,2.4274759039744955,1,1
experiment_results1.csv,perturbation_run,perturbation_gap,1,2026-04-21T21:00:19+08:00,20260421_210019_879205,controlled_perturbation_study,CTChest,perspective,tp_-85.52_58.91_-96.65,Mid,2,CTChest__perspective__tp_-85.52_58.91_-96.65__shot2_79.61__shot3m3m1_73.60__shot3m3m2_85.47,High,3,79.61,73.6,85.47,-85.522,58.911,-96.64764404,156.5239826263253,marker-only,2.0,25,1,0,4.716326358352433,12.128429940413955,3.925508169872008,0.0701496250218858,1.7461111399265203,1,1
experiment_results1.csv,perturbation_run,perturbation_gap,1,2026-04-21T21:00:20+08:00,20260421_210020_467106,controlled_perturbation_study,CTChest,perspective,tp_-85.52_58.91_-96.65,Mid,2,CTChest__perspective__tp_-85.52_58.91_-96.65__shot2_79.61__shot3m3m1_73.60__shot3m3m2_85.47,High,3,79.61,73.6,85.47,-85.522,58.911,-96.64764404,156.5239826263253,marker-only,2.0,26,1,0,1.721524279928329,5.747855236938412,3.134594067175456,0.0701496250218858,2.1088184313599103,1,1
experiment_results1.csv,perturbation_run,perturbation_gap,1,2026-04-21T21:00:21+08:00,20260421_210021_067954,controlled_perturbation_study,CTChest,perspective,tp_-85.52_58.91_-96.65,Mid,2,CTChest__perspective__tp_-85.52_58.91_-96.65__shot2_79.61__shot3m3m1_73.60__shot3m3m2_85.47,High,3,79.61,73.6,85.47,-85.522,58.911,-96.64764404,156.5239826263253,marker-only,2.0,27,1,0,2.303386067068479,2.93503332982227,1.536833653886679,0.0701496250218858,1.7858273405150793,1,1
experiment_results1.csv,perturbation_run,perturbation_gap,1,2026-04-21T21:00:21+08:00,20260421_210021_660557,controlled_perturbation_study,CTChest,perspective,tp_-85.52_58.91_-96.65,Mid,2,CTChest__perspective__tp_-85.52_58.91_-96.65__shot2_79.61__shot3m3m1_73.60__shot3m3m2_85.47,High,3,79.61,73.6,85.47,-85.522,58.911,-96.64764404,156.5239826263253,marker-only,2.0,28,1,0,4.124745803936758,14.942910927712314,4.673376972634846,0.0701496250218858,1.803986407331739,1,1
experiment_results1.csv,perturbation_run,perturbation_gap,1,2026-04-21T21:00:22+08:00,20260421_210022_344263,controlled_perturbation_study,CTChest,perspective,tp_-85.52_58.91_-96.65,Mid,2,CTChest__perspective__tp_-85.52_58.91_-96.65__shot2_79.61__shot3m3m1_73.60__shot3m3m2_85.47,High,3,79.61,73.6,85.47,-85.522,58.911,-96.64764404,156.5239826263253,marker-only,2.0,29,1,0,2.449116508674825,2.6795607449341645,0.7814422707054259,0.0701496250218858,2.0825985707051387,1,1
experiment_results1.csv,perturbation_run,perturbation_gap,1,2026-04-21T21:00:22+08:00,20260421_210022_939151,controlled_perturbation_study,CTChest,perspective,tp_-85.52_58.91_-96.65,Mid,2,CTChest__perspective__tp_-85.52_58.91_-96.65__shot2_79.61__shot3m3m1_73.60__shot3m3m2_85.47,High,3,79.61,73.6,85.47,-85.522,58.911,-96.64764404,156.5239826263253,marker-only,2.0,30,1,0,2.695235939726349,8.818592166618357,1.0900203239276178,0.0701496250218858,2.435334238542827,1,1
experiment_results1.csv,perturbation_run,perturbation_gap,1,2026-04-21T21:00:23+08:00,20260421_210023_535345,controlled_perturbation_study,CTChest,perspective,tp_-85.52_58.91_-96.65,Mid,2,CTChest__perspective__tp_-85.52_58.91_-96.65__shot2_79.61__shot3m3m1_73.60__shot3m3m2_85.47,High,3,79.61,73.6,85.47,-85.522,58.911,-96.64764404,156.5239826263253,marker-only,2.0,31,1,0,4.633292790577386,87.18868286828106,3.3149973870143805,0.0701496250218858,1.8818419261813115,1,1
experiment_results1.csv,perturbation_run,perturbation_gap,1,2026-04-21T21:00:24+08:00,20260421_210024_129973,controlled_perturbation_study,CTChest,perspective,tp_-85.52_58.91_-96.65,Mid,2,CTChest__perspective__tp_-85.52_58.91_-96.65__shot2_79.61__shot3m3m1_73.60__shot3m3m2_85.47,High,3,79.61,73.6,85.47,-85.522,58.911,-96.64764404,156.5239826263253,marker-only,2.0,32,1,0,5.1273804992292105,9.799186499860609,1.4931068548983135,0.0701496250218858,2.0203600884431734,1,1
experiment_results1.csv,perturbation_run,perturbation_gap,1,2026-04-21T21:00:24+08:00,20260421_210024_721207,controlled_perturbation_study,CTChest,perspective,tp_-85.52_58.91_-96.65,Mid,2,CTChest__perspective__tp_-85.52_58.91_-96.65__shot2_79.61__shot3m3m1_73.60__shot3m3m2_85.47,High,3,79.61,73.6,85.47,-85.522,58.911,-96.64764404,156.5239826263253,marker-only,2.0,33,1,0,6.023199317916623,78.83826059175156,2.2962901806304874,0.0701496250218858,2.8240098776618754,1,1
experiment_results1.csv,perturbation_run,perturbation_gap,1,2026-04-21T21:00:25+08:00,20260421_210025_315127,controlled_perturbation_study,CTChest,perspective,tp_-85.52_58.91_-96.65,Mid,2,CTChest__perspective__tp_-85.52_58.91_-96.65__shot2_79.61__shot3m3m1_73.60__shot3m3m2_85.47,High,3,79.61,73.6,85.47,-85.522,58.911,-96.64764404,156.5239826263253,marker-only,2.0,34,1,0,3.454358651501851,81.18684676722663,3.0587146646618577,0.0701496250218858,2.6514535973989823,1,1
experiment_results1.csv,perturbation_run,perturbation_gap,1,2026-04-21T21:00:25+08:00,20260421_210025_997560,controlled_perturbation_study,CTChest,perspective,tp_-85.52_58.91_-96.65,Mid,2,CTChest__perspective__tp_-85.52_58.91_-96.65__shot2_79.61__shot3m3m1_73.60__shot3m3m2_85.47,High,3,79.61,73.6,85.47,-85.522,58.911,-96.64764404,156.5239826263253,marker-only,2.0,35,1,0,5.297988881327406,88.90238151550956,4.543942830283451,0.0701496250218858,2.6993108755815203,1,1
experiment_results1.csv,perturbation_run,perturbation_gap,1,2026-04-21T21:00:26+08:00,20260421_210026_521225,controlled_perturbation_study,CTChest,perspective,tp_-85.52_58.91_-96.65,Mid,2,CTChest__perspective__tp_-85.52_58.91_-96.65__shot2_79.61__shot3m3m1_73.60__shot3m3m2_85.47,High,3,79.61,73.6,85.47,-85.522,58.911,-96.64764404,156.5239826263253,marker-only,2.0,36,1,0,3.01980509946589,80.57274313391694,0.0480658724651906,0.0701496250218858,2.751188605269669,1,1
experiment_results1.csv,perturbation_run,perturbation_gap,1,2026-04-21T21:00:27+08:00,20260421_210027_118291,controlled_perturbation_study,CTChest,perspective,tp_-85.52_58.91_-96.65,Mid,2,CTChest__perspective__tp_-85.52_58.91_-96.65__shot2_79.61__shot3m3m1_73.60__shot3m3m2_85.47,High,3,79.61,73.6,85.47,-85.522,58.911,-96.64764404,156.5239826263253,marker-only,2.0,37,1,0,7.189044859225079,87.83743168544486,6.849094384017218,0.0701496250218858,2.4754881992493463,1,1
experiment_results1.csv,perturbation_run,perturbation_gap,1,2026-04-21T21:00:27+08:00,20260421_210027_721574,controlled_perturbation_study,CTChest,perspective,tp_-85.52_58.91_-96.65,Mid,2,CTChest__perspective__tp_-85.52_58.91_-96.65__shot2_79.61__shot3m3m1_73.60__shot3m3m2_85.47,High,3,79.61,73.6,85.47,-85.522,58.911,-96.64764404,156.5239826263253,marker-only,2.0,38,1,0,3.584927666320012,8.988192078090618,5.098914158737524,0.0701496250218858,1.963952138419806,1,1
experiment_results1.csv,perturbation_run,perturbation_gap,1,2026-04-21T21:00:28+08:00,20260421_210028_334977,controlled_perturbation_study,CTChest,perspective,tp_-85.52_58.91_-96.65,Mid,2,CTChest__perspective__tp_-85.52_58.91_-96.65__shot2_79.61__shot3m3m1_73.60__shot3m3m2_85.47,High,3,79.61,73.6,85.47,-85.522,58.911,-96.64764404,156.5239826263253,marker-only,2.0,39,1,0,1.7275983830072057,5.986964576351404,2.324692356521373,0.0701496250218858,2.416841833830597,1,1
experiment_results1.csv,perturbation_run,perturbation_gap,1,2026-04-21T21:00:28+08:00,20260421_210028_955201,controlled_perturbation_study,CTChest,perspective,tp_-85.52_58.91_-96.65,Mid,2,CTChest__perspective__tp_-85.52_58.91_-96.65__shot2_79.61__shot3m3m1_73.60__shot3m3m2_85.47,High,3,79.61,73.6,85.47,-85.522,58.911,-96.64764404,156.5239826263253,marker-only,2.0,40,1,0,2.07851946308276,7.215593050023277,1.4527947421966936,0.0701496250218858,2.191083395554694,1,1
experiment_results1.csv,perturbation_run,perturbation_gap,1,2026-04-21T21:00:29+08:00,20260421_210029_569376,controlled_perturbation_study,CTChest,perspective,tp_-85.52_58.91_-96.65,Mid,2,CTChest__perspective__tp_-85.52_58.91_-96.65__shot2_79.61__shot3m3m1_73.60__shot3m3m2_85.47,High,3,79.61,73.6,85.47,-85.522,58.911,-96.64764404,156.5239826263253,marker-only,2.0,41,1,0,1.7196990018406029,11.874972450821552,0.260622952111204,0.0701496250218858,2.4694597712186592,1,1
experiment_results1.csv,perturbation_run,perturbation_gap,1,2026-04-21T21:00:30+08:00,20260421_210030_210962,controlled_perturbation_study,CTChest,perspective,tp_-85.52_58.91_-96.65,Mid,2,CTChest__perspective__tp_-85.52_58.91_-96.65__shot2_79.61__shot3m3m1_73.60__shot3m3m2_85.47,High,3,79.61,73.6,85.47,-85.522,58.911,-96.64764404,156.5239826263253,marker-only,2.0,42,1,0,4.389870162894041,86.25323921417808,3.497301486494821,0.0701496250218858,2.21636179708495,1,1
experiment_results1.csv,perturbation_run,perturbation_gap,1,2026-04-21T21:00:30+08:00,20260421_210030_851749,controlled_perturbation_study,CTChest,perspective,tp_-85.52_58.91_-96.65,Mid,2,CTChest__perspective__tp_-85.52_58.91_-96.65__shot2_79.61__shot3m3m1_73.60__shot3m3m2_85.47,High,3,79.61,73.6,85.47,-85.522,58.911,-96.64764404,156.5239826263253,marker-only,2.0,43,1,0,23.66738838445561,63.628608682984826,26.11425439889021,0.0701496250218858,3.093805147817932,1,1
experiment_results1.csv,perturbation_run,perturbation_gap,1,2026-04-21T21:00:31+08:00,20260421_210031_497005,controlled_perturbation_study,CTChest,perspective,tp_-85.52_58.91_-96.65,Mid,2,CTChest__perspective__tp_-85.52_58.91_-96.65__shot2_79.61__shot3m3m1_73.60__shot3m3m2_85.47,High,3,79.61,73.6,85.47,-85.522,58.911,-96.64764404,156.5239826263253,marker-only,2.0,44,1,0,2.226519605139912,3.670441090794829,0.3985966377528756,0.0701496250218858,2.3126453064006327,1,1
experiment_results1.csv,perturbation_run,perturbation_gap,1,2026-04-21T21:00:32+08:00,20260421_210032_146819,controlled_perturbation_study,CTChest,perspective,tp_-85.52_58.91_-96.65,Mid,2,CTChest__perspective__tp_-85.52_58.91_-96.65__shot2_79.61__shot3m3m1_73.60__shot3m3m2_85.47,High,3,79.61,73.6,85.47,-85.522,58.911,-96.64764404,156.5239826263253,marker-only,2.0,45,1,0,3.614715335757941,3.5603654697959857,2.70362908489542,0.0701496250218858,2.3806455385702887,1,1
experiment_results1.csv,perturbation_run,perturbation_gap,1,2026-04-21T21:00:32+08:00,20260421_210032_783874,controlled_perturbation_study,CTChest,perspective,tp_-85.52_58.91_-96.65,Mid,2,CTChest__perspective__tp_-85.52_58.91_-96.65__shot2_79.61__shot3m3m1_73.60__shot3m3m2_85.47,High,3,79.61,73.6,85.47,-85.522,58.911,-96.64764404,156.5239826263253,marker-only,2.0,46,1,0,2.581958526399917,86.74362854782301,1.169072039214065,0.0701496250218858,3.0847575095086524,1,1
experiment_results1.csv,perturbation_run,perturbation_gap,1,2026-04-21T21:00:33+08:00,20260421_210033_426631,controlled_perturbation_study,CTChest,perspective,tp_-85.52_58.91_-96.65,Mid,2,CTChest__perspective__tp_-85.52_58.91_-96.65__shot2_79.61__shot3m3m1_73.60__shot3m3m2_85.47,High,3,79.61,73.6,85.47,-85.522,58.911,-96.64764404,156.5239826263253,marker-only,2.0,47,1,0,2.9128931303546923,15.941900535869946,5.261418238175239,0.0701496250218858,2.58345862901178,1,1
experiment_results1.csv,perturbation_run,perturbation_gap,1,2026-04-21T21:00:34+08:00,20260421_210034_068848,controlled_perturbation_study,CTChest,perspective,tp_-85.52_58.91_-96.65,Mid,2,CTChest__perspective__tp_-85.52_58.91_-96.65__shot2_79.61__shot3m3m1_73.60__shot3m3m2_85.47,High,3,79.61,73.6,85.47,-85.522,58.911,-96.64764404,156.5239826263253,marker-only,2.0,48,1,0,2.4349000739142506,6.888117226759963,2.142085981927744,0.0701496250218858,1.8415897747279903,1,1
experiment_results1.csv,perturbation_run,perturbation_gap,1,2026-04-21T21:00:34+08:00,20260421_210034_710081,controlled_perturbation_study,CTChest,perspective,tp_-85.52_58.91_-96.65,Mid,2,CTChest__perspective__tp_-85.52_58.91_-96.65__shot2_79.61__shot3m3m1_73.60__shot3m3m2_85.47,High,3,79.61,73.6,85.47,-85.522,58.911,-96.64764404,156.5239826263253,marker-only,2.0,49,1,0,3.504414037804765,93.56181161274432,0.9556579835763072,0.0701496250218858,2.37826710182243,1,1
experiment_results1.csv,perturbation_run,perturbation_gap,1,2026-04-21T21:00:35+08:00,20260421_210035_358320,controlled_perturbation_study,CTChest,perspective,tp_-85.52_58.91_-96.65,Mid,2,CTChest__perspective__tp_-85.52_58.91_-96.65__shot2_79.61__shot3m3m1_73.60__shot3m3m2_85.47,High,3,79.61,73.6,85.47,-85.522,58.911,-96.64764404,156.5239826263253,marker-only,2.0,50,1,0,4.41961676653354,6.295195579307104,5.734308364194984,0.0701496250218858,2.143104570092344,1,1
experiment_results1.csv,perturbation_run,perturbation_gap,1,2026-04-21T21:00:43+08:00,20260421_210043_936499,controlled_perturbation_study,CTChest,perspective,tp_-85.52_58.91_-96.65,Mid,2,CTChest__perspective__tp_-85.52_58.91_-96.65__shot2_79.61__shot3m3m1_73.60__shot3m3m2_85.47,High,3,79.61,73.6,85.47,-85.522,58.911,-96.64764404,156.5239826263253,target-only,0.5,1,1,0,0.3846640121848588,0.7742608485013689,0.4547061762703139,0.0701496250218858,0.0675726882664285,1,1
experiment_results1.csv,perturbation_run,perturbation_gap,1,2026-04-21T21:00:44+08:00,20260421_210044_307388,controlled_perturbation_study,CTChest,perspective,tp_-85.52_58.91_-96.65,Mid,2,CTChest__perspective__tp_-85.52_58.91_-96.65__shot2_79.61__shot3m3m1_73.60__shot3m3m2_85.47,High,3,79.61,73.6,85.47,-85.522,58.911,-96.64764404,156.5239826263253,target-only,0.5,2,1,0,0.418696482376673,0.6710009924876436,0.4530424447146445,0.0701496250218858,0.0675726882664285,1,1
experiment_results1.csv,perturbation_run,perturbation_gap,1,2026-04-21T21:00:44+08:00,20260421_210044_725052,controlled_perturbation_study,CTChest,perspective,tp_-85.52_58.91_-96.65,Mid,2,CTChest__perspective__tp_-85.52_58.91_-96.65__shot2_79.61__shot3m3m1_73.60__shot3m3m2_85.47,High,3,79.61,73.6,85.47,-85.522,58.911,-96.64764404,156.5239826263253,target-only,0.5,3,1,0,0.5972903581281145,1.2926768889357625,0.0452849631766395,0.0701496250218858,0.0675726882664285,1,1
experiment_results1.csv,perturbation_run,perturbation_gap,1,2026-04-21T21:00:45+08:00,20260421_210045_096915,controlled_perturbation_study,CTChest,perspective,tp_-85.52_58.91_-96.65,Mid,2,CTChest__perspective__tp_-85.52_58.91_-96.65__shot2_79.61__shot3m3m1_73.60__shot3m3m2_85.47,High,3,79.61,73.6,85.47,-85.522,58.911,-96.64764404,156.5239826263253,target-only,0.5,4,1,0,0.4829840831565205,0.578199989489904,0.1737155317481318,0.0701496250218858,0.0675726882664285,1,1
experiment_results1.csv,perturbation_run,perturbation_gap,1,2026-04-21T21:00:45+08:00,20260421_210045_462090,controlled_perturbation_study,CTChest,perspective,tp_-85.52_58.91_-96.65,Mid,2,CTChest__perspective__tp_-85.52_58.91_-96.65__shot2_79.61__shot3m3m1_73.60__shot3m3m2_85.47,High,3,79.61,73.6,85.47,-85.522,58.911,-96.64764404,156.5239826263253,target-only,0.5,5,1,0,0.4910575024178842,0.8759961666091368,0.1835117179579237,0.0701496250218858,0.0675726882664285,1,1
experiment_results1.csv,perturbation_run,perturbation_gap,1,2026-04-21T21:00:45+08:00,20260421_210045_823026,controlled_perturbation_study,CTChest,perspective,tp_-85.52_58.91_-96.65,Mid,2,CTChest__perspective__tp_-85.52_58.91_-96.65__shot2_79.61__shot3m3m1_73.60__shot3m3m2_85.47,High,3,79.61,73.6,85.47,-85.522,58.911,-96.64764404,156.5239826263253,target-only,0.5,6,1,0,0.5771666499899305,1.0201465505993257,0.0102786681311985,0.0701496250218858,0.0675726882664285,1,1
experiment_results1.csv,perturbation_run,perturbation_gap,1,2026-04-21T21:00:46+08:00,20260421_210046_192559,controlled_perturbation_study,CTChest,perspective,tp_-85.52_58.91_-96.65,Mid,2,CTChest__perspective__tp_-85.52_58.91_-96.65__shot2_79.61__shot3m3m1_73.60__shot3m3m2_85.47,High,3,79.61,73.6,85.47,-85.522,58.911,-96.64764404,156.5239826263253,target-only,0.5,7,1,0,0.245135588176349,0.5311095817091189,0.0623256368555874,0.0701496250218858,0.0675726882664285,1,1
experiment_results1.csv,perturbation_run,perturbation_gap,1,2026-04-21T21:00:46+08:00,20260421_210046_557471,controlled_perturbation_study,CTChest,perspective,tp_-85.52_58.91_-96.65,Mid,2,CTChest__perspective__tp_-85.52_58.91_-96.65__shot2_79.61__shot3m3m1_73.60__shot3m3m2_85.47,High,3,79.61,73.6,85.47,-85.522,58.911,-96.64764404,156.5239826263253,target-only,0.5,8,1,0,0.269334340478199,0.3761313236737325,0.1486094040626626,0.0701496250218858,0.0675726882664285,1,1
experiment_results1.csv,perturbation_run,perturbation_gap,1,2026-04-21T21:00:46+08:00,20260421_210046_924126,controlled_perturbation_study,CTChest,perspective,tp_-85.52_58.91_-96.65,Mid,2,CTChest__perspective__tp_-85.52_58.91_-96.65__shot2_79.61__shot3m3m1_73.60__shot3m3m2_85.47,High,3,79.61,73.6,85.47,-85.522,58.911,-96.64764404,156.5239826263253,target-only,0.5,9,1,0,0.3191034620561372,0.8595352801384704,0.0348039686741832,0.0701496250218858,0.0675726882664285,1,1
experiment_results1.csv,perturbation_run,perturbation_gap,1,2026-04-21T21:00:47+08:00,20260421_210047_296701,controlled_perturbation_study,CTChest,perspective,tp_-85.52_58.91_-96.65,Mid,2,CTChest__perspective__tp_-85.52_58.91_-96.65__shot2_79.61__shot3m3m1_73.60__shot3m3m2_85.47,High,3,79.61,73.6,85.47,-85.522,58.911,-96.64764404,156.5239826263253,target-only,0.5,10,1,0,0.6311101464667039,1.1482306850005086,0.253278725741104,0.0701496250218858,0.0675726882664285,1,1
experiment_results1.csv,perturbation_run,perturbation_gap,1,2026-04-21T21:00:47+08:00,20260421_210047_714316,controlled_perturbation_study,CTChest,perspective,tp_-85.52_58.91_-96.65,Mid,2,CTChest__perspective__tp_-85.52_58.91_-96.65__shot2_79.61__shot3m3m1_73.60__shot3m3m2_85.47,High,3,79.61,73.6,85.47,-85.522,58.911,-96.64764404,156.5239826263253,target-only,0.5,11,1,0,0.3256227009789511,0.501401254534288,0.0206729786437792,0.0701496250218858,0.0675726882664285,1,1
experiment_results1.csv,perturbation_run,perturbation_gap,1,2026-04-21T21:00:48+08:00,20260421_210048_097997,controlled_perturbation_study,CTChest,perspective,tp_-85.52_58.91_-96.65,Mid,2,CTChest__perspective__tp_-85.52_58.91_-96.65__shot2_79.61__shot3m3m1_73.60__shot3m3m2_85.47,High,3,79.61,73.6,85.47,-85.522,58.911,-96.64764404,156.5239826263253,target-only,0.5,12,1,0,0.2349488113293835,0.2854959061058251,0.7573233647860276,0.0701496250218858,0.0675726882664285,1,1
experiment_results1.csv,perturbation_run,perturbation_gap,1,2026-04-21T21:00:48+08:00,20260421_210048_490507,controlled_perturbation_study,CTChest,perspective,tp_-85.52_58.91_-96.65,Mid,2,CTChest__perspective__tp_-85.52_58.91_-96.65__shot2_79.61__shot3m3m1_73.60__shot3m3m2_85.47,High,3,79.61,73.6,85.47,-85.522,58.911,-96.64764404,156.5239826263253,target-only,0.5,13,1,0,0.856175278655828,1.7100928182309318,0.2243405534917683,0.0701496250218858,0.0675726882664285,1,1
experiment_results1.csv,perturbation_run,perturbation_gap,1,2026-04-21T21:00:48+08:00,20260421_210048_883174,controlled_perturbation_study,CTChest,perspective,tp_-85.52_58.91_-96.65,Mid,2,CTChest__perspective__tp_-85.52_58.91_-96.65__shot2_79.61__shot3m3m1_73.60__shot3m3m2_85.47,High,3,79.61,73.6,85.47,-85.522,58.911,-96.64764404,156.5239826263253,target-only,0.5,14,1,0,0.4000381864314781,0.3400932645276158,0.3964908470692616,0.0701496250218858,0.0675726882664285,1,1
experiment_results1.csv,perturbation_run,perturbation_gap,1,2026-04-21T21:00:49+08:00,20260421_210049_288985,controlled_perturbation_study,CTChest,perspective,tp_-85.52_58.91_-96.65,Mid,2,CTChest__perspective__tp_-85.52_58.91_-96.65__shot2_79.61__shot3m3m1_73.60__shot3m3m2_85.47,High,3,79.61,73.6,85.47,-85.522,58.911,-96.64764404,156.5239826263253,target-only,0.5,15,1,0,0.3403400430725699,0.9298343305446248,0.0148812603417044,0.0701496250218858,0.0675726882664285,1,1
experiment_results1.csv,perturbation_run,perturbation_gap,1,2026-04-21T21:00:49+08:00,20260421_210049_691659,controlled_perturbation_study,CTChest,perspective,tp_-85.52_58.91_-96.65,Mid,2,CTChest__perspective__tp_-85.52_58.91_-96.65__shot2_79.61__shot3m3m1_73.60__shot3m3m2_85.47,High,3,79.61,73.6,85.47,-85.522,58.911,-96.64764404,156.5239826263253,target-only,0.5,16,1,0,0.8358379770635598,1.6108111666054086,0.3825230355042772,0.0701496250218858,0.0675726882664285,1,1
experiment_results1.csv,perturbation_run,perturbation_gap,1,2026-04-21T21:00:50+08:00,20260421_210050_100145,controlled_perturbation_study,CTChest,perspective,tp_-85.52_58.91_-96.65,Mid,2,CTChest__perspective__tp_-85.52_58.91_-96.65__shot2_79.61__shot3m3m1_73.60__shot3m3m2_85.47,High,3,79.61,73.6,85.47,-85.522,58.911,-96.64764404,156.5239826263253,target-only,0.5,17,1,0,0.5205572255442263,1.1835826107209653,0.9508306062820262,0.0701496250218858,0.0675726882664285,1,1
experiment_results1.csv,perturbation_run,perturbation_gap,1,2026-04-21T21:00:50+08:00,20260421_210050_522177,controlled_perturbation_study,CTChest,perspective,tp_-85.52_58.91_-96.65,Mid,2,CTChest__perspective__tp_-85.52_58.91_-96.65__shot2_79.61__shot3m3m1_73.60__shot3m3m2_85.47,High,3,79.61,73.6,85.47,-85.522,58.911,-96.64764404,156.5239826263253,target-only,0.5,18,1,0,0.7029165193885558,1.796717213518963,0.6146761338039165,0.0701496250218858,0.0675726882664285,1,1
experiment_results1.csv,perturbation_run,perturbation_gap,1,2026-04-21T21:00:50+08:00,20260421_210050_951433,controlled_perturbation_study,CTChest,perspective,tp_-85.52_58.91_-96.65,Mid,2,CTChest__perspective__tp_-85.52_58.91_-96.65__shot2_79.61__shot3m3m1_73.60__shot3m3m2_85.47,High,3,79.61,73.6,85.47,-85.522,58.911,-96.64764404,156.5239826263253,target-only,0.5,19,1,0,0.4250374762864237,0.7952973405068071,0.251014643308437,0.0701496250218858,0.0675726882664285,1,1
experiment_results1.csv,perturbation_run,perturbation_gap,1,2026-04-21T21:00:51+08:00,20260421_210051_384298,controlled_perturbation_study,CTChest,perspective,tp_-85.52_58.91_-96.65,Mid,2,CTChest__perspective__tp_-85.52_58.91_-96.65__shot2_79.61__shot3m3m1_73.60__shot3m3m2_85.47,High,3,79.61,73.6,85.47,-85.522,58.911,-96.64764404,156.5239826263253,target-only,0.5,20,1,0,0.6189419179882732,1.4433776732459531,1.048080069356608,0.0701496250218858,0.0675726882664285,1,1
experiment_results1.csv,perturbation_run,perturbation_gap,1,2026-04-21T21:00:51+08:00,20260421_210051_835975,controlled_perturbation_study,CTChest,perspective,tp_-85.52_58.91_-96.65,Mid,2,CTChest__perspective__tp_-85.52_58.91_-96.65__shot2_79.61__shot3m3m1_73.60__shot3m3m2_85.47,High,3,79.61,73.6,85.47,-85.522,58.911,-96.64764404,156.5239826263253,target-only,0.5,21,1,0,0.4840363890963182,1.320997606202685,0.1164824431997729,0.0701496250218858,0.0675726882664285,1,1
experiment_results1.csv,perturbation_run,perturbation_gap,1,2026-04-21T21:00:52+08:00,20260421_210052_287191,controlled_perturbation_study,CTChest,perspective,tp_-85.52_58.91_-96.65,Mid,2,CTChest__perspective__tp_-85.52_58.91_-96.65__shot2_79.61__shot3m3m1_73.60__shot3m3m2_85.47,High,3,79.61,73.6,85.47,-85.522,58.911,-96.64764404,156.5239826263253,target-only,0.5,22,1,0,0.6233208938481882,1.26148847802932,0.5163992932352124,0.0701496250218858,0.0675726882664285,1,1
experiment_results1.csv,perturbation_run,perturbation_gap,1,2026-04-21T21:00:52+08:00,20260421_210052_750544,controlled_perturbation_study,CTChest,perspective,tp_-85.52_58.91_-96.65,Mid,2,CTChest__perspective__tp_-85.52_58.91_-96.65__shot2_79.61__shot3m3m1_73.60__shot3m3m2_85.47,High,3,79.61,73.6,85.47,-85.522,58.911,-96.64764404,156.5239826263253,target-only,0.5,23,1,0,0.6016976219348452,1.037737824896709,1.205290608372478,0.0701496250218858,0.0675726882664285,1,1
experiment_results1.csv,perturbation_run,perturbation_gap,1,2026-04-21T21:00:53+08:00,20260421_210053_211860,controlled_perturbation_study,CTChest,perspective,tp_-85.52_58.91_-96.65,Mid,2,CTChest__perspective__tp_-85.52_58.91_-96.65__shot2_79.61__shot3m3m1_73.60__shot3m3m2_85.47,High,3,79.61,73.6,85.47,-85.522,58.911,-96.64764404,156.5239826263253,target-only,0.5,24,1,0,0.6340036210370883,1.553997770213841,0.4192649587538425,0.0701496250218858,0.0675726882664285,1,1
experiment_results1.csv,perturbation_run,perturbation_gap,1,2026-04-21T21:00:53+08:00,20260421_210053_696766,controlled_perturbation_study,CTChest,perspective,tp_-85.52_58.91_-96.65,Mid,2,CTChest__perspective__tp_-85.52_58.91_-96.65__shot2_79.61__shot3m3m1_73.60__shot3m3m2_85.47,High,3,79.61,73.6,85.47,-85.522,58.911,-96.64764404,156.5239826263253,target-only,0.5,25,1,0,0.7285400681152057,1.838043976739467,0.4327665397443038,0.0701496250218858,0.0675726882664285,1,1
experiment_results1.csv,perturbation_run,perturbation_gap,1,2026-04-21T21:00:54+08:00,20260421_210054_177764,controlled_perturbation_study,CTChest,perspective,tp_-85.52_58.91_-96.65,Mid,2,CTChest__perspective__tp_-85.52_58.91_-96.65__shot2_79.61__shot3m3m1_73.60__shot3m3m2_85.47,High,3,79.61,73.6,85.47,-85.522,58.911,-96.64764404,156.5239826263253,target-only,0.5,26,1,0,0.6695388919099159,1.3465084950180248,0.0817869608078618,0.0701496250218858,0.0675726882664285,1,1
experiment_results1.csv,perturbation_run,perturbation_gap,1,2026-04-21T21:00:54+08:00,20260421_210054_659409,controlled_perturbation_study,CTChest,perspective,tp_-85.52_58.91_-96.65,Mid,2,CTChest__perspective__tp_-85.52_58.91_-96.65__shot2_79.61__shot3m3m1_73.60__shot3m3m2_85.47,High,3,79.61,73.6,85.47,-85.522,58.911,-96.64764404,156.5239826263253,target-only,0.5,27,1,0,0.7166979526213664,1.4170215734649767,0.1983070862873275,0.0701496250218858,0.0675726882664285,1,1
experiment_results1.csv,perturbation_run,perturbation_gap,1,2026-04-21T21:00:55+08:00,20260421_210055_159556,controlled_perturbation_study,CTChest,perspective,tp_-85.52_58.91_-96.65,Mid,2,CTChest__perspective__tp_-85.52_58.91_-96.65__shot2_79.61__shot3m3m1_73.60__shot3m3m2_85.47,High,3,79.61,73.6,85.47,-85.522,58.911,-96.64764404,156.5239826263253,target-only,0.5,28,1,0,0.0612925421006586,0.2518187757940653,0.9387221105851914,0.0701496250218858,0.0675726882664285,1,1
experiment_results1.csv,perturbation_run,perturbation_gap,1,2026-04-21T21:00:55+08:00,20260421_210055_659819,controlled_perturbation_study,CTChest,perspective,tp_-85.52_58.91_-96.65,Mid,2,CTChest__perspective__tp_-85.52_58.91_-96.65__shot2_79.61__shot3m3m1_73.60__shot3m3m2_85.47,High,3,79.61,73.6,85.47,-85.522,58.911,-96.64764404,156.5239826263253,target-only,0.5,29,1,0,0.162217023686258,0.5577032866251705,0.5494551846546651,0.0701496250218858,0.0675726882664285,1,1
experiment_results1.csv,perturbation_run,perturbation_gap,1,2026-04-21T21:00:56+08:00,20260421_210056_154927,controlled_perturbation_study,CTChest,perspective,tp_-85.52_58.91_-96.65,Mid,2,CTChest__perspective__tp_-85.52_58.91_-96.65__shot2_79.61__shot3m3m1_73.60__shot3m3m2_85.47,High,3,79.61,73.6,85.47,-85.522,58.911,-96.64764404,156.5239826263253,target-only,0.5,30,1,0,0.2468507517006097,0.3466234577875389,0.0428065958012159,0.0701496250218858,0.0675726882664285,1,1
experiment_results1.csv,perturbation_run,perturbation_gap,1,2026-04-21T21:00:56+08:00,20260421_210056_656225,controlled_perturbation_study,CTChest,perspective,tp_-85.52_58.91_-96.65,Mid,2,CTChest__perspective__tp_-85.52_58.91_-96.65__shot2_79.61__shot3m3m1_73.60__shot3m3m2_85.47,High,3,79.61,73.6,85.47,-85.522,58.911,-96.64764404,156.5239826263253,target-only,0.5,31,1,0,0.6299855225308902,1.01971234813463,0.4674508307028546,0.0701496250218858,0.0675726882664285,1,1
experiment_results1.csv,perturbation_run,perturbation_gap,1,2026-04-21T21:00:57+08:00,20260421_210057_162615,controlled_perturbation_study,CTChest,perspective,tp_-85.52_58.91_-96.65,Mid,2,CTChest__perspective__tp_-85.52_58.91_-96.65__shot2_79.61__shot3m3m1_73.60__shot3m3m2_85.47,High,3,79.61,73.6,85.47,-85.522,58.911,-96.64764404,156.5239826263253,target-only,0.5,32,1,0,0.3281497637651162,0.6780682203113588,0.2963607375258804,0.0701496250218858,0.0675726882664285,1,1
experiment_results1.csv,perturbation_run,perturbation_gap,1,2026-04-21T21:00:57+08:00,20260421_210057_672210,controlled_perturbation_study,CTChest,perspective,tp_-85.52_58.91_-96.65,Mid,2,CTChest__perspective__tp_-85.52_58.91_-96.65__shot2_79.61__shot3m3m1_73.60__shot3m3m2_85.47,High,3,79.61,73.6,85.47,-85.522,58.911,-96.64764404,156.5239826263253,target-only,0.5,33,1,0,0.5029048417464302,0.9405771374851772,0.0577433557770664,0.0701496250218858,0.0675726882664285,1,1
experiment_results1.csv,perturbation_run,perturbation_gap,1,2026-04-21T21:00:58+08:00,20260421_210058_177080,controlled_perturbation_study,CTChest,perspective,tp_-85.52_58.91_-96.65,Mid,2,CTChest__perspective__tp_-85.52_58.91_-96.65__shot2_79.61__shot3m3m1_73.60__shot3m3m2_85.47,High,3,79.61,73.6,85.47,-85.522,58.911,-96.64764404,156.5239826263253,target-only,0.5,34,1,0,0.2912001286049754,0.9027624028892388,0.477592494295306,0.0701496250218858,0.0675726882664285,1,1
experiment_results1.csv,perturbation_run,perturbation_gap,1,2026-04-21T21:00:58+08:00,20260421_210058_688045,controlled_perturbation_study,CTChest,perspective,tp_-85.52_58.91_-96.65,Mid,2,CTChest__perspective__tp_-85.52_58.91_-96.65__shot2_79.61__shot3m3m1_73.60__shot3m3m2_85.47,High,3,79.61,73.6,85.47,-85.522,58.911,-96.64764404,156.5239826263253,target-only,0.5,35,1,0,0.1020115258602984,0.0758495554876216,0.7274797878188156,0.0701496250218858,0.0675726882664285,1,1
experiment_results1.csv,perturbation_run,perturbation_gap,1,2026-04-21T21:00:59+08:00,20260421_210059_199672,controlled_perturbation_study,CTChest,perspective,tp_-85.52_58.91_-96.65,Mid,2,CTChest__perspective__tp_-85.52_58.91_-96.65__shot2_79.61__shot3m3m1_73.60__shot3m3m2_85.47,High,3,79.61,73.6,85.47,-85.522,58.911,-96.64764404,156.5239826263253,target-only,0.5,36,1,0,0.3697786818963977,0.6718839101987867,0.1842091846453839,0.0701496250218858,0.0675726882664285,1,1
experiment_results1.csv,perturbation_run,perturbation_gap,1,2026-04-21T21:00:59+08:00,20260421_210059_709720,controlled_perturbation_study,CTChest,perspective,tp_-85.52_58.91_-96.65,Mid,2,CTChest__perspective__tp_-85.52_58.91_-96.65__shot2_79.61__shot3m3m1_73.60__shot3m3m2_85.47,High,3,79.61,73.6,85.47,-85.522,58.911,-96.64764404,156.5239826263253,target-only,0.5,37,1,0,0.4287005060041918,0.7580398840041815,0.552087108271763,0.0701496250218858,0.0675726882664285,1,1
experiment_results1.csv,perturbation_run,perturbation_gap,1,2026-04-21T21:01:00+08:00,20260421_210100_216225,controlled_perturbation_study,CTChest,perspective,tp_-85.52_58.91_-96.65,Mid,2,CTChest__perspective__tp_-85.52_58.91_-96.65__shot2_79.61__shot3m3m1_73.60__shot3m3m2_85.47,High,3,79.61,73.6,85.47,-85.522,58.911,-96.64764404,156.5239826263253,target-only,0.5,38,1,0,0.626300098209537,1.1539682277272043,1.212990315955049,0.0701496250218858,0.0675726882664285,1,1
experiment_results1.csv,perturbation_run,perturbation_gap,1,2026-04-21T21:01:00+08:00,20260421_210100_731917,controlled_perturbation_study,CTChest,perspective,tp_-85.52_58.91_-96.65,Mid,2,CTChest__perspective__tp_-85.52_58.91_-96.65__shot2_79.61__shot3m3m1_73.60__shot3m3m2_85.47,High,3,79.61,73.6,85.47,-85.522,58.911,-96.64764404,156.5239826263253,target-only,0.5,39,1,0,0.6421906983654506,1.6294293937764486,0.4086217986574411,0.0701496250218858,0.0675726882664285,1,1
experiment_results1.csv,perturbation_run,perturbation_gap,1,2026-04-21T21:01:01+08:00,20260421_210101_171741,controlled_perturbation_study,CTChest,perspective,tp_-85.52_58.91_-96.65,Mid,2,CTChest__perspective__tp_-85.52_58.91_-96.65__shot2_79.61__shot3m3m1_73.60__shot3m3m2_85.47,High,3,79.61,73.6,85.47,-85.522,58.911,-96.64764404,156.5239826263253,target-only,0.5,40,1,0,0.210027040666843,0.326615576239701,0.2207524844036714,0.0701496250218858,0.0675726882664285,1,1
experiment_results1.csv,perturbation_run,perturbation_gap,1,2026-04-21T21:01:01+08:00,20260421_210101_587172,controlled_perturbation_study,CTChest,perspective,tp_-85.52_58.91_-96.65,Mid,2,CTChest__perspective__tp_-85.52_58.91_-96.65__shot2_79.61__shot3m3m1_73.60__shot3m3m2_85.47,High,3,79.61,73.6,85.47,-85.522,58.911,-96.64764404,156.5239826263253,target-only,0.5,41,1,0,0.5447578182035208,0.665453157180724,0.7678046670859658,0.0701496250218858,0.0675726882664285,1,1
experiment_results1.csv,perturbation_run,perturbation_gap,1,2026-04-21T21:01:01+08:00,20260421_210101_954234,controlled_perturbation_study,CTChest,perspective,tp_-85.52_58.91_-96.65,Mid,2,CTChest__perspective__tp_-85.52_58.91_-96.65__shot2_79.61__shot3m3m1_73.60__shot3m3m2_85.47,High,3,79.61,73.6,85.47,-85.522,58.911,-96.64764404,156.5239826263253,target-only,0.5,42,1,0,0.5484756714825979,0.4927284825901796,0.3315224559408712,0.0701496250218858,0.0675726882664285,1,1
experiment_results1.csv,perturbation_run,perturbation_gap,1,2026-04-21T21:01:02+08:00,20260421_210102_317936,controlled_perturbation_study,CTChest,perspective,tp_-85.52_58.91_-96.65,Mid,2,CTChest__perspective__tp_-85.52_58.91_-96.65__shot2_79.61__shot3m3m1_73.60__shot3m3m2_85.47,High,3,79.61,73.6,85.47,-85.522,58.911,-96.64764404,156.5239826263253,target-only,0.5,43,1,0,0.5035260148623879,0.7237198887540743,0.6029440236485907,0.0701496250218858,0.0675726882664285,1,1
experiment_results1.csv,perturbation_run,perturbation_gap,1,2026-04-21T21:01:02+08:00,20260421_210102_685324,controlled_perturbation_study,CTChest,perspective,tp_-85.52_58.91_-96.65,Mid,2,CTChest__perspective__tp_-85.52_58.91_-96.65__shot2_79.61__shot3m3m1_73.60__shot3m3m2_85.47,High,3,79.61,73.6,85.47,-85.522,58.911,-96.64764404,156.5239826263253,target-only,0.5,44,1,0,0.3073899429650338,0.7310319113364354,0.5572447664575996,0.0701496250218858,0.0675726882664285,1,1
experiment_results1.csv,perturbation_run,perturbation_gap,1,2026-04-21T21:01:03+08:00,20260421_210103_055280,controlled_perturbation_study,CTChest,perspective,tp_-85.52_58.91_-96.65,Mid,2,CTChest__perspective__tp_-85.52_58.91_-96.65__shot2_79.61__shot3m3m1_73.60__shot3m3m2_85.47,High,3,79.61,73.6,85.47,-85.522,58.911,-96.64764404,156.5239826263253,target-only,0.5,45,1,0,0.5228421577689434,0.8691613952111127,0.3400572688184716,0.0701496250218858,0.0675726882664285,1,1
experiment_results1.csv,perturbation_run,perturbation_gap,1,2026-04-21T21:01:03+08:00,20260421_210103_439833,controlled_perturbation_study,CTChest,perspective,tp_-85.52_58.91_-96.65,Mid,2,CTChest__perspective__tp_-85.52_58.91_-96.65__shot2_79.61__shot3m3m1_73.60__shot3m3m2_85.47,High,3,79.61,73.6,85.47,-85.522,58.911,-96.64764404,156.5239826263253,target-only,0.5,46,1,0,0.5648103001072292,1.0756661159339087,0.357939655274952,0.0701496250218858,0.0675726882664285,1,1
experiment_results1.csv,perturbation_run,perturbation_gap,1,2026-04-21T21:01:03+08:00,20260421_210103_887523,controlled_perturbation_study,CTChest,perspective,tp_-85.52_58.91_-96.65,Mid,2,CTChest__perspective__tp_-85.52_58.91_-96.65__shot2_79.61__shot3m3m1_73.60__shot3m3m2_85.47,High,3,79.61,73.6,85.47,-85.522,58.911,-96.64764404,156.5239826263253,target-only,0.5,47,1,0,0.3358729672106473,0.4408178921012246,0.8984124563873784,0.0701496250218858,0.0675726882664285,1,1
experiment_results1.csv,perturbation_run,perturbation_gap,1,2026-04-21T21:01:04+08:00,20260421_210104_276135,controlled_perturbation_study,CTChest,perspective,tp_-85.52_58.91_-96.65,Mid,2,CTChest__perspective__tp_-85.52_58.91_-96.65__shot2_79.61__shot3m3m1_73.60__shot3m3m2_85.47,High,3,79.61,73.6,85.47,-85.522,58.911,-96.64764404,156.5239826263253,target-only,0.5,48,1,0,0.5062025814534971,0.9815822648298832,0.1954601876499368,0.0701496250218858,0.0675726882664285,1,1
experiment_results1.csv,perturbation_run,perturbation_gap,1,2026-04-21T21:01:04+08:00,20260421_210104_684875,controlled_perturbation_study,CTChest,perspective,tp_-85.52_58.91_-96.65,Mid,2,CTChest__perspective__tp_-85.52_58.91_-96.65__shot2_79.61__shot3m3m1_73.60__shot3m3m2_85.47,High,3,79.61,73.6,85.47,-85.522,58.911,-96.64764404,156.5239826263253,target-only,0.5,49,1,0,0.5663622398129907,1.126951196940052,0.0868534028853059,0.0701496250218858,0.0675726882664285,1,1
experiment_results1.csv,perturbation_run,perturbation_gap,1,2026-04-21T21:01:05+08:00,20260421_210105_093445,controlled_perturbation_study,CTChest,perspective,tp_-85.52_58.91_-96.65,Mid,2,CTChest__perspective__tp_-85.52_58.91_-96.65__shot2_79.61__shot3m3m1_73.60__shot3m3m2_85.47,High,3,79.61,73.6,85.47,-85.522,58.911,-96.64764404,156.5239826263253,target-only,0.5,50,1,0,0.8508675291561869,1.8366975000239527,0.6044096085305325,0.0701496250218858,0.0675726882664285,1,1
experiment_results1.csv,perturbation_run,perturbation_gap,1,2026-04-21T21:01:11+08:00,20260421_210111_833112,controlled_perturbation_study,CTChest,perspective,tp_-85.52_58.91_-96.65,Mid,2,CTChest__perspective__tp_-85.52_58.91_-96.65__shot2_79.61__shot3m3m1_73.60__shot3m3m2_85.47,High,3,79.61,73.6,85.47,-85.522,58.911,-96.64764404,156.5239826263253,target-only,1.0,1,1,0,0.9505423278309284,1.303500402660569,0.8652231212938831,0.0701496250218858,0.0675726882664285,1,1
experiment_results1.csv,perturbation_run,perturbation_gap,1,2026-04-21T21:01:12+08:00,20260421_210112_533079,controlled_perturbation_study,CTChest,perspective,tp_-85.52_58.91_-96.65,Mid,2,CTChest__perspective__tp_-85.52_58.91_-96.65__shot2_79.61__shot3m3m1_73.60__shot3m3m2_85.47,High,3,79.61,73.6,85.47,-85.522,58.911,-96.64764404,156.5239826263253,target-only,1.0,2,1,0,0.8503766670555151,1.648016640059307,0.2257876101252974,0.0701496250218858,0.0675726882664285,1,1
experiment_results1.csv,perturbation_run,perturbation_gap,1,2026-04-21T21:01:12+08:00,20260421_210112_923467,controlled_perturbation_study,CTChest,perspective,tp_-85.52_58.91_-96.65,Mid,2,CTChest__perspective__tp_-85.52_58.91_-96.65__shot2_79.61__shot3m3m1_73.60__shot3m3m2_85.47,High,3,79.61,73.6,85.47,-85.522,58.911,-96.64764404,156.5239826263253,target-only,1.0,3,1,0,0.3502659948818873,0.5360247344949668,0.0274956179295761,0.0701496250218858,0.0675726882664285,1,1
experiment_results1.csv,perturbation_run,perturbation_gap,1,2026-04-21T21:01:13+08:00,20260421_210113_287437,controlled_perturbation_study,CTChest,perspective,tp_-85.52_58.91_-96.65,Mid,2,CTChest__perspective__tp_-85.52_58.91_-96.65__shot2_79.61__shot3m3m1_73.60__shot3m3m2_85.47,High,3,79.61,73.6,85.47,-85.522,58.911,-96.64764404,156.5239826263253,target-only,1.0,4,1,0,0.9779305296459946,1.134938368181189,0.5274302790241829,0.0701496250218858,0.0675726882664285,1,1
experiment_results1.csv,perturbation_run,perturbation_gap,1,2026-04-21T21:01:13+08:00,20260421_210113_658904,controlled_perturbation_study,CTChest,perspective,tp_-85.52_58.91_-96.65,Mid,2,CTChest__perspective__tp_-85.52_58.91_-96.65__shot2_79.61__shot3m3m1_73.60__shot3m3m2_85.47,High,3,79.61,73.6,85.47,-85.522,58.911,-96.64764404,156.5239826263253,target-only,1.0,5,1,0,0.8237892693650704,1.79416614742445,0.1410983280246297,0.0701496250218858,0.0675726882664285,1,1
experiment_results1.csv,perturbation_run,perturbation_gap,1,2026-04-21T21:01:14+08:00,20260421_210114_030104,controlled_perturbation_study,CTChest,perspective,tp_-85.52_58.91_-96.65,Mid,2,CTChest__perspective__tp_-85.52_58.91_-96.65__shot2_79.61__shot3m3m1_73.60__shot3m3m2_85.47,High,3,79.61,73.6,85.47,-85.522,58.911,-96.64764404,156.5239826263253,target-only,1.0,6,1,0,1.3725662727742751,2.891245741042189,0.6663724706001936,0.0701496250218858,0.0675726882664285,1,1
experiment_results1.csv,perturbation_run,perturbation_gap,1,2026-04-21T21:01:14+08:00,20260421_210114_400524,controlled_perturbation_study,CTChest,perspective,tp_-85.52_58.91_-96.65,Mid,2,CTChest__perspective__tp_-85.52_58.91_-96.65__shot2_79.61__shot3m3m1_73.60__shot3m3m2_85.47,High,3,79.61,73.6,85.47,-85.522,58.911,-96.64764404,156.5239826263253,target-only,1.0,7,1,0,0.2780648582780634,0.8149153922734435,0.3396469498884866,0.0701496250218858,0.0675726882664285,1,1
experiment_results1.csv,perturbation_run,perturbation_gap,1,2026-04-21T21:01:14+08:00,20260421_210114_779685,controlled_perturbation_study,CTChest,perspective,tp_-85.52_58.91_-96.65,Mid,2,CTChest__perspective__tp_-85.52_58.91_-96.65__shot2_79.61__shot3m3m1_73.60__shot3m3m2_85.47,High,3,79.61,73.6,85.47,-85.522,58.911,-96.64764404,156.5239826263253,target-only,1.0,8,1,0,0.7056269245903524,1.1519311305207964,1.385924162898122,0.0701496250218858,0.0675726882664285,1,1
experiment_results1.csv,perturbation_run,perturbation_gap,1,2026-04-21T21:01:15+08:00,20260421_210115_164092,controlled_perturbation_study,CTChest,perspective,tp_-85.52_58.91_-96.65,Mid,2,CTChest__perspective__tp_-85.52_58.91_-96.65__shot2_79.61__shot3m3m1_73.60__shot3m3m2_85.47,High,3,79.61,73.6,85.47,-85.522,58.911,-96.64764404,156.5239826263253,target-only,1.0,9,1,0,0.6157710477390818,1.552650300872079,0.3774604110381461,0.0701496250218858,0.0675726882664285,1,1
experiment_results1.csv,perturbation_run,perturbation_gap,1,2026-04-21T21:01:15+08:00,20260421_210115_599200,controlled_perturbation_study,CTChest,perspective,tp_-85.52_58.91_-96.65,Mid,2,CTChest__perspective__tp_-85.52_58.91_-96.65__shot2_79.61__shot3m3m1_73.60__shot3m3m2_85.47,High,3,79.61,73.6,85.47,-85.522,58.911,-96.64764404,156.5239826263253,target-only,1.0,10,1,0,1.5571021083547667,2.9712873370098105,0.5867173875599719,0.0701496250218858,0.0675726882664285,1,1
experiment_results1.csv,perturbation_run,perturbation_gap,1,2026-04-21T21:01:15+08:00,20260421_210115_968247,controlled_perturbation_study,CTChest,perspective,tp_-85.52_58.91_-96.65,Mid,2,CTChest__perspective__tp_-85.52_58.91_-96.65__shot2_79.61__shot3m3m1_73.60__shot3m3m2_85.47,High,3,79.61,73.6,85.47,-85.522,58.911,-96.64764404,156.5239826263253,target-only,1.0,11,1,0,0.8775674394801173,1.6356283552170074,0.477401796322548,0.0701496250218858,0.0675726882664285,1,1
experiment_results1.csv,perturbation_run,perturbation_gap,1,2026-04-21T21:01:16+08:00,20260421_210116_375985,controlled_perturbation_study,CTChest,perspective,tp_-85.52_58.91_-96.65,Mid,2,CTChest__perspective__tp_-85.52_58.91_-96.65__shot2_79.61__shot3m3m1_73.60__shot3m3m2_85.47,High,3,79.61,73.6,85.47,-85.522,58.911,-96.64764404,156.5239826263253,target-only,1.0,12,1,0,1.540277260022527,3.807202502370081,1.094931594454831,0.0701496250218858,0.0675726882664285,1,1
experiment_results1.csv,perturbation_run,perturbation_gap,1,2026-04-21T21:01:16+08:00,20260421_210116_780014,controlled_perturbation_study,CTChest,perspective,tp_-85.52_58.91_-96.65,Mid,2,CTChest__perspective__tp_-85.52_58.91_-96.65__shot2_79.61__shot3m3m1_73.60__shot3m3m2_85.47,High,3,79.61,73.6,85.47,-85.522,58.911,-96.64764404,156.5239826263253,target-only,1.0,13,1,0,2.036312876456776,3.770466092552995,2.204293464567,0.0701496250218858,0.0675726882664285,1,1
experiment_results1.csv,perturbation_run,perturbation_gap,1,2026-04-21T21:01:17+08:00,20260421_210117_192180,controlled_perturbation_study,CTChest,perspective,tp_-85.52_58.91_-96.65,Mid,2,CTChest__perspective__tp_-85.52_58.91_-96.65__shot2_79.61__shot3m3m1_73.60__shot3m3m2_85.47,High,3,79.61,73.6,85.47,-85.522,58.911,-96.64764404,156.5239826263253,target-only,1.0,14,1,0,1.0278742335283595,2.07034352543793,0.9521076522739664,0.0701496250218858,0.0675726882664285,1,1
experiment_results1.csv,perturbation_run,perturbation_gap,1,2026-04-21T21:01:17+08:00,20260421_210117_610284,controlled_perturbation_study,CTChest,perspective,tp_-85.52_58.91_-96.65,Mid,2,CTChest__perspective__tp_-85.52_58.91_-96.65__shot2_79.61__shot3m3m1_73.60__shot3m3m2_85.47,High,3,79.61,73.6,85.47,-85.522,58.911,-96.64764404,156.5239826263253,target-only,1.0,15,1,0,0.298116289052339,0.100536798113505,0.3549129051054627,0.0701496250218858,0.0675726882664285,1,1
experiment_results1.csv,perturbation_run,perturbation_gap,1,2026-04-21T21:01:18+08:00,20260421_210118_022330,controlled_perturbation_study,CTChest,perspective,tp_-85.52_58.91_-96.65,Mid,2,CTChest__perspective__tp_-85.52_58.91_-96.65__shot2_79.61__shot3m3m1_73.60__shot3m3m2_85.47,High,3,79.61,73.6,85.47,-85.522,58.911,-96.64764404,156.5239826263253,target-only,1.0,16,1,0,0.955166067111996,1.7392032996642814,0.5773541489621036,0.0701496250218858,0.0675726882664285,1,1
experiment_results1.csv,perturbation_run,perturbation_gap,1,2026-04-21T21:01:18+08:00,20260421_210118_439142,controlled_perturbation_study,CTChest,perspective,tp_-85.52_58.91_-96.65,Mid,2,CTChest__perspective__tp_-85.52_58.91_-96.65__shot2_79.61__shot3m3m1_73.60__shot3m3m2_85.47,High,3,79.61,73.6,85.47,-85.522,58.911,-96.64764404,156.5239826263253,target-only,1.0,17,1,0,1.1737634042709253,1.148200098603441,1.547629039017064,0.0701496250218858,0.0675726882664285,1,1
experiment_results1.csv,perturbation_run,perturbation_gap,1,2026-04-21T21:01:18+08:00,20260421_210118_872222,controlled_perturbation_study,CTChest,perspective,tp_-85.52_58.91_-96.65,Mid,2,CTChest__perspective__tp_-85.52_58.91_-96.65__shot2_79.61__shot3m3m1_73.60__shot3m3m2_85.47,High,3,79.61,73.6,85.47,-85.522,58.911,-96.64764404,156.5239826263253,target-only,1.0,18,1,0,0.2505884408819246,0.6225818156937817,0.4239137398359712,0.0701496250218858,0.0675726882664285,1,1
experiment_results1.csv,perturbation_run,perturbation_gap,1,2026-04-21T21:01:19+08:00,20260421_210119_305227,controlled_perturbation_study,CTChest,perspective,tp_-85.52_58.91_-96.65,Mid,2,CTChest__perspective__tp_-85.52_58.91_-96.65__shot2_79.61__shot3m3m1_73.60__shot3m3m2_85.47,High,3,79.61,73.6,85.47,-85.522,58.911,-96.64764404,156.5239826263253,target-only,1.0,19,1,0,0.8584989420507233,1.6043839933527717,0.009712847843428,0.0701496250218858,0.0675726882664285,1,1
experiment_results1.csv,perturbation_run,perturbation_gap,1,2026-04-21T21:01:19+08:00,20260421_210119_757023,controlled_perturbation_study,CTChest,perspective,tp_-85.52_58.91_-96.65,Mid,2,CTChest__perspective__tp_-85.52_58.91_-96.65__shot2_79.61__shot3m3m1_73.60__shot3m3m2_85.47,High,3,79.61,73.6,85.47,-85.522,58.911,-96.64764404,156.5239826263253,target-only,1.0,20,1,0,0.2715973719341791,0.8477830013947534,0.57748553121569,0.0701496250218858,0.0675726882664285,1,1
experiment_results1.csv,perturbation_run,perturbation_gap,1,2026-04-21T21:01:20+08:00,20260421_210120_209218,controlled_perturbation_study,CTChest,perspective,tp_-85.52_58.91_-96.65,Mid,2,CTChest__perspective__tp_-85.52_58.91_-96.65__shot2_79.61__shot3m3m1_73.60__shot3m3m2_85.47,High,3,79.61,73.6,85.47,-85.522,58.911,-96.64764404,156.5239826263253,target-only,1.0,21,1,0,1.0952166711851676,1.874244522385221,0.1876334852903889,0.0701496250218858,0.0675726882664285,1,1
experiment_results1.csv,perturbation_run,perturbation_gap,1,2026-04-21T21:01:20+08:00,20260421_210120_666450,controlled_perturbation_study,CTChest,perspective,tp_-85.52_58.91_-96.65,Mid,2,CTChest__perspective__tp_-85.52_58.91_-96.65__shot2_79.61__shot3m3m1_73.60__shot3m3m2_85.47,High,3,79.61,73.6,85.47,-85.522,58.911,-96.64764404,156.5239826263253,target-only,1.0,22,1,0,1.008926505568577,1.113180222094927,0.2270458482036872,0.0701496250218858,0.0675726882664285,1,1
experiment_results1.csv,perturbation_run,perturbation_gap,1,2026-04-21T21:01:21+08:00,20260421_210121_126544,controlled_perturbation_study,CTChest,perspective,tp_-85.52_58.91_-96.65,Mid,2,CTChest__perspective__tp_-85.52_58.91_-96.65__shot2_79.61__shot3m3m1_73.60__shot3m3m2_85.47,High,3,79.61,73.6,85.47,-85.522,58.911,-96.64764404,156.5239826263253,target-only,1.0,23,1,0,1.3033239873319686,3.1107047986977485,0.4505205979504927,0.0701496250218858,0.0675726882664285,1,1
experiment_results1.csv,perturbation_run,perturbation_gap,1,2026-04-21T21:01:21+08:00,20260421_210121_600562,controlled_perturbation_study,CTChest,perspective,tp_-85.52_58.91_-96.65,Mid,2,CTChest__perspective__tp_-85.52_58.91_-96.65__shot2_79.61__shot3m3m1_73.60__shot3m3m2_85.47,High,3,79.61,73.6,85.47,-85.522,58.911,-96.64764404,156.5239826263253,target-only,1.0,24,1,0,1.3719270739591816,2.897790455291787,0.2619248452152251,0.0701496250218858,0.0675726882664285,1,1
experiment_results1.csv,perturbation_run,perturbation_gap,1,2026-04-21T21:01:22+08:00,20260421_210122_080923,controlled_perturbation_study,CTChest,perspective,tp_-85.52_58.91_-96.65,Mid,2,CTChest__perspective__tp_-85.52_58.91_-96.65__shot2_79.61__shot3m3m1_73.60__shot3m3m2_85.47,High,3,79.61,73.6,85.47,-85.522,58.911,-96.64764404,156.5239826263253,target-only,1.0,25,1,0,1.5026186984292649,3.71780111615186,1.021833735991248,0.0701496250218858,0.0675726882664285,1,1
experiment_results1.csv,perturbation_run,perturbation_gap,1,2026-04-21T21:01:22+08:00,20260421_210122_569576,controlled_perturbation_study,CTChest,perspective,tp_-85.52_58.91_-96.65,Mid,2,CTChest__perspective__tp_-85.52_58.91_-96.65__shot2_79.61__shot3m3m1_73.60__shot3m3m2_85.47,High,3,79.61,73.6,85.47,-85.522,58.911,-96.64764404,156.5239826263253,target-only,1.0,26,1,0,0.9251754551731344,2.360956032746629,0.553162965305398,0.0701496250218858,0.0675726882664285,1,1
experiment_results1.csv,perturbation_run,perturbation_gap,1,2026-04-21T21:01:23+08:00,20260421_210123_113733,controlled_perturbation_study,CTChest,perspective,tp_-85.52_58.91_-96.65,Mid,2,CTChest__perspective__tp_-85.52_58.91_-96.65__shot2_79.61__shot3m3m1_73.60__shot3m3m2_85.47,High,3,79.61,73.6,85.47,-85.522,58.911,-96.64764404,156.5239826263253,target-only,1.0,27,1,0,0.6912513671538195,1.2400136755150135,0.5817544586736889,0.0701496250218858,0.0675726882664285,1,1
experiment_results1.csv,perturbation_run,perturbation_gap,1,2026-04-21T21:01:23+08:00,20260421_210123_546144,controlled_perturbation_study,CTChest,perspective,tp_-85.52_58.91_-96.65,Mid,2,CTChest__perspective__tp_-85.52_58.91_-96.65__shot2_79.61__shot3m3m1_73.60__shot3m3m2_85.47,High,3,79.61,73.6,85.47,-85.522,58.911,-96.64764404,156.5239826263253,target-only,1.0,28,1,0,1.055615152947389,2.270087379079451,0.8660076184155048,0.0701496250218858,0.0675726882664285,1,1
experiment_results1.csv,perturbation_run,perturbation_gap,1,2026-04-21T21:01:24+08:00,20260421_210124_030276,controlled_perturbation_study,CTChest,perspective,tp_-85.52_58.91_-96.65,Mid,2,CTChest__perspective__tp_-85.52_58.91_-96.65__shot2_79.61__shot3m3m1_73.60__shot3m3m2_85.47,High,3,79.61,73.6,85.47,-85.522,58.911,-96.64764404,156.5239826263253,target-only,1.0,29,1,0,0.45212290276508,1.0082900049715642,0.3676137980961511,0.0701496250218858,0.0675726882664285,1,1
experiment_results1.csv,perturbation_run,perturbation_gap,1,2026-04-21T21:01:24+08:00,20260421_210124_533299,controlled_perturbation_study,CTChest,perspective,tp_-85.52_58.91_-96.65,Mid,2,CTChest__perspective__tp_-85.52_58.91_-96.65__shot2_79.61__shot3m3m1_73.60__shot3m3m2_85.47,High,3,79.61,73.6,85.47,-85.522,58.911,-96.64764404,156.5239826263253,target-only,1.0,30,1,0,0.921092582576135,1.7998410829749698,0.3951574607232815,0.0701496250218858,0.0675726882664285,1,1
experiment_results1.csv,perturbation_run,perturbation_gap,1,2026-04-21T21:01:25+08:00,20260421_210125_024443,controlled_perturbation_study,CTChest,perspective,tp_-85.52_58.91_-96.65,Mid,2,CTChest__perspective__tp_-85.52_58.91_-96.65__shot2_79.61__shot3m3m1_73.60__shot3m3m2_85.47,High,3,79.61,73.6,85.47,-85.522,58.911,-96.64764404,156.5239826263253,target-only,1.0,31,1,0,0.1762981755816364,0.6691629560062441,0.1725884309309667,0.0701496250218858,0.0675726882664285,1,1
experiment_results1.csv,perturbation_run,perturbation_gap,1,2026-04-21T21:01:25+08:00,20260421_210125_533036,controlled_perturbation_study,CTChest,perspective,tp_-85.52_58.91_-96.65,Mid,2,CTChest__perspective__tp_-85.52_58.91_-96.65__shot2_79.61__shot3m3m1_73.60__shot3m3m2_85.47,High,3,79.61,73.6,85.47,-85.522,58.911,-96.64764404,156.5239826263253,target-only,1.0,32,1,0,0.8204664139458973,0.8906858829683174,1.2013110903633488,0.0701496250218858,0.0675726882664285,1,1
experiment_results1.csv,perturbation_run,perturbation_gap,1,2026-04-21T21:01:26+08:00,20260421_210126_037603,controlled_perturbation_study,CTChest,perspective,tp_-85.52_58.91_-96.65,Mid,2,CTChest__perspective__tp_-85.52_58.91_-96.65__shot2_79.61__shot3m3m1_73.60__shot3m3m2_85.47,High,3,79.61,73.6,85.47,-85.522,58.911,-96.64764404,156.5239826263253,target-only,1.0,33,1,0,1.3350186221202158,2.876211615720297,0.8562015928697473,0.0701496250218858,0.0675726882664285,1,1
experiment_results1.csv,perturbation_run,perturbation_gap,1,2026-04-21T21:01:26+08:00,20260421_210126_546734,controlled_perturbation_study,CTChest,perspective,tp_-85.52_58.91_-96.65,Mid,2,CTChest__perspective__tp_-85.52_58.91_-96.65__shot2_79.61__shot3m3m1_73.60__shot3m3m2_85.47,High,3,79.61,73.6,85.47,-85.522,58.911,-96.64764404,156.5239826263253,target-only,1.0,34,1,0,1.1979200626472069,2.579639856327553,0.3330234149497648,0.0701496250218858,0.0675726882664285,1,1
experiment_results1.csv,perturbation_run,perturbation_gap,1,2026-04-21T21:01:27+08:00,20260421_210127_047207,controlled_perturbation_study,CTChest,perspective,tp_-85.52_58.91_-96.65,Mid,2,CTChest__perspective__tp_-85.52_58.91_-96.65__shot2_79.61__shot3m3m1_73.60__shot3m3m2_85.47,High,3,79.61,73.6,85.47,-85.522,58.911,-96.64764404,156.5239826263253,target-only,1.0,35,1,0,1.26964570355897,2.9259327240629083,0.3772001753128294,0.0701496250218858,0.0675726882664285,1,1
experiment_results1.csv,perturbation_run,perturbation_gap,1,2026-04-21T21:01:27+08:00,20260421_210127_545828,controlled_perturbation_study,CTChest,perspective,tp_-85.52_58.91_-96.65,Mid,2,CTChest__perspective__tp_-85.52_58.91_-96.65__shot2_79.61__shot3m3m1_73.60__shot3m3m2_85.47,High,3,79.61,73.6,85.47,-85.522,58.911,-96.64764404,156.5239826263253,target-only,1.0,36,1,0,0.839545306221089,1.9226364535687,0.1566021142743124,0.0701496250218858,0.0675726882664285,1,1
experiment_results1.csv,perturbation_run,perturbation_gap,1,2026-04-21T21:01:28+08:00,20260421_210128_056415,controlled_perturbation_study,CTChest,perspective,tp_-85.52_58.91_-96.65,Mid,2,CTChest__perspective__tp_-85.52_58.91_-96.65__shot2_79.61__shot3m3m1_73.60__shot3m3m2_85.47,High,3,79.61,73.6,85.47,-85.522,58.911,-96.64764404,156.5239826263253,target-only,1.0,37,1,0,0.4800950001059728,0.9134025575995696,0.0505940476363076,0.0701496250218858,0.0675726882664285,1,1
experiment_results1.csv,perturbation_run,perturbation_gap,1,2026-04-21T21:01:28+08:00,20260421_210128_565886,controlled_perturbation_study,CTChest,perspective,tp_-85.52_58.91_-96.65,Mid,2,CTChest__perspective__tp_-85.52_58.91_-96.65__shot2_79.61__shot3m3m1_73.60__shot3m3m2_85.47,High,3,79.61,73.6,85.47,-85.522,58.911,-96.64764404,156.5239826263253,target-only,1.0,38,1,0,1.3496990979092438,3.1993909757068817,0.9592578442490532,0.0701496250218858,0.0675726882664285,1,1
experiment_results1.csv,perturbation_run,perturbation_gap,1,2026-04-21T21:01:29+08:00,20260421_210129_071336,controlled_perturbation_study,CTChest,perspective,tp_-85.52_58.91_-96.65,Mid,2,CTChest__perspective__tp_-85.52_58.91_-96.65__shot2_79.61__shot3m3m1_73.60__shot3m3m2_85.47,High,3,79.61,73.6,85.47,-85.522,58.911,-96.64764404,156.5239826263253,target-only,1.0,39,1,0,1.7348599410386911,1.523430682538096,1.394439721153046,0.0701496250218858,0.0675726882664285,1,1
experiment_results1.csv,perturbation_run,perturbation_gap,1,2026-04-21T21:01:29+08:00,20260421_210129_589483,controlled_perturbation_study,CTChest,perspective,tp_-85.52_58.91_-96.65,Mid,2,CTChest__perspective__tp_-85.52_58.91_-96.65__shot2_79.61__shot3m3m1_73.60__shot3m3m2_85.47,High,3,79.61,73.6,85.47,-85.522,58.911,-96.64764404,156.5239826263253,target-only,1.0,40,1,0,0.7690301154610617,0.794232804889188,0.6672187079002114,0.0701496250218858,0.0675726882664285,1,1
experiment_results1.csv,perturbation_run,perturbation_gap,1,2026-04-21T21:01:30+08:00,20260421_210130_113651,controlled_perturbation_study,CTChest,perspective,tp_-85.52_58.91_-96.65,Mid,2,CTChest__perspective__tp_-85.52_58.91_-96.65__shot2_79.61__shot3m3m1_73.60__shot3m3m2_85.47,High,3,79.61,73.6,85.47,-85.522,58.911,-96.64764404,156.5239826263253,target-only,1.0,41,1,0,1.4814420266354944,1.933380651166476,1.5655986814608678,0.0701496250218858,0.0675726882664285,1,1
experiment_results1.csv,perturbation_run,perturbation_gap,1,2026-04-21T21:01:30+08:00,20260421_210130_628837,controlled_perturbation_study,CTChest,perspective,tp_-85.52_58.91_-96.65,Mid,2,CTChest__perspective__tp_-85.52_58.91_-96.65__shot2_79.61__shot3m3m1_73.60__shot3m3m2_85.47,High,3,79.61,73.6,85.47,-85.522,58.911,-96.64764404,156.5239826263253,target-only,1.0,42,1,0,1.0666920253526857,2.273960220310406,0.1176896000236351,0.0701496250218858,0.0675726882664285,1,1
experiment_results1.csv,perturbation_run,perturbation_gap,1,2026-04-21T21:01:31+08:00,20260421_210131_142870,controlled_perturbation_study,CTChest,perspective,tp_-85.52_58.91_-96.65,Mid,2,CTChest__perspective__tp_-85.52_58.91_-96.65__shot2_79.61__shot3m3m1_73.60__shot3m3m2_85.47,High,3,79.61,73.6,85.47,-85.522,58.911,-96.64764404,156.5239826263253,target-only,1.0,43,1,0,1.3289857309554205,2.5025331664795307,0.1487064530036683,0.0701496250218858,0.0675726882664285,1,1
experiment_results1.csv,perturbation_run,perturbation_gap,1,2026-04-21T21:01:31+08:00,20260421_210131_658366,controlled_perturbation_study,CTChest,perspective,tp_-85.52_58.91_-96.65,Mid,2,CTChest__perspective__tp_-85.52_58.91_-96.65__shot2_79.61__shot3m3m1_73.60__shot3m3m2_85.47,High,3,79.61,73.6,85.47,-85.522,58.911,-96.64764404,156.5239826263253,target-only,1.0,44,1,0,0.7162369638411131,1.7372594408150668,0.5504205225929687,0.0701496250218858,0.0675726882664285,1,1
experiment_results1.csv,perturbation_run,perturbation_gap,1,2026-04-21T21:01:32+08:00,20260421_210132_168315,controlled_perturbation_study,CTChest,perspective,tp_-85.52_58.91_-96.65,Mid,2,CTChest__perspective__tp_-85.52_58.91_-96.65__shot2_79.61__shot3m3m1_73.60__shot3m3m2_85.47,High,3,79.61,73.6,85.47,-85.522,58.911,-96.64764404,156.5239826263253,target-only,1.0,45,1,0,0.3857984676583983,0.6373935743506378,0.5776198356074611,0.0701496250218858,0.0675726882664285,1,1
experiment_results1.csv,perturbation_run,perturbation_gap,1,2026-04-21T21:01:32+08:00,20260421_210132_703864,controlled_perturbation_study,CTChest,perspective,tp_-85.52_58.91_-96.65,Mid,2,CTChest__perspective__tp_-85.52_58.91_-96.65__shot2_79.61__shot3m3m1_73.60__shot3m3m2_85.47,High,3,79.61,73.6,85.47,-85.522,58.911,-96.64764404,156.5239826263253,target-only,1.0,46,1,0,0.4239805704064661,1.019466112805924,0.5927048735869282,0.0701496250218858,0.0675726882664285,1,1
experiment_results1.csv,perturbation_run,perturbation_gap,1,2026-04-21T21:01:33+08:00,20260421_210133_231128,controlled_perturbation_study,CTChest,perspective,tp_-85.52_58.91_-96.65,Mid,2,CTChest__perspective__tp_-85.52_58.91_-96.65__shot2_79.61__shot3m3m1_73.60__shot3m3m2_85.47,High,3,79.61,73.6,85.47,-85.522,58.911,-96.64764404,156.5239826263253,target-only,1.0,47,1,0,1.0945207354387043,1.925765412314332,0.3266660855655624,0.0701496250218858,0.0675726882664285,1,1
experiment_results1.csv,perturbation_run,perturbation_gap,1,2026-04-21T21:01:33+08:00,20260421_210133_764073,controlled_perturbation_study,CTChest,perspective,tp_-85.52_58.91_-96.65,Mid,2,CTChest__perspective__tp_-85.52_58.91_-96.65__shot2_79.61__shot3m3m1_73.60__shot3m3m2_85.47,High,3,79.61,73.6,85.47,-85.522,58.911,-96.64764404,156.5239826263253,target-only,1.0,48,1,0,1.635801123913449,3.3656231717036613,0.9490608415667856,0.0701496250218858,0.0675726882664285,1,1
experiment_results1.csv,perturbation_run,perturbation_gap,1,2026-04-21T21:01:34+08:00,20260421_210134_300799,controlled_perturbation_study,CTChest,perspective,tp_-85.52_58.91_-96.65,Mid,2,CTChest__perspective__tp_-85.52_58.91_-96.65__shot2_79.61__shot3m3m1_73.60__shot3m3m2_85.47,High,3,79.61,73.6,85.47,-85.522,58.911,-96.64764404,156.5239826263253,target-only,1.0,49,1,0,0.9275340003590188,2.174346539549041,0.6800079451394125,0.0701496250218858,0.0675726882664285,1,1
experiment_results1.csv,perturbation_run,perturbation_gap,1,2026-04-21T21:01:34+08:00,20260421_210134_858609,controlled_perturbation_study,CTChest,perspective,tp_-85.52_58.91_-96.65,Mid,2,CTChest__perspective__tp_-85.52_58.91_-96.65__shot2_79.61__shot3m3m1_73.60__shot3m3m2_85.47,High,3,79.61,73.6,85.47,-85.522,58.911,-96.64764404,156.5239826263253,target-only,1.0,50,1,0,0.8028637247288849,2.0513189290054576,0.2005612300872283,0.0701496250218858,0.0675726882664285,1,1
experiment_results1.csv,perturbation_run,perturbation_gap,1,2026-04-21T21:01:40+08:00,20260421_210140_302198,controlled_perturbation_study,CTChest,perspective,tp_-85.52_58.91_-96.65,Mid,2,CTChest__perspective__tp_-85.52_58.91_-96.65__shot2_79.61__shot3m3m1_73.60__shot3m3m2_85.47,High,3,79.61,73.6,85.47,-85.522,58.911,-96.64764404,156.5239826263253,target-only,2.0,1,1,0,1.6013922212674625,3.824029675804896,1.918715863413702,0.0701496250218858,0.0675726882664285,1,1
experiment_results1.csv,perturbation_run,perturbation_gap,1,2026-04-21T21:01:40+08:00,20260421_210140_799563,controlled_perturbation_study,CTChest,perspective,tp_-85.52_58.91_-96.65,Mid,2,CTChest__perspective__tp_-85.52_58.91_-96.65__shot2_79.61__shot3m3m1_73.60__shot3m3m2_85.47,High,3,79.61,73.6,85.47,-85.522,58.911,-96.64764404,156.5239826263253,target-only,2.0,2,1,0,2.0392810207626413,4.90538324023318,3.552285158270333,0.0701496250218858,0.0675726882664285,1,1
experiment_results1.csv,perturbation_run,perturbation_gap,1,2026-04-21T21:01:41+08:00,20260421_210141_232162,controlled_perturbation_study,CTChest,perspective,tp_-85.52_58.91_-96.65,Mid,2,CTChest__perspective__tp_-85.52_58.91_-96.65__shot2_79.61__shot3m3m1_73.60__shot3m3m2_85.47,High,3,79.61,73.6,85.47,-85.522,58.911,-96.64764404,156.5239826263253,target-only,2.0,3,1,0,1.8133497451216465,3.1774851024499213,0.8139540550550295,0.0701496250218858,0.0675726882664285,1,1
experiment_results1.csv,perturbation_run,perturbation_gap,1,2026-04-21T21:01:41+08:00,20260421_210141_617035,controlled_perturbation_study,CTChest,perspective,tp_-85.52_58.91_-96.65,Mid,2,CTChest__perspective__tp_-85.52_58.91_-96.65__shot2_79.61__shot3m3m1_73.60__shot3m3m2_85.47,High,3,79.61,73.6,85.47,-85.522,58.911,-96.64764404,156.5239826263253,target-only,2.0,4,1,0,0.9552022684861458,1.889870397272872,3.3423002286346617,0.0701496250218858,0.0675726882664285,1,1
experiment_results1.csv,perturbation_run,perturbation_gap,1,2026-04-21T21:01:41+08:00,20260421_210141_984746,controlled_perturbation_study,CTChest,perspective,tp_-85.52_58.91_-96.65,Mid,2,CTChest__perspective__tp_-85.52_58.91_-96.65__shot2_79.61__shot3m3m1_73.60__shot3m3m2_85.47,High,3,79.61,73.6,85.47,-85.522,58.911,-96.64764404,156.5239826263253,target-only,2.0,5,1,0,1.5763856606158806,2.857073816815711,0.0280145257917483,0.0701496250218858,0.0675726882664285,1,1
experiment_results1.csv,perturbation_run,perturbation_gap,1,2026-04-21T21:01:42+08:00,20260421_210142_349085,controlled_perturbation_study,CTChest,perspective,tp_-85.52_58.91_-96.65,Mid,2,CTChest__perspective__tp_-85.52_58.91_-96.65__shot2_79.61__shot3m3m1_73.60__shot3m3m2_85.47,High,3,79.61,73.6,85.47,-85.522,58.911,-96.64764404,156.5239826263253,target-only,2.0,6,1,0,1.5251730829969603,3.4028408129731127,0.8171779492521621,0.0701496250218858,0.0675726882664285,1,1
experiment_results1.csv,perturbation_run,perturbation_gap,1,2026-04-21T21:01:42+08:00,20260421_210142_714910,controlled_perturbation_study,CTChest,perspective,tp_-85.52_58.91_-96.65,Mid,2,CTChest__perspective__tp_-85.52_58.91_-96.65__shot2_79.61__shot3m3m1_73.60__shot3m3m2_85.47,High,3,79.61,73.6,85.47,-85.522,58.911,-96.64764404,156.5239826263253,target-only,2.0,7,1,0,1.771784504588186,3.932670292302218,1.2468853748133055,0.0701496250218858,0.0675726882664285,1,1
experiment_results1.csv,perturbation_run,perturbation_gap,1,2026-04-21T21:01:43+08:00,20260421_210143_088863,controlled_perturbation_study,CTChest,perspective,tp_-85.52_58.91_-96.65,Mid,2,CTChest__perspective__tp_-85.52_58.91_-96.65__shot2_79.61__shot3m3m1_73.60__shot3m3m2_85.47,High,3,79.61,73.6,85.47,-85.522,58.911,-96.64764404,156.5239826263253,target-only,2.0,8,1,0,1.0898942358569936,2.625644559164977,0.4455050443992833,0.0701496250218858,0.0675726882664285,1,1
experiment_results1.csv,perturbation_run,perturbation_gap,1,2026-04-21T21:01:43+08:00,20260421_210143_471049,controlled_perturbation_study,CTChest,perspective,tp_-85.52_58.91_-96.65,Mid,2,CTChest__perspective__tp_-85.52_58.91_-96.65__shot2_79.61__shot3m3m1_73.60__shot3m3m2_85.47,High,3,79.61,73.6,85.47,-85.522,58.911,-96.64764404,156.5239826263253,target-only,2.0,9,1,0,2.7475019941170182,5.883210779544113,2.202801411988138,0.0701496250218858,0.0675726882664285,1,1
experiment_results1.csv,perturbation_run,perturbation_gap,1,2026-04-21T21:01:43+08:00,20260421_210143_794366,controlled_perturbation_study,CTChest,perspective,tp_-85.52_58.91_-96.65,Mid,2,CTChest__perspective__tp_-85.52_58.91_-96.65__shot2_79.61__shot3m3m1_73.60__shot3m3m2_85.47,High,3,79.61,73.6,85.47,-85.522,58.911,-96.64764404,156.5239826263253,target-only,2.0,10,1,0,2.0553112938962785,3.3930645587778656,2.940620650459857,0.0701496250218858,0.0675726882664285,1,1
experiment_results1.csv,perturbation_run,perturbation_gap,1,2026-04-21T21:01:44+08:00,20260421_210144_178062,controlled_perturbation_study,CTChest,perspective,tp_-85.52_58.91_-96.65,Mid,2,CTChest__perspective__tp_-85.52_58.91_-96.65__shot2_79.61__shot3m3m1_73.60__shot3m3m2_85.47,High,3,79.61,73.6,85.47,-85.522,58.911,-96.64764404,156.5239826263253,target-only,2.0,11,1,0,1.275533967462016,2.681613438334007,0.7083113518555215,0.0701496250218858,0.0675726882664285,1,1
experiment_results1.csv,perturbation_run,perturbation_gap,1,2026-04-21T21:01:44+08:00,20260421_210144_568406,controlled_perturbation_study,CTChest,perspective,tp_-85.52_58.91_-96.65,Mid,2,CTChest__perspective__tp_-85.52_58.91_-96.65__shot2_79.61__shot3m3m1_73.60__shot3m3m2_85.47,High,3,79.61,73.6,85.47,-85.522,58.911,-96.64764404,156.5239826263253,target-only,2.0,12,1,0,1.4324298803257849,2.879026655883223,0.9747007979338392,0.0701496250218858,0.0675726882664285,1,1
experiment_results1.csv,perturbation_run,perturbation_gap,1,2026-04-21T21:01:44+08:00,20260421_210144_971623,controlled_perturbation_study,CTChest,perspective,tp_-85.52_58.91_-96.65,Mid,2,CTChest__perspective__tp_-85.52_58.91_-96.65__shot2_79.61__shot3m3m1_73.60__shot3m3m2_85.47,High,3,79.61,73.6,85.47,-85.522,58.911,-96.64764404,156.5239826263253,target-only,2.0,13,1,0,0.9433112636499996,1.0649447068374986,1.047088378487035,0.0701496250218858,0.0675726882664285,1,1
experiment_results1.csv,perturbation_run,perturbation_gap,1,2026-04-21T21:01:45+08:00,20260421_210145_379653,controlled_perturbation_study,CTChest,perspective,tp_-85.52_58.91_-96.65,Mid,2,CTChest__perspective__tp_-85.52_58.91_-96.65__shot2_79.61__shot3m3m1_73.60__shot3m3m2_85.47,High,3,79.61,73.6,85.47,-85.522,58.911,-96.64764404,156.5239826263253,target-only,2.0,14,1,0,1.5450024235970703,3.719889120651674,0.4910345153935786,0.0701496250218858,0.0675726882664285,1,1
experiment_results1.csv,perturbation_run,perturbation_gap,1,2026-04-21T21:01:45+08:00,20260421_210145_801452,controlled_perturbation_study,CTChest,perspective,tp_-85.52_58.91_-96.65,Mid,2,CTChest__perspective__tp_-85.52_58.91_-96.65__shot2_79.61__shot3m3m1_73.60__shot3m3m2_85.47,High,3,79.61,73.6,85.47,-85.522,58.911,-96.64764404,156.5239826263253,target-only,2.0,15,1,0,2.2731931213777505,4.9969729955894,3.3331933535570064,0.0701496250218858,0.0675726882664285,1,1
experiment_results1.csv,perturbation_run,perturbation_gap,1,2026-04-21T21:01:46+08:00,20260421_210146_283757,controlled_perturbation_study,CTChest,perspective,tp_-85.52_58.91_-96.65,Mid,2,CTChest__perspective__tp_-85.52_58.91_-96.65__shot2_79.61__shot3m3m1_73.60__shot3m3m2_85.47,High,3,79.61,73.6,85.47,-85.522,58.911,-96.64764404,156.5239826263253,target-only,2.0,16,1,0,1.6560147738592557,3.4235144927072665,0.7616852369374959,0.0701496250218858,0.0675726882664285,1,1
experiment_results1.csv,perturbation_run,perturbation_gap,1,2026-04-21T21:01:46+08:00,20260421_210146_681009,controlled_perturbation_study,CTChest,perspective,tp_-85.52_58.91_-96.65,Mid,2,CTChest__perspective__tp_-85.52_58.91_-96.65__shot2_79.61__shot3m3m1_73.60__shot3m3m2_85.47,High,3,79.61,73.6,85.47,-85.522,58.911,-96.64764404,156.5239826263253,target-only,2.0,17,1,0,2.1941165018471893,4.253487931159789,3.711358824908924,0.0701496250218858,0.0675726882664285,1,1
experiment_results1.csv,perturbation_run,perturbation_gap,1,2026-04-21T21:01:47+08:00,20260421_210147_130741,controlled_perturbation_study,CTChest,perspective,tp_-85.52_58.91_-96.65,Mid,2,CTChest__perspective__tp_-85.52_58.91_-96.65__shot2_79.61__shot3m3m1_73.60__shot3m3m2_85.47,High,3,79.61,73.6,85.47,-85.522,58.911,-96.64764404,156.5239826263253,target-only,2.0,18,1,0,1.6899573911423138,3.8613116310806994,1.8408190816589327,0.0701496250218858,0.0675726882664285,1,1
experiment_results1.csv,perturbation_run,perturbation_gap,1,2026-04-21T21:01:47+08:00,20260421_210147_587326,controlled_perturbation_study,CTChest,perspective,tp_-85.52_58.91_-96.65,Mid,2,CTChest__perspective__tp_-85.52_58.91_-96.65__shot2_79.61__shot3m3m1_73.60__shot3m3m2_85.47,High,3,79.61,73.6,85.47,-85.522,58.911,-96.64764404,156.5239826263253,target-only,2.0,19,1,0,1.09797363772877,1.8314234474134168,0.155694891972403,0.0701496250218858,0.0675726882664285,1,1
experiment_results1.csv,perturbation_run,perturbation_gap,1,2026-04-21T21:01:48+08:00,20260421_210148_070743,controlled_perturbation_study,CTChest,perspective,tp_-85.52_58.91_-96.65,Mid,2,CTChest__perspective__tp_-85.52_58.91_-96.65__shot2_79.61__shot3m3m1_73.60__shot3m3m2_85.47,High,3,79.61,73.6,85.47,-85.522,58.911,-96.64764404,156.5239826263253,target-only,2.0,20,1,0,1.577387508102502,3.321318138798844,1.3628035413314967,0.0701496250218858,0.0675726882664285,1,1
experiment_results1.csv,perturbation_run,perturbation_gap,1,2026-04-21T21:01:48+08:00,20260421_210148_455880,controlled_perturbation_study,CTChest,perspective,tp_-85.52_58.91_-96.65,Mid,2,CTChest__perspective__tp_-85.52_58.91_-96.65__shot2_79.61__shot3m3m1_73.60__shot3m3m2_85.47,High,3,79.61,73.6,85.47,-85.522,58.911,-96.64764404,156.5239826263253,target-only,2.0,21,1,0,2.888712284978652,5.969220909025653,3.363020040462933,0.0701496250218858,0.0675726882664285,1,1
experiment_results1.csv,perturbation_run,perturbation_gap,1,2026-04-21T21:01:48+08:00,20260421_210148_887738,controlled_perturbation_study,CTChest,perspective,tp_-85.52_58.91_-96.65,Mid,2,CTChest__perspective__tp_-85.52_58.91_-96.65__shot2_79.61__shot3m3m1_73.60__shot3m3m2_85.47,High,3,79.61,73.6,85.47,-85.522,58.911,-96.64764404,156.5239826263253,target-only,2.0,22,1,0,2.581905569345872,5.737390953261007,0.5319365884107281,0.0701496250218858,0.0675726882664285,1,1
experiment_results1.csv,perturbation_run,perturbation_gap,1,2026-04-21T21:01:49+08:00,20260421_210149_258222,controlled_perturbation_study,CTChest,perspective,tp_-85.52_58.91_-96.65,Mid,2,CTChest__perspective__tp_-85.52_58.91_-96.65__shot2_79.61__shot3m3m1_73.60__shot3m3m2_85.47,High,3,79.61,73.6,85.47,-85.522,58.911,-96.64764404,156.5239826263253,target-only,2.0,23,1,0,0.4908113523228649,0.8954684384755022,1.3405588409429432,0.0701496250218858,0.0675726882664285,1,1
experiment_results1.csv,perturbation_run,perturbation_gap,1,2026-04-21T21:01:49+08:00,20260421_210149_647099,controlled_perturbation_study,CTChest,perspective,tp_-85.52_58.91_-96.65,Mid,2,CTChest__perspective__tp_-85.52_58.91_-96.65__shot2_79.61__shot3m3m1_73.60__shot3m3m2_85.47,High,3,79.61,73.6,85.47,-85.522,58.911,-96.64764404,156.5239826263253,target-only,2.0,24,1,0,1.537888513538304,0.8976981868520051,3.804600063629505,0.0701496250218858,0.0675726882664285,1,1
experiment_results1.csv,perturbation_run,perturbation_gap,1,2026-04-21T21:01:50+08:00,20260421_210150_040943,controlled_perturbation_study,CTChest,perspective,tp_-85.52_58.91_-96.65,Mid,2,CTChest__perspective__tp_-85.52_58.91_-96.65__shot2_79.61__shot3m3m1_73.60__shot3m3m2_85.47,High,3,79.61,73.6,85.47,-85.522,58.911,-96.64764404,156.5239826263253,target-only,2.0,25,1,0,1.7019762322523797,4.119491830648345,3.076173588036403,0.0701496250218858,0.0675726882664285,1,1
experiment_results1.csv,perturbation_run,perturbation_gap,1,2026-04-21T21:01:50+08:00,20260421_210150_432678,controlled_perturbation_study,CTChest,perspective,tp_-85.52_58.91_-96.65,Mid,2,CTChest__perspective__tp_-85.52_58.91_-96.65__shot2_79.61__shot3m3m1_73.60__shot3m3m2_85.47,High,3,79.61,73.6,85.47,-85.522,58.911,-96.64764404,156.5239826263253,target-only,2.0,26,1,0,2.980932873481968,6.150515363926264,0.161426156798406,0.0701496250218858,0.0675726882664285,1,1
experiment_results1.csv,perturbation_run,perturbation_gap,1,2026-04-21T21:01:50+08:00,20260421_210150_833195,controlled_perturbation_study,CTChest,perspective,tp_-85.52_58.91_-96.65,Mid,2,CTChest__perspective__tp_-85.52_58.91_-96.65__shot2_79.61__shot3m3m1_73.60__shot3m3m2_85.47,High,3,79.61,73.6,85.47,-85.522,58.911,-96.64764404,156.5239826263253,target-only,2.0,27,1,0,0.7817678421000768,1.2483341700587254,0.2231714785450287,0.0701496250218858,0.0675726882664285,1,1
experiment_results1.csv,perturbation_run,perturbation_gap,1,2026-04-21T21:01:51+08:00,20260421_210151_236790,controlled_perturbation_study,CTChest,perspective,tp_-85.52_58.91_-96.65,Mid,2,CTChest__perspective__tp_-85.52_58.91_-96.65__shot2_79.61__shot3m3m1_73.60__shot3m3m2_85.47,High,3,79.61,73.6,85.47,-85.522,58.911,-96.64764404,156.5239826263253,target-only,2.0,28,1,0,0.5352764239740169,0.1496653018216862,1.317898332669761,0.0701496250218858,0.0675726882664285,1,1
experiment_results1.csv,perturbation_run,perturbation_gap,1,2026-04-21T21:01:51+08:00,20260421_210151_659093,controlled_perturbation_study,CTChest,perspective,tp_-85.52_58.91_-96.65,Mid,2,CTChest__perspective__tp_-85.52_58.91_-96.65__shot2_79.61__shot3m3m1_73.60__shot3m3m2_85.47,High,3,79.61,73.6,85.47,-85.522,58.911,-96.64764404,156.5239826263253,target-only,2.0,29,1,0,1.46727334370388,3.342289700702633,1.404858294399017,0.0701496250218858,0.0675726882664285,1,1
experiment_results1.csv,perturbation_run,perturbation_gap,1,2026-04-21T21:01:52+08:00,20260421_210152_131865,controlled_perturbation_study,CTChest,perspective,tp_-85.52_58.91_-96.65,Mid,2,CTChest__perspective__tp_-85.52_58.91_-96.65__shot2_79.61__shot3m3m1_73.60__shot3m3m2_85.47,High,3,79.61,73.6,85.47,-85.522,58.911,-96.64764404,156.5239826263253,target-only,2.0,30,1,0,1.427271900847625,3.390825037806904,3.1910433919223395,0.0701496250218858,0.0675726882664285,1,1
experiment_results1.csv,perturbation_run,perturbation_gap,1,2026-04-21T21:01:52+08:00,20260421_210152_497478,controlled_perturbation_study,CTChest,perspective,tp_-85.52_58.91_-96.65,Mid,2,CTChest__perspective__tp_-85.52_58.91_-96.65__shot2_79.61__shot3m3m1_73.60__shot3m3m2_85.47,High,3,79.61,73.6,85.47,-85.522,58.911,-96.64764404,156.5239826263253,target-only,2.0,31,1,0,1.819343974871633,3.6049541610371074,0.2341463928491726,0.0701496250218858,0.0675726882664285,1,1
experiment_results1.csv,perturbation_run,perturbation_gap,1,2026-04-21T21:01:52+08:00,20260421_210152_923463,controlled_perturbation_study,CTChest,perspective,tp_-85.52_58.91_-96.65,Mid,2,CTChest__perspective__tp_-85.52_58.91_-96.65__shot2_79.61__shot3m3m1_73.60__shot3m3m2_85.47,High,3,79.61,73.6,85.47,-85.522,58.911,-96.64764404,156.5239826263253,target-only,2.0,32,1,0,1.4104173998479952,2.963348636371926,1.0923040773804524,0.0701496250218858,0.0675726882664285,1,1
experiment_results1.csv,perturbation_run,perturbation_gap,1,2026-04-21T21:01:53+08:00,20260421_210153_365634,controlled_perturbation_study,CTChest,perspective,tp_-85.52_58.91_-96.65,Mid,2,CTChest__perspective__tp_-85.52_58.91_-96.65__shot2_79.61__shot3m3m1_73.60__shot3m3m2_85.47,High,3,79.61,73.6,85.47,-85.522,58.911,-96.64764404,156.5239826263253,target-only,2.0,33,1,0,2.500129816992412,3.4570662508533365,0.5988455863857177,0.0701496250218858,0.0675726882664285,1,1
experiment_results1.csv,perturbation_run,perturbation_gap,1,2026-04-21T21:01:53+08:00,20260421_210153_829134,controlled_perturbation_study,CTChest,perspective,tp_-85.52_58.91_-96.65,Mid,2,CTChest__perspective__tp_-85.52_58.91_-96.65__shot2_79.61__shot3m3m1_73.60__shot3m3m2_85.47,High,3,79.61,73.6,85.47,-85.522,58.911,-96.64764404,156.5239826263253,target-only,2.0,34,1,0,1.319986561156782,3.125254976810009,1.9714273092234795,0.0701496250218858,0.0675726882664285,1,1
experiment_results1.csv,perturbation_run,perturbation_gap,1,2026-04-21T21:01:54+08:00,20260421_210154_281758,controlled_perturbation_study,CTChest,perspective,tp_-85.52_58.91_-96.65,Mid,2,CTChest__perspective__tp_-85.52_58.91_-96.65__shot2_79.61__shot3m3m1_73.60__shot3m3m2_85.47,High,3,79.61,73.6,85.47,-85.522,58.911,-96.64764404,156.5239826263253,target-only,2.0,35,1,0,2.0873011069557803,4.396768213021851,1.0477912029201837,0.0701496250218858,0.0675726882664285,1,1
experiment_results1.csv,perturbation_run,perturbation_gap,1,2026-04-21T21:01:54+08:00,20260421_210154_738510,controlled_perturbation_study,CTChest,perspective,tp_-85.52_58.91_-96.65,Mid,2,CTChest__perspective__tp_-85.52_58.91_-96.65__shot2_79.61__shot3m3m1_73.60__shot3m3m2_85.47,High,3,79.61,73.6,85.47,-85.522,58.911,-96.64764404,156.5239826263253,target-only,2.0,36,1,0,1.1218528868628543,1.4778034022363176,0.952480735428474,0.0701496250218858,0.0675726882664285,1,1
experiment_results1.csv,perturbation_run,perturbation_gap,1,2026-04-21T21:01:55+08:00,20260421_210155_195995,controlled_perturbation_study,CTChest,perspective,tp_-85.52_58.91_-96.65,Mid,2,CTChest__perspective__tp_-85.52_58.91_-96.65__shot2_79.61__shot3m3m1_73.60__shot3m3m2_85.47,High,3,79.61,73.6,85.47,-85.522,58.911,-96.64764404,156.5239826263253,target-only,2.0,37,1,0,2.403315390579204,4.742496430121284,0.6077927872473342,0.0701496250218858,0.0675726882664285,1,1
experiment_results1.csv,perturbation_run,perturbation_gap,1,2026-04-21T21:01:55+08:00,20260421_210155_726432,controlled_perturbation_study,CTChest,perspective,tp_-85.52_58.91_-96.65,Mid,2,CTChest__perspective__tp_-85.52_58.91_-96.65__shot2_79.61__shot3m3m1_73.60__shot3m3m2_85.47,High,3,79.61,73.6,85.47,-85.522,58.911,-96.64764404,156.5239826263253,target-only,2.0,38,1,0,1.2783359165052262,2.567438618952111,0.374905138309602,0.0701496250218858,0.0675726882664285,1,1
experiment_results1.csv,perturbation_run,perturbation_gap,1,2026-04-21T21:01:56+08:00,20260421_210156_205230,controlled_perturbation_study,CTChest,perspective,tp_-85.52_58.91_-96.65,Mid,2,CTChest__perspective__tp_-85.52_58.91_-96.65__shot2_79.61__shot3m3m1_73.60__shot3m3m2_85.47,High,3,79.61,73.6,85.47,-85.522,58.911,-96.64764404,156.5239826263253,target-only,2.0,39,1,0,1.7650111625813456,3.6126079000791225,0.3479352629528467,0.0701496250218858,0.0675726882664285,1,1
experiment_results1.csv,perturbation_run,perturbation_gap,1,2026-04-21T21:01:56+08:00,20260421_210156_698571,controlled_perturbation_study,CTChest,perspective,tp_-85.52_58.91_-96.65,Mid,2,CTChest__perspective__tp_-85.52_58.91_-96.65__shot2_79.61__shot3m3m1_73.60__shot3m3m2_85.47,High,3,79.61,73.6,85.47,-85.522,58.911,-96.64764404,156.5239826263253,target-only,2.0,40,1,0,3.3602892313710333,7.493096647455395,0.7320531313979337,0.0701496250218858,0.0675726882664285,1,1
experiment_results1.csv,perturbation_run,perturbation_gap,1,2026-04-21T21:01:57+08:00,20260421_210157_192176,controlled_perturbation_study,CTChest,perspective,tp_-85.52_58.91_-96.65,Mid,2,CTChest__perspective__tp_-85.52_58.91_-96.65__shot2_79.61__shot3m3m1_73.60__shot3m3m2_85.47,High,3,79.61,73.6,85.47,-85.522,58.911,-96.64764404,156.5239826263253,target-only,2.0,41,1,0,3.115331260068624,7.401698572051393,0.7955859478120161,0.0701496250218858,0.0675726882664285,1,1
experiment_results1.csv,perturbation_run,perturbation_gap,1,2026-04-21T21:01:57+08:00,20260421_210157_679087,controlled_perturbation_study,CTChest,perspective,tp_-85.52_58.91_-96.65,Mid,2,CTChest__perspective__tp_-85.52_58.91_-96.65__shot2_79.61__shot3m3m1_73.60__shot3m3m2_85.47,High,3,79.61,73.6,85.47,-85.522,58.911,-96.64764404,156.5239826263253,target-only,2.0,42,1,0,0.8950340079166154,1.9373480912258816,0.488709621204793,0.0701496250218858,0.0675726882664285,1,1
experiment_results1.csv,perturbation_run,perturbation_gap,1,2026-04-21T21:01:58+08:00,20260421_210158_161564,controlled_perturbation_study,CTChest,perspective,tp_-85.52_58.91_-96.65,Mid,2,CTChest__perspective__tp_-85.52_58.91_-96.65__shot2_79.61__shot3m3m1_73.60__shot3m3m2_85.47,High,3,79.61,73.6,85.47,-85.522,58.911,-96.64764404,156.5239826263253,target-only,2.0,43,1,0,1.418332547933246,2.9293145140007018,0.032223379720251,0.0701496250218858,0.0675726882664285,1,1
experiment_results1.csv,perturbation_run,perturbation_gap,1,2026-04-21T21:01:58+08:00,20260421_210158_651342,controlled_perturbation_study,CTChest,perspective,tp_-85.52_58.91_-96.65,Mid,2,CTChest__perspective__tp_-85.52_58.91_-96.65__shot2_79.61__shot3m3m1_73.60__shot3m3m2_85.47,High,3,79.61,73.6,85.47,-85.522,58.911,-96.64764404,156.5239826263253,target-only,2.0,44,1,0,1.3927109933320774,3.025757249601213,1.5330860028153757,0.0701496250218858,0.0675726882664285,1,1
experiment_results1.csv,perturbation_run,perturbation_gap,1,2026-04-21T21:01:59+08:00,20260421_210159_148932,controlled_perturbation_study,CTChest,perspective,tp_-85.52_58.91_-96.65,Mid,2,CTChest__perspective__tp_-85.52_58.91_-96.65__shot2_79.61__shot3m3m1_73.60__shot3m3m2_85.47,High,3,79.61,73.6,85.47,-85.522,58.911,-96.64764404,156.5239826263253,target-only,2.0,45,1,0,1.287897598847835,2.5877077418043086,1.3946958512481615,0.0701496250218858,0.0675726882664285,1,1
experiment_results1.csv,perturbation_run,perturbation_gap,1,2026-04-21T21:01:59+08:00,20260421_210159_656285,controlled_perturbation_study,CTChest,perspective,tp_-85.52_58.91_-96.65,Mid,2,CTChest__perspective__tp_-85.52_58.91_-96.65__shot2_79.61__shot3m3m1_73.60__shot3m3m2_85.47,High,3,79.61,73.6,85.47,-85.522,58.911,-96.64764404,156.5239826263253,target-only,2.0,46,1,0,2.7051107080231738,4.811840939136211,4.467835397305103,0.0701496250218858,0.0675726882664285,1,1
experiment_results1.csv,perturbation_run,perturbation_gap,1,2026-04-21T21:02:00+08:00,20260421_210200_151233,controlled_perturbation_study,CTChest,perspective,tp_-85.52_58.91_-96.65,Mid,2,CTChest__perspective__tp_-85.52_58.91_-96.65__shot2_79.61__shot3m3m1_73.60__shot3m3m2_85.47,High,3,79.61,73.6,85.47,-85.522,58.911,-96.64764404,156.5239826263253,target-only,2.0,47,1,0,2.187096647843778,4.77274527267009,0.3229377994735282,0.0701496250218858,0.0675726882664285,1,1
experiment_results1.csv,perturbation_run,perturbation_gap,1,2026-04-21T21:02:00+08:00,20260421_210200_657211,controlled_perturbation_study,CTChest,perspective,tp_-85.52_58.91_-96.65,Mid,2,CTChest__perspective__tp_-85.52_58.91_-96.65__shot2_79.61__shot3m3m1_73.60__shot3m3m2_85.47,High,3,79.61,73.6,85.47,-85.522,58.911,-96.64764404,156.5239826263253,target-only,2.0,48,1,0,1.6755615199081169,3.565098544927997,1.376457153745621,0.0701496250218858,0.0675726882664285,1,1
experiment_results1.csv,perturbation_run,perturbation_gap,1,2026-04-21T21:02:01+08:00,20260421_210201_147903,controlled_perturbation_study,CTChest,perspective,tp_-85.52_58.91_-96.65,Mid,2,CTChest__perspective__tp_-85.52_58.91_-96.65__shot2_79.61__shot3m3m1_73.60__shot3m3m2_85.47,High,3,79.61,73.6,85.47,-85.522,58.911,-96.64764404,156.5239826263253,target-only,2.0,49,1,0,1.0860127752171873,2.1330999835653794,1.1932434370472949,0.0701496250218858,0.0675726882664285,1,1
experiment_results1.csv,perturbation_run,perturbation_gap,1,2026-04-21T21:02:01+08:00,20260421_210201_575547,controlled_perturbation_study,CTChest,perspective,tp_-85.52_58.91_-96.65,Mid,2,CTChest__perspective__tp_-85.52_58.91_-96.65__shot2_79.61__shot3m3m1_73.60__shot3m3m2_85.47,High,3,79.61,73.6,85.47,-85.522,58.911,-96.64764404,156.5239826263253,target-only,2.0,50,1,0,1.5676573777240708,3.809287004775056,3.951045432464304,0.0701496250218858,0.0675726882664285,1,1
experiment_results1.csv,perturbation_run,perturbation_gap,1,2026-04-21T21:03:10+08:00,20260421_210310_718305,controlled_perturbation_study,CTChest,perspective,tp_-85.52_58.91_-96.65,Mid,2,CTChest__perspective__tp_-85.52_58.91_-96.65__shot2_46.99__shot3m3m1_43.10__shot3m3m2_67.87,Medium,2,46.99,43.1,67.87,-85.522,58.911,-96.64764404,153.1431742086787,marker-only,0.5,1,1,0,0.319907099962593,0.0303558296632428,0.631933207836487,0.0557062777874991,0.6474099558457014,1,1
experiment_results1.csv,perturbation_run,perturbation_gap,1,2026-04-21T21:03:11+08:00,20260421_210311_066746,controlled_perturbation_study,CTChest,perspective,tp_-85.52_58.91_-96.65,Mid,2,CTChest__perspective__tp_-85.52_58.91_-96.65__shot2_46.99__shot3m3m1_43.10__shot3m3m2_67.87,Medium,2,46.99,43.1,67.87,-85.522,58.911,-96.64764404,153.1431742086787,marker-only,0.5,2,1,0,2.0317944480365484,3.8775038109257314,0.0084074498297165,0.0557062777874991,0.4869819433776228,1,1
experiment_results1.csv,perturbation_run,perturbation_gap,1,2026-04-21T21:03:11+08:00,20260421_210311_460321,controlled_perturbation_study,CTChest,perspective,tp_-85.52_58.91_-96.65,Mid,2,CTChest__perspective__tp_-85.52_58.91_-96.65__shot2_46.99__shot3m3m1_43.10__shot3m3m2_67.87,Medium,2,46.99,43.1,67.87,-85.522,58.911,-96.64764404,153.1431742086787,marker-only,0.5,3,1,0,0.9846057522656296,2.137807652246224,0.961967071551592,0.0557062777874991,0.4858567415567392,1,1
experiment_results1.csv,perturbation_run,perturbation_gap,1,2026-04-21T21:03:11+08:00,20260421_210311_804826,controlled_perturbation_study,CTChest,perspective,tp_-85.52_58.91_-96.65,Mid,2,CTChest__perspective__tp_-85.52_58.91_-96.65__shot2_46.99__shot3m3m1_43.10__shot3m3m2_67.87,Medium,2,46.99,43.1,67.87,-85.522,58.911,-96.64764404,153.1431742086787,marker-only,0.5,4,1,0,1.9214908610983623,2.9082206319906985,1.5639586866226571,0.0557062777874991,0.5498961167157964,1,1
experiment_results1.csv,perturbation_run,perturbation_gap,1,2026-04-21T21:03:12+08:00,20260421_210312_147795,controlled_perturbation_study,CTChest,perspective,tp_-85.52_58.91_-96.65,Mid,2,CTChest__perspective__tp_-85.52_58.91_-96.65__shot2_46.99__shot3m3m1_43.10__shot3m3m2_67.87,Medium,2,46.99,43.1,67.87,-85.522,58.911,-96.64764404,153.1431742086787,marker-only,0.5,5,1,0,2.149491266321405,5.166227778049271,0.4052781925801195,0.0557062777874991,0.5080622977445943,1,1
experiment_results1.csv,perturbation_run,perturbation_gap,1,2026-04-21T21:03:12+08:00,20260421_210312_489670,controlled_perturbation_study,CTChest,perspective,tp_-85.52_58.91_-96.65,Mid,2,CTChest__perspective__tp_-85.52_58.91_-96.65__shot2_46.99__shot3m3m1_43.10__shot3m3m2_67.87,Medium,2,46.99,43.1,67.87,-85.522,58.911,-96.64764404,153.1431742086787,marker-only,0.5,6,1,0,0.587416909143253,0.2539718961900803,0.1855537543885183,0.0557062777874991,0.5880230778933669,1,1
experiment_results1.csv,perturbation_run,perturbation_gap,1,2026-04-21T21:03:12+08:00,20260421_210312_823505,controlled_perturbation_study,CTChest,perspective,tp_-85.52_58.91_-96.65,Mid,2,CTChest__perspective__tp_-85.52_58.91_-96.65__shot2_46.99__shot3m3m1_43.10__shot3m3m2_67.87,Medium,2,46.99,43.1,67.87,-85.522,58.911,-96.64764404,153.1431742086787,marker-only,0.5,7,1,0,2.776953473174288,6.069209060421678,1.136384950472533,0.0557062777874991,0.5390023102873555,1,1
experiment_results1.csv,perturbation_run,perturbation_gap,1,2026-04-21T21:03:13+08:00,20260421_210313_169568,controlled_perturbation_study,CTChest,perspective,tp_-85.52_58.91_-96.65,Mid,2,CTChest__perspective__tp_-85.52_58.91_-96.65__shot2_46.99__shot3m3m1_43.10__shot3m3m2_67.87,Medium,2,46.99,43.1,67.87,-85.522,58.911,-96.64764404,153.1431742086787,marker-only,0.5,8,1,0,0.5241028564664826,1.8888971447947664,0.1104499502523339,0.0557062777874991,0.6528226655975969,1,1
experiment_results1.csv,perturbation_run,perturbation_gap,1,2026-04-21T21:03:13+08:00,20260421_210313_519716,controlled_perturbation_study,CTChest,perspective,tp_-85.52_58.91_-96.65,Mid,2,CTChest__perspective__tp_-85.52_58.91_-96.65__shot2_46.99__shot3m3m1_43.10__shot3m3m2_67.87,Medium,2,46.99,43.1,67.87,-85.522,58.911,-96.64764404,153.1431742086787,marker-only,0.5,9,1,0,0.3653623535153951,1.8514856421002293,0.897416120032174,0.0557062777874991,0.5365451164633827,1,1
experiment_results1.csv,perturbation_run,perturbation_gap,1,2026-04-21T21:03:13+08:00,20260421_210313_875860,controlled_perturbation_study,CTChest,perspective,tp_-85.52_58.91_-96.65,Mid,2,CTChest__perspective__tp_-85.52_58.91_-96.65__shot2_46.99__shot3m3m1_43.10__shot3m3m2_67.87,Medium,2,46.99,43.1,67.87,-85.522,58.911,-96.64764404,153.1431742086787,marker-only,0.5,10,1,0,1.2240344477841174,2.925901464070173,0.1590056798092201,0.0557062777874991,0.534034959801292,1,1
experiment_results1.csv,perturbation_run,perturbation_gap,1,2026-04-21T21:03:14+08:00,20260421_210314_234919,controlled_perturbation_study,CTChest,perspective,tp_-85.52_58.91_-96.65,Mid,2,CTChest__perspective__tp_-85.52_58.91_-96.65__shot2_46.99__shot3m3m1_43.10__shot3m3m2_67.87,Medium,2,46.99,43.1,67.87,-85.522,58.911,-96.64764404,153.1431742086787,marker-only,0.5,11,1,0,0.719707882917884,1.975077786649284,0.6344891072334428,0.0557062777874991,0.6983517210571121,1,1
experiment_results1.csv,perturbation_run,perturbation_gap,1,2026-04-21T21:03:14+08:00,20260421_210314_615183,controlled_perturbation_study,CTChest,perspective,tp_-85.52_58.91_-96.65,Mid,2,CTChest__perspective__tp_-85.52_58.91_-96.65__shot2_46.99__shot3m3m1_43.10__shot3m3m2_67.87,Medium,2,46.99,43.1,67.87,-85.522,58.911,-96.64764404,153.1431742086787,marker-only,0.5,12,1,0,0.7568381847751987,2.026757879584124,0.8676935886603748,0.0557062777874991,0.5722375390044047,1,1
experiment_results1.csv,perturbation_run,perturbation_gap,1,2026-04-21T21:03:14+08:00,20260421_210314_997143,controlled_perturbation_study,CTChest,perspective,tp_-85.52_58.91_-96.65,Mid,2,CTChest__perspective__tp_-85.52_58.91_-96.65__shot2_46.99__shot3m3m1_43.10__shot3m3m2_67.87,Medium,2,46.99,43.1,67.87,-85.522,58.911,-96.64764404,153.1431742086787,marker-only,0.5,13,1,0,0.7814317706552565,2.463933356985808,1.3095612434344042,0.0557062777874991,0.5188736533070784,1,1
experiment_results1.csv,perturbation_run,perturbation_gap,1,2026-04-21T21:03:15+08:00,20260421_210315_388907,controlled_perturbation_study,CTChest,perspective,tp_-85.52_58.91_-96.65,Mid,2,CTChest__perspective__tp_-85.52_58.91_-96.65__shot2_46.99__shot3m3m1_43.10__shot3m3m2_67.87,Medium,2,46.99,43.1,67.87,-85.522,58.911,-96.64764404,153.1431742086787,marker-only,0.5,14,1,0,1.0474479463512418,1.9271325749694823,1.9137812585452108,0.0557062777874991,0.689945046119051,1,1
experiment_results1.csv,perturbation_run,perturbation_gap,1,2026-04-21T21:03:15+08:00,20260421_210315_790684,controlled_perturbation_study,CTChest,perspective,tp_-85.52_58.91_-96.65,Mid,2,CTChest__perspective__tp_-85.52_58.91_-96.65__shot2_46.99__shot3m3m1_43.10__shot3m3m2_67.87,Medium,2,46.99,43.1,67.87,-85.522,58.911,-96.64764404,153.1431742086787,marker-only,0.5,15,1,0,1.4508053348003027,3.6944742749383135,0.9061856628824028,0.0557062777874991,0.6319458511227802,1,1
experiment_results1.csv,perturbation_run,perturbation_gap,1,2026-04-21T21:03:16+08:00,20260421_210316_204761,controlled_perturbation_study,CTChest,perspective,tp_-85.52_58.91_-96.65,Mid,2,CTChest__perspective__tp_-85.52_58.91_-96.65__shot2_46.99__shot3m3m1_43.10__shot3m3m2_67.87,Medium,2,46.99,43.1,67.87,-85.522,58.911,-96.64764404,153.1431742086787,marker-only,0.5,16,1,0,1.622063439958653,3.098265065307225,0.8641916062426818,0.0557062777874991,0.5619574369980912,1,1
experiment_results1.csv,perturbation_run,perturbation_gap,1,2026-04-21T21:03:16+08:00,20260421_210316_639792,controlled_perturbation_study,CTChest,perspective,tp_-85.52_58.91_-96.65,Mid,2,CTChest__perspective__tp_-85.52_58.91_-96.65__shot2_46.99__shot3m3m1_43.10__shot3m3m2_67.87,Medium,2,46.99,43.1,67.87,-85.522,58.911,-96.64764404,153.1431742086787,marker-only,0.5,17,1,0,0.3395368824024043,0.7871742326609134,0.7353269982410708,0.0557062777874991,0.5597542059114987,1,1
experiment_results1.csv,perturbation_run,perturbation_gap,1,2026-04-21T21:03:17+08:00,20260421_210317_084225,controlled_perturbation_study,CTChest,perspective,tp_-85.52_58.91_-96.65,Mid,2,CTChest__perspective__tp_-85.52_58.91_-96.65__shot2_46.99__shot3m3m1_43.10__shot3m3m2_67.87,Medium,2,46.99,43.1,67.87,-85.522,58.911,-96.64764404,153.1431742086787,marker-only,0.5,18,1,0,0.7149595401460507,1.7047786082249707,1.115682981902251,0.0557062777874991,0.6615895531910355,1,1
experiment_results1.csv,perturbation_run,perturbation_gap,1,2026-04-21T21:03:17+08:00,20260421_210317_544337,controlled_perturbation_study,CTChest,perspective,tp_-85.52_58.91_-96.65,Mid,2,CTChest__perspective__tp_-85.52_58.91_-96.65__shot2_46.99__shot3m3m1_43.10__shot3m3m2_67.87,Medium,2,46.99,43.1,67.87,-85.522,58.911,-96.64764404,153.1431742086787,marker-only,0.5,19,1,0,1.4519958626855756,3.7630285463381465,1.3641726535528544,0.0557062777874991,0.6292640928966821,1,1
experiment_results1.csv,perturbation_run,perturbation_gap,1,2026-04-21T21:03:18+08:00,20260421_210318_016039,controlled_perturbation_study,CTChest,perspective,tp_-85.52_58.91_-96.65,Mid,2,CTChest__perspective__tp_-85.52_58.91_-96.65__shot2_46.99__shot3m3m1_43.10__shot3m3m2_67.87,Medium,2,46.99,43.1,67.87,-85.522,58.911,-96.64764404,153.1431742086787,marker-only,0.5,20,1,0,0.5814622733285328,0.1805289102289931,0.5731123023988265,0.0557062777874991,0.5465200319006271,1,1
experiment_results1.csv,perturbation_run,perturbation_gap,1,2026-04-21T21:03:18+08:00,20260421_210318_496369,controlled_perturbation_study,CTChest,perspective,tp_-85.52_58.91_-96.65,Mid,2,CTChest__perspective__tp_-85.52_58.91_-96.65__shot2_46.99__shot3m3m1_43.10__shot3m3m2_67.87,Medium,2,46.99,43.1,67.87,-85.522,58.911,-96.64764404,153.1431742086787,marker-only,0.5,21,1,0,0.84867024151532,2.4441736705482304,0.3997662025796426,0.0557062777874991,0.5949033627577521,1,1
experiment_results1.csv,perturbation_run,perturbation_gap,1,2026-04-21T21:03:18+08:00,20260421_210318_986502,controlled_perturbation_study,CTChest,perspective,tp_-85.52_58.91_-96.65,Mid,2,CTChest__perspective__tp_-85.52_58.91_-96.65__shot2_46.99__shot3m3m1_43.10__shot3m3m2_67.87,Medium,2,46.99,43.1,67.87,-85.522,58.911,-96.64764404,153.1431742086787,marker-only,0.5,22,1,0,1.161017820190269,1.7474929536838173,0.2047647155771781,0.0557062777874991,0.5543792857029478,1,1
experiment_results1.csv,perturbation_run,perturbation_gap,1,2026-04-21T21:03:19+08:00,20260421_210319_541034,controlled_perturbation_study,CTChest,perspective,tp_-85.52_58.91_-96.65,Mid,2,CTChest__perspective__tp_-85.52_58.91_-96.65__shot2_46.99__shot3m3m1_43.10__shot3m3m2_67.87,Medium,2,46.99,43.1,67.87,-85.522,58.911,-96.64764404,153.1431742086787,marker-only,0.5,23,1,0,1.641188746570809,4.821797612523896,0.6555569435027584,0.0557062777874991,0.4681576282027022,1,1
experiment_results1.csv,perturbation_run,perturbation_gap,1,2026-04-21T21:03:20+08:00,20260421_210320_380418,controlled_perturbation_study,CTChest,perspective,tp_-85.52_58.91_-96.65,Mid,2,CTChest__perspective__tp_-85.52_58.91_-96.65__shot2_46.99__shot3m3m1_43.10__shot3m3m2_67.87,Medium,2,46.99,43.1,67.87,-85.522,58.911,-96.64764404,153.1431742086787,marker-only,0.5,24,1,0,1.3192527492381454,2.18947474568741,0.2805504689785154,0.0557062777874991,0.6568579642140108,1,1
experiment_results1.csv,perturbation_run,perturbation_gap,1,2026-04-21T21:03:20+08:00,20260421_210320_780299,controlled_perturbation_study,CTChest,perspective,tp_-85.52_58.91_-96.65,Mid,2,CTChest__perspective__tp_-85.52_58.91_-96.65__shot2_46.99__shot3m3m1_43.10__shot3m3m2_67.87,Medium,2,46.99,43.1,67.87,-85.522,58.911,-96.64764404,153.1431742086787,marker-only,0.5,25,1,0,0.6773460958320214,1.3731449775657094,0.4594299672525149,0.0557062777874991,0.5612492816848415,1,1
experiment_results1.csv,perturbation_run,perturbation_gap,1,2026-04-21T21:03:21+08:00,20260421_210321_181635,controlled_perturbation_study,CTChest,perspective,tp_-85.52_58.91_-96.65,Mid,2,CTChest__perspective__tp_-85.52_58.91_-96.65__shot2_46.99__shot3m3m1_43.10__shot3m3m2_67.87,Medium,2,46.99,43.1,67.87,-85.522,58.911,-96.64764404,153.1431742086787,marker-only,0.5,26,1,0,0.7837596442887886,1.9741113418904328,0.8331191626287612,0.0557062777874991,0.7013926172966741,1,1
experiment_results1.csv,perturbation_run,perturbation_gap,1,2026-04-21T21:03:21+08:00,20260421_210321_591804,controlled_perturbation_study,CTChest,perspective,tp_-85.52_58.91_-96.65,Mid,2,CTChest__perspective__tp_-85.52_58.91_-96.65__shot2_46.99__shot3m3m1_43.10__shot3m3m2_67.87,Medium,2,46.99,43.1,67.87,-85.522,58.911,-96.64764404,153.1431742086787,marker-only,0.5,27,1,0,0.6156239347656598,1.339990382891376,1.136336419589767,0.0557062777874991,0.6234690235868693,1,1
experiment_results1.csv,perturbation_run,perturbation_gap,1,2026-04-21T21:03:22+08:00,20260421_210322_010778,controlled_perturbation_study,CTChest,perspective,tp_-85.52_58.91_-96.65,Mid,2,CTChest__perspective__tp_-85.52_58.91_-96.65__shot2_46.99__shot3m3m1_43.10__shot3m3m2_67.87,Medium,2,46.99,43.1,67.87,-85.522,58.911,-96.64764404,153.1431742086787,marker-only,0.5,28,1,0,0.7983151224858687,1.0058786995781737,0.505124105384104,0.0557062777874991,0.71983715225292,1,1
experiment_results1.csv,perturbation_run,perturbation_gap,1,2026-04-21T21:03:22+08:00,20260421_210322_454531,controlled_perturbation_study,CTChest,perspective,tp_-85.52_58.91_-96.65,Mid,2,CTChest__perspective__tp_-85.52_58.91_-96.65__shot2_46.99__shot3m3m1_43.10__shot3m3m2_67.87,Medium,2,46.99,43.1,67.87,-85.522,58.911,-96.64764404,153.1431742086787,marker-only,0.5,29,1,0,1.2317968427143466,3.192362496012992,0.177877008885944,0.0557062777874991,0.6522336054367602,1,1
experiment_results1.csv,perturbation_run,perturbation_gap,1,2026-04-21T21:03:22+08:00,20260421_210322_909784,controlled_perturbation_study,CTChest,perspective,tp_-85.52_58.91_-96.65,Mid,2,CTChest__perspective__tp_-85.52_58.91_-96.65__shot2_46.99__shot3m3m1_43.10__shot3m3m2_67.87,Medium,2,46.99,43.1,67.87,-85.522,58.911,-96.64764404,153.1431742086787,marker-only,0.5,30,1,0,0.5882245152527923,2.3139055725733915,1.3358709417378862,0.0557062777874991,0.5661795852889181,1,1
experiment_results1.csv,perturbation_run,perturbation_gap,1,2026-04-21T21:03:23+08:00,20260421_210323_380976,controlled_perturbation_study,CTChest,perspective,tp_-85.52_58.91_-96.65,Mid,2,CTChest__perspective__tp_-85.52_58.91_-96.65__shot2_46.99__shot3m3m1_43.10__shot3m3m2_67.87,Medium,2,46.99,43.1,67.87,-85.522,58.911,-96.64764404,153.1431742086787,marker-only,0.5,31,1,0,1.0452624997759792,1.3861757747873746,0.0307155106909763,0.0557062777874991,0.601165979955407,1,1
experiment_results1.csv,perturbation_run,perturbation_gap,1,2026-04-21T21:03:23+08:00,20260421_210323_849812,controlled_perturbation_study,CTChest,perspective,tp_-85.52_58.91_-96.65,Mid,2,CTChest__perspective__tp_-85.52_58.91_-96.65__shot2_46.99__shot3m3m1_43.10__shot3m3m2_67.87,Medium,2,46.99,43.1,67.87,-85.522,58.911,-96.64764404,153.1431742086787,marker-only,0.5,32,1,0,0.6995141832357146,1.95106121770412,0.3265298848735153,0.0557062777874991,0.5269213462758232,1,1
experiment_results1.csv,perturbation_run,perturbation_gap,1,2026-04-21T21:03:24+08:00,20260421_210324_336387,controlled_perturbation_study,CTChest,perspective,tp_-85.52_58.91_-96.65,Mid,2,CTChest__perspective__tp_-85.52_58.91_-96.65__shot2_46.99__shot3m3m1_43.10__shot3m3m2_67.87,Medium,2,46.99,43.1,67.87,-85.522,58.911,-96.64764404,153.1431742086787,marker-only,0.5,33,1,0,0.2918186346142499,1.1762306808529766,1.2234579905387195,0.0557062777874991,0.6114530872648302,1,1
experiment_results1.csv,perturbation_run,perturbation_gap,1,2026-04-21T21:03:24+08:00,20260421_210324_843807,controlled_perturbation_study,CTChest,perspective,tp_-85.52_58.91_-96.65,Mid,2,CTChest__perspective__tp_-85.52_58.91_-96.65__shot2_46.99__shot3m3m1_43.10__shot3m3m2_67.87,Medium,2,46.99,43.1,67.87,-85.522,58.911,-96.64764404,153.1431742086787,marker-only,0.5,34,1,0,0.8113065637901087,1.817984902064044,0.106436039983984,0.0557062777874991,0.5989080188476491,1,1
experiment_results1.csv,perturbation_run,perturbation_gap,1,2026-04-21T21:03:25+08:00,20260421_210325_369473,controlled_perturbation_study,CTChest,perspective,tp_-85.52_58.91_-96.65,Mid,2,CTChest__perspective__tp_-85.52_58.91_-96.65__shot2_46.99__shot3m3m1_43.10__shot3m3m2_67.87,Medium,2,46.99,43.1,67.87,-85.522,58.911,-96.64764404,153.1431742086787,marker-only,0.5,35,1,0,1.142269436264285,3.832725633315132,0.9264688695854472,0.0557062777874991,0.6240402786067238,1,1
experiment_results1.csv,perturbation_run,perturbation_gap,1,2026-04-21T21:03:25+08:00,20260421_210325_893379,controlled_perturbation_study,CTChest,perspective,tp_-85.52_58.91_-96.65,Mid,2,CTChest__perspective__tp_-85.52_58.91_-96.65__shot2_46.99__shot3m3m1_43.10__shot3m3m2_67.87,Medium,2,46.99,43.1,67.87,-85.522,58.911,-96.64764404,153.1431742086787,marker-only,0.5,36,1,0,1.2652913945400035,1.2239711024510895,0.6624444856011085,0.0557062777874991,0.5640059422922735,1,1
experiment_results1.csv,perturbation_run,perturbation_gap,1,2026-04-21T21:03:26+08:00,20260421_210326_411294,controlled_perturbation_study,CTChest,perspective,tp_-85.52_58.91_-96.65,Mid,2,CTChest__perspective__tp_-85.52_58.91_-96.65__shot2_46.99__shot3m3m1_43.10__shot3m3m2_67.87,Medium,2,46.99,43.1,67.87,-85.522,58.911,-96.64764404,153.1431742086787,marker-only,0.5,37,1,0,0.8793793768428677,1.5474182137745551,0.7606170038238237,0.0557062777874991,0.6942538816625027,1,1
experiment_results1.csv,perturbation_run,perturbation_gap,1,2026-04-21T21:03:26+08:00,20260421_210326_921912,controlled_perturbation_study,CTChest,perspective,tp_-85.52_58.91_-96.65,Mid,2,CTChest__perspective__tp_-85.52_58.91_-96.65__shot2_46.99__shot3m3m1_43.10__shot3m3m2_67.87,Medium,2,46.99,43.1,67.87,-85.522,58.911,-96.64764404,153.1431742086787,marker-only,0.5,38,1,0,0.7903450442306189,1.1721625545696457,0.4720293195120886,0.0557062777874991,0.6038773477298484,1,1
experiment_results1.csv,perturbation_run,perturbation_gap,1,2026-04-21T21:03:27+08:00,20260421_210327_442213,controlled_perturbation_study,CTChest,perspective,tp_-85.52_58.91_-96.65,Mid,2,CTChest__perspective__tp_-85.52_58.91_-96.65__shot2_46.99__shot3m3m1_43.10__shot3m3m2_67.87,Medium,2,46.99,43.1,67.87,-85.522,58.911,-96.64764404,153.1431742086787,marker-only,0.5,39,1,0,0.8294943273055612,1.5235866774590034,1.6666175413905449,0.0557062777874991,0.5810757281554729,1,1
experiment_results1.csv,perturbation_run,perturbation_gap,1,2026-04-21T21:03:28+08:00,20260421_210328_017790,controlled_perturbation_study,CTChest,perspective,tp_-85.52_58.91_-96.65,Mid,2,CTChest__perspective__tp_-85.52_58.91_-96.65__shot2_46.99__shot3m3m1_43.10__shot3m3m2_67.87,Medium,2,46.99,43.1,67.87,-85.522,58.911,-96.64764404,153.1431742086787,marker-only,0.5,40,1,0,0.955144451240848,2.561581546041713,0.3156027264947631,0.0557062777874991,0.5451712765240035,1,1
experiment_results1.csv,perturbation_run,perturbation_gap,1,2026-04-21T21:03:28+08:00,20260421_210328_484214,controlled_perturbation_study,CTChest,perspective,tp_-85.52_58.91_-96.65,Mid,2,CTChest__perspective__tp_-85.52_58.91_-96.65__shot2_46.99__shot3m3m1_43.10__shot3m3m2_67.87,Medium,2,46.99,43.1,67.87,-85.522,58.911,-96.64764404,153.1431742086787,marker-only,0.5,41,1,0,0.818480553921477,2.5787583205078173,1.2396753273729575,0.0557062777874991,0.6097387241409908,1,1
experiment_results1.csv,perturbation_run,perturbation_gap,1,2026-04-21T21:03:29+08:00,20260421_210329_011800,controlled_perturbation_study,CTChest,perspective,tp_-85.52_58.91_-96.65,Mid,2,CTChest__perspective__tp_-85.52_58.91_-96.65__shot2_46.99__shot3m3m1_43.10__shot3m3m2_67.87,Medium,2,46.99,43.1,67.87,-85.522,58.911,-96.64764404,153.1431742086787,marker-only,0.5,42,1,0,1.5026074605476227,3.061497761428671,0.8011824261456137,0.0557062777874991,0.6356677850313152,1,1
experiment_results1.csv,perturbation_run,perturbation_gap,1,2026-04-21T21:03:29+08:00,20260421_210329_530964,controlled_perturbation_study,CTChest,perspective,tp_-85.52_58.91_-96.65,Mid,2,CTChest__perspective__tp_-85.52_58.91_-96.65__shot2_46.99__shot3m3m1_43.10__shot3m3m2_67.87,Medium,2,46.99,43.1,67.87,-85.522,58.911,-96.64764404,153.1431742086787,marker-only,0.5,43,1,0,0.6201651073064622,1.545740628468302,0.1678467596176834,0.0557062777874991,0.6493348301830223,1,1
experiment_results1.csv,perturbation_run,perturbation_gap,1,2026-04-21T21:03:30+08:00,20260421_210330_052108,controlled_perturbation_study,CTChest,perspective,tp_-85.52_58.91_-96.65,Mid,2,CTChest__perspective__tp_-85.52_58.91_-96.65__shot2_46.99__shot3m3m1_43.10__shot3m3m2_67.87,Medium,2,46.99,43.1,67.87,-85.522,58.911,-96.64764404,153.1431742086787,marker-only,0.5,44,1,0,1.087918672938588,2.79432098560153,0.4552890173667647,0.0557062777874991,0.6703344569268412,1,1
experiment_results1.csv,perturbation_run,perturbation_gap,1,2026-04-21T21:03:30+08:00,20260421_210330_646593,controlled_perturbation_study,CTChest,perspective,tp_-85.52_58.91_-96.65,Mid,2,CTChest__perspective__tp_-85.52_58.91_-96.65__shot2_46.99__shot3m3m1_43.10__shot3m3m2_67.87,Medium,2,46.99,43.1,67.87,-85.522,58.911,-96.64764404,153.1431742086787,marker-only,0.5,45,1,0,0.4849213443574859,2.2938297912381573,0.3397067686417913,0.0557062777874991,0.7116656575762924,1,1
experiment_results1.csv,perturbation_run,perturbation_gap,1,2026-04-21T21:03:31+08:00,20260421_210331_076386,controlled_perturbation_study,CTChest,perspective,tp_-85.52_58.91_-96.65,Mid,2,CTChest__perspective__tp_-85.52_58.91_-96.65__shot2_46.99__shot3m3m1_43.10__shot3m3m2_67.87,Medium,2,46.99,43.1,67.87,-85.522,58.911,-96.64764404,153.1431742086787,marker-only,0.5,46,1,0,1.4747837678587843,2.4101546635300286,0.8915158883183559,0.0557062777874991,0.4937613496086719,1,1
experiment_results1.csv,perturbation_run,perturbation_gap,1,2026-04-21T21:03:31+08:00,20260421_210331_502043,controlled_perturbation_study,CTChest,perspective,tp_-85.52_58.91_-96.65,Mid,2,CTChest__perspective__tp_-85.52_58.91_-96.65__shot2_46.99__shot3m3m1_43.10__shot3m3m2_67.87,Medium,2,46.99,43.1,67.87,-85.522,58.911,-96.64764404,153.1431742086787,marker-only,0.5,47,1,0,0.6034433121107355,2.250218336098376,0.8890720306647556,0.0557062777874991,0.5741870018992145,1,1
experiment_results1.csv,perturbation_run,perturbation_gap,1,2026-04-21T21:03:31+08:00,20260421_210331_917047,controlled_perturbation_study,CTChest,perspective,tp_-85.52_58.91_-96.65,Mid,2,CTChest__perspective__tp_-85.52_58.91_-96.65__shot2_46.99__shot3m3m1_43.10__shot3m3m2_67.87,Medium,2,46.99,43.1,67.87,-85.522,58.911,-96.64764404,153.1431742086787,marker-only,0.5,48,1,0,2.3569583507460528,4.029529183537945,0.7350083123254875,0.0557062777874991,0.6387307928872666,1,1
experiment_results1.csv,perturbation_run,perturbation_gap,1,2026-04-21T21:03:32+08:00,20260421_210332_315044,controlled_perturbation_study,CTChest,perspective,tp_-85.52_58.91_-96.65,Mid,2,CTChest__perspective__tp_-85.52_58.91_-96.65__shot2_46.99__shot3m3m1_43.10__shot3m3m2_67.87,Medium,2,46.99,43.1,67.87,-85.522,58.911,-96.64764404,153.1431742086787,marker-only,0.5,49,1,0,0.4949948271572213,1.1404113665521969,0.7406416159048553,0.0557062777874991,0.5945502738130212,1,1
experiment_results1.csv,perturbation_run,perturbation_gap,1,2026-04-21T21:03:32+08:00,20260421_210332_663787,controlled_perturbation_study,CTChest,perspective,tp_-85.52_58.91_-96.65,Mid,2,CTChest__perspective__tp_-85.52_58.91_-96.65__shot2_46.99__shot3m3m1_43.10__shot3m3m2_67.87,Medium,2,46.99,43.1,67.87,-85.522,58.911,-96.64764404,153.1431742086787,marker-only,0.5,50,1,0,1.4627892717813191,1.941230714454698,0.0162265322038243,0.0557062777874991,0.5104580467609187,1,1
experiment_results1.csv,perturbation_run,perturbation_gap,1,2026-04-21T21:03:37+08:00,20260421_210337_922888,controlled_perturbation_study,CTChest,perspective,tp_-85.52_58.91_-96.65,Mid,2,CTChest__perspective__tp_-85.52_58.91_-96.65__shot2_46.99__shot3m3m1_43.10__shot3m3m2_67.87,Medium,2,46.99,43.1,67.87,-85.522,58.911,-96.64764404,153.1431742086787,marker-only,1.0,1,1,0,2.848796518921564,8.664545940564478,1.4758960716352068,0.0557062777874991,1.1256680586837091,1,1
experiment_results1.csv,perturbation_run,perturbation_gap,1,2026-04-21T21:03:38+08:00,20260421_210338_263360,controlled_perturbation_study,CTChest,perspective,tp_-85.52_58.91_-96.65,Mid,2,CTChest__perspective__tp_-85.52_58.91_-96.65__shot2_46.99__shot3m3m1_43.10__shot3m3m2_67.87,Medium,2,46.99,43.1,67.87,-85.522,58.911,-96.64764404,153.1431742086787,marker-only,1.0,2,1,0,1.0265350911466344,2.3237302293318023,2.0859545155958514,0.0557062777874991,1.0797951854758503,1,1
experiment_results1.csv,perturbation_run,perturbation_gap,1,2026-04-21T21:03:38+08:00,20260421_210338_608192,controlled_perturbation_study,CTChest,perspective,tp_-85.52_58.91_-96.65,Mid,2,CTChest__perspective__tp_-85.52_58.91_-96.65__shot2_46.99__shot3m3m1_43.10__shot3m3m2_67.87,Medium,2,46.99,43.1,67.87,-85.522,58.911,-96.64764404,153.1431742086787,marker-only,1.0,3,1,0,2.27626387080736,5.714059187477417,1.4367405644578897,0.0557062777874991,0.9572559394443406,1,1
experiment_results1.csv,perturbation_run,perturbation_gap,1,2026-04-21T21:03:38+08:00,20260421_210338_982038,controlled_perturbation_study,CTChest,perspective,tp_-85.52_58.91_-96.65,Mid,2,CTChest__perspective__tp_-85.52_58.91_-96.65__shot2_46.99__shot3m3m1_43.10__shot3m3m2_67.87,Medium,2,46.99,43.1,67.87,-85.522,58.911,-96.64764404,153.1431742086787,marker-only,1.0,4,1,0,2.133186966612535,1.6758077840436714,1.4077913431404625,0.0557062777874991,1.1355270604517005,1,1
experiment_results1.csv,perturbation_run,perturbation_gap,1,2026-04-21T21:03:39+08:00,20260421_210339_318789,controlled_perturbation_study,CTChest,perspective,tp_-85.52_58.91_-96.65,Mid,2,CTChest__perspective__tp_-85.52_58.91_-96.65__shot2_46.99__shot3m3m1_43.10__shot3m3m2_67.87,Medium,2,46.99,43.1,67.87,-85.522,58.911,-96.64764404,153.1431742086787,marker-only,1.0,5,1,0,3.391457833612353,3.641595925973454,2.1905323602291946,0.0557062777874991,1.2268784914657662,1,1
experiment_results1.csv,perturbation_run,perturbation_gap,1,2026-04-21T21:03:39+08:00,20260421_210339_670348,controlled_perturbation_study,CTChest,perspective,tp_-85.52_58.91_-96.65,Mid,2,CTChest__perspective__tp_-85.52_58.91_-96.65__shot2_46.99__shot3m3m1_43.10__shot3m3m2_67.87,Medium,2,46.99,43.1,67.87,-85.522,58.911,-96.64764404,153.1431742086787,marker-only,1.0,6,1,0,2.1930705739495258,2.432671557112938,2.2243524803810586,0.0557062777874991,1.2549967572318448,1,1
experiment_results1.csv,perturbation_run,perturbation_gap,1,2026-04-21T21:03:40+08:00,20260421_210340_012312,controlled_perturbation_study,CTChest,perspective,tp_-85.52_58.91_-96.65,Mid,2,CTChest__perspective__tp_-85.52_58.91_-96.65__shot2_46.99__shot3m3m1_43.10__shot3m3m2_67.87,Medium,2,46.99,43.1,67.87,-85.522,58.911,-96.64764404,153.1431742086787,marker-only,1.0,7,1,0,1.4206818979719993,4.859421516873455,1.3756176784781764,0.0557062777874991,1.1247081894494115,1,1
experiment_results1.csv,perturbation_run,perturbation_gap,1,2026-04-21T21:03:40+08:00,20260421_210340_355986,controlled_perturbation_study,CTChest,perspective,tp_-85.52_58.91_-96.65,Mid,2,CTChest__perspective__tp_-85.52_58.91_-96.65__shot2_46.99__shot3m3m1_43.10__shot3m3m2_67.87,Medium,2,46.99,43.1,67.87,-85.522,58.911,-96.64764404,153.1431742086787,marker-only,1.0,8,1,0,1.6358273210355287,2.364831470283783,2.8876387015024783,0.0557062777874991,1.348310122849264,1,1
experiment_results1.csv,perturbation_run,perturbation_gap,1,2026-04-21T21:03:40+08:00,20260421_210340_701359,controlled_perturbation_study,CTChest,perspective,tp_-85.52_58.91_-96.65,Mid,2,CTChest__perspective__tp_-85.52_58.91_-96.65__shot2_46.99__shot3m3m1_43.10__shot3m3m2_67.87,Medium,2,46.99,43.1,67.87,-85.522,58.911,-96.64764404,153.1431742086787,marker-only,1.0,9,1,0,0.7922252457655647,1.6113372153086032,0.1256398020539568,0.0557062777874991,1.1303200138246237,1,1
experiment_results1.csv,perturbation_run,perturbation_gap,1,2026-04-21T21:03:41+08:00,20260421_210341_060479,controlled_perturbation_study,CTChest,perspective,tp_-85.52_58.91_-96.65,Mid,2,CTChest__perspective__tp_-85.52_58.91_-96.65__shot2_46.99__shot3m3m1_43.10__shot3m3m2_67.87,Medium,2,46.99,43.1,67.87,-85.522,58.911,-96.64764404,153.1431742086787,marker-only,1.0,10,1,0,1.4092615105387534,4.127258077042677,3.184098640698663,0.0557062777874991,1.1460372986763014,1,1
experiment_results1.csv,perturbation_run,perturbation_gap,1,2026-04-21T21:03:41+08:00,20260421_210341_422473,controlled_perturbation_study,CTChest,perspective,tp_-85.52_58.91_-96.65,Mid,2,CTChest__perspective__tp_-85.52_58.91_-96.65__shot2_46.99__shot3m3m1_43.10__shot3m3m2_67.87,Medium,2,46.99,43.1,67.87,-85.522,58.911,-96.64764404,153.1431742086787,marker-only,1.0,11,1,0,2.7177549485259047,5.327247833450246,1.0312724374255826,0.0557062777874991,1.212029836799588,1,1
experiment_results1.csv,perturbation_run,perturbation_gap,1,2026-04-21T21:03:41+08:00,20260421_210341_797611,controlled_perturbation_study,CTChest,perspective,tp_-85.52_58.91_-96.65,Mid,2,CTChest__perspective__tp_-85.52_58.91_-96.65__shot2_46.99__shot3m3m1_43.10__shot3m3m2_67.87,Medium,2,46.99,43.1,67.87,-85.522,58.911,-96.64764404,153.1431742086787,marker-only,1.0,12,1,0,2.285113264105442,4.944866447384759,1.081074768954314,0.0557062777874991,1.396968647114183,1,1
experiment_results1.csv,perturbation_run,perturbation_gap,1,2026-04-21T21:03:42+08:00,20260421_210342_178408,controlled_perturbation_study,CTChest,perspective,tp_-85.52_58.91_-96.65,Mid,2,CTChest__perspective__tp_-85.52_58.91_-96.65__shot2_46.99__shot3m3m1_43.10__shot3m3m2_67.87,Medium,2,46.99,43.1,67.87,-85.522,58.911,-96.64764404,153.1431742086787,marker-only,1.0,13,1,0,0.4474919797710098,1.836955156301585,0.0078606681448062,0.0557062777874991,1.1906912392964435,1,1
experiment_results1.csv,perturbation_run,perturbation_gap,1,2026-04-21T21:03:42+08:00,20260421_210342_572821,controlled_perturbation_study,CTChest,perspective,tp_-85.52_58.91_-96.65,Mid,2,CTChest__perspective__tp_-85.52_58.91_-96.65__shot2_46.99__shot3m3m1_43.10__shot3m3m2_67.87,Medium,2,46.99,43.1,67.87,-85.522,58.911,-96.64764404,153.1431742086787,marker-only,1.0,14,1,0,2.99846151037194,6.223405210795067,0.211246289466563,0.0557062777874991,0.9981032373187864,1,1
experiment_results1.csv,perturbation_run,perturbation_gap,1,2026-04-21T21:03:43+08:00,20260421_210343_031633,controlled_perturbation_study,CTChest,perspective,tp_-85.52_58.91_-96.65,Mid,2,CTChest__perspective__tp_-85.52_58.91_-96.65__shot2_46.99__shot3m3m1_43.10__shot3m3m2_67.87,Medium,2,46.99,43.1,67.87,-85.522,58.911,-96.64764404,153.1431742086787,marker-only,1.0,15,1,0,3.241131513521882,3.2577093187067514,0.0998492443134533,0.0557062777874991,1.204019086707084,1,1
experiment_results1.csv,perturbation_run,perturbation_gap,1,2026-04-21T21:03:43+08:00,20260421_210343_499457,controlled_perturbation_study,CTChest,perspective,tp_-85.52_58.91_-96.65,Mid,2,CTChest__perspective__tp_-85.52_58.91_-96.65__shot2_46.99__shot3m3m1_43.10__shot3m3m2_67.87,Medium,2,46.99,43.1,67.87,-85.522,58.911,-96.64764404,153.1431742086787,marker-only,1.0,16,1,0,0.7320928335415448,2.0385735279480848,0.0785813817824609,0.0557062777874991,1.0738294554847398,1,1
experiment_results1.csv,perturbation_run,perturbation_gap,1,2026-04-21T21:03:43+08:00,20260421_210343_890213,controlled_perturbation_study,CTChest,perspective,tp_-85.52_58.91_-96.65,Mid,2,CTChest__perspective__tp_-85.52_58.91_-96.65__shot2_46.99__shot3m3m1_43.10__shot3m3m2_67.87,Medium,2,46.99,43.1,67.87,-85.522,58.911,-96.64764404,153.1431742086787,marker-only,1.0,17,1,0,1.5410888968717174,3.3412626640377017,2.5031515209694346,0.0557062777874991,1.086156705960112,1,1
experiment_results1.csv,perturbation_run,perturbation_gap,1,2026-04-21T21:03:44+08:00,20260421_210344_334616,controlled_perturbation_study,CTChest,perspective,tp_-85.52_58.91_-96.65,Mid,2,CTChest__perspective__tp_-85.52_58.91_-96.65__shot2_46.99__shot3m3m1_43.10__shot3m3m2_67.87,Medium,2,46.99,43.1,67.87,-85.522,58.911,-96.64764404,153.1431742086787,marker-only,1.0,18,1,0,0.6363558224545032,1.089150085888837,1.1173725698024066,0.0557062777874991,1.1009563653721113,1,1
experiment_results1.csv,perturbation_run,perturbation_gap,1,2026-04-21T21:03:44+08:00,20260421_210344_804064,controlled_perturbation_study,CTChest,perspective,tp_-85.52_58.91_-96.65,Mid,2,CTChest__perspective__tp_-85.52_58.91_-96.65__shot2_46.99__shot3m3m1_43.10__shot3m3m2_67.87,Medium,2,46.99,43.1,67.87,-85.522,58.911,-96.64764404,153.1431742086787,marker-only,1.0,19,1,0,2.016927362240549,3.0028775228960845,3.100250395761127,0.0557062777874991,0.963960133121584,1,1
experiment_results1.csv,perturbation_run,perturbation_gap,1,2026-04-21T21:03:45+08:00,20260421_210345_271782,controlled_perturbation_study,CTChest,perspective,tp_-85.52_58.91_-96.65,Mid,2,CTChest__perspective__tp_-85.52_58.91_-96.65__shot2_46.99__shot3m3m1_43.10__shot3m3m2_67.87,Medium,2,46.99,43.1,67.87,-85.522,58.911,-96.64764404,153.1431742086787,marker-only,1.0,20,1,0,3.0964588090791416,5.070869714305629,2.89799708343193,0.0557062777874991,1.1496819046393825,1,1
experiment_results1.csv,perturbation_run,perturbation_gap,1,2026-04-21T21:03:45+08:00,20260421_210345_758321,controlled_perturbation_study,CTChest,perspective,tp_-85.52_58.91_-96.65,Mid,2,CTChest__perspective__tp_-85.52_58.91_-96.65__shot2_46.99__shot3m3m1_43.10__shot3m3m2_67.87,Medium,2,46.99,43.1,67.87,-85.522,58.911,-96.64764404,153.1431742086787,marker-only,1.0,21,1,0,3.2603063170154414,4.477898568806658,1.7010753494796873,0.0557062777874991,1.0507307944852264,1,1
experiment_results1.csv,perturbation_run,perturbation_gap,1,2026-04-21T21:03:46+08:00,20260421_210346_245930,controlled_perturbation_study,CTChest,perspective,tp_-85.52_58.91_-96.65,Mid,2,CTChest__perspective__tp_-85.52_58.91_-96.65__shot2_46.99__shot3m3m1_43.10__shot3m3m2_67.87,Medium,2,46.99,43.1,67.87,-85.522,58.911,-96.64764404,153.1431742086787,marker-only,1.0,22,1,0,4.460608443352134,9.221758156212331,3.250577505132879,0.0557062777874991,1.211868945992625,1,1
experiment_results1.csv,perturbation_run,perturbation_gap,1,2026-04-21T21:03:46+08:00,20260421_210346_749658,controlled_perturbation_study,CTChest,perspective,tp_-85.52_58.91_-96.65,Mid,2,CTChest__perspective__tp_-85.52_58.91_-96.65__shot2_46.99__shot3m3m1_43.10__shot3m3m2_67.87,Medium,2,46.99,43.1,67.87,-85.522,58.911,-96.64764404,153.1431742086787,marker-only,1.0,23,1,0,2.469655024314655,1.730660014986918,1.97743240622794,0.0557062777874991,1.0287860473287662,1,1
experiment_results1.csv,perturbation_run,perturbation_gap,1,2026-04-21T21:03:47+08:00,20260421_210347_266965,controlled_perturbation_study,CTChest,perspective,tp_-85.52_58.91_-96.65,Mid,2,CTChest__perspective__tp_-85.52_58.91_-96.65__shot2_46.99__shot3m3m1_43.10__shot3m3m2_67.87,Medium,2,46.99,43.1,67.87,-85.522,58.911,-96.64764404,153.1431742086787,marker-only,1.0,24,1,0,0.5542984687425115,0.6872619665589564,0.551123880369376,0.0557062777874991,1.2042768305121738,1,1
experiment_results1.csv,perturbation_run,perturbation_gap,1,2026-04-21T21:03:47+08:00,20260421_210347_780285,controlled_perturbation_study,CTChest,perspective,tp_-85.52_58.91_-96.65,Mid,2,CTChest__perspective__tp_-85.52_58.91_-96.65__shot2_46.99__shot3m3m1_43.10__shot3m3m2_67.87,Medium,2,46.99,43.1,67.87,-85.522,58.911,-96.64764404,153.1431742086787,marker-only,1.0,25,1,0,0.9512977488957296,3.8217796290962536,2.5852090804502605,0.0557062777874991,1.1808164593227948,1,1
experiment_results1.csv,perturbation_run,perturbation_gap,1,2026-04-21T21:03:48+08:00,20260421_210348_291716,controlled_perturbation_study,CTChest,perspective,tp_-85.52_58.91_-96.65,Mid,2,CTChest__perspective__tp_-85.52_58.91_-96.65__shot2_46.99__shot3m3m1_43.10__shot3m3m2_67.87,Medium,2,46.99,43.1,67.87,-85.522,58.911,-96.64764404,153.1431742086787,marker-only,1.0,26,1,0,4.586134178329817,7.728138397220511,0.8148769922090384,0.0557062777874991,1.3591123260641689,1,1
experiment_results1.csv,perturbation_run,perturbation_gap,1,2026-04-21T21:03:48+08:00,20260421_210348_812383,controlled_perturbation_study,CTChest,perspective,tp_-85.52_58.91_-96.65,Mid,2,CTChest__perspective__tp_-85.52_58.91_-96.65__shot2_46.99__shot3m3m1_43.10__shot3m3m2_67.87,Medium,2,46.99,43.1,67.87,-85.522,58.911,-96.64764404,153.1431742086787,marker-only,1.0,27,1,0,1.2172814993586631,3.4547503981120444,2.375672231133388,0.0557062777874991,1.224074115208553,1,1
experiment_results1.csv,perturbation_run,perturbation_gap,1,2026-04-21T21:03:49+08:00,20260421_210349_388678,controlled_perturbation_study,CTChest,perspective,tp_-85.52_58.91_-96.65,Mid,2,CTChest__perspective__tp_-85.52_58.91_-96.65__shot2_46.99__shot3m3m1_43.10__shot3m3m2_67.87,Medium,2,46.99,43.1,67.87,-85.522,58.911,-96.64764404,153.1431742086787,marker-only,1.0,28,1,0,2.140479127729229,2.3769200726637862,0.8296176800173972,0.0557062777874991,1.0555469148061487,1,1
experiment_results1.csv,perturbation_run,perturbation_gap,1,2026-04-21T21:03:49+08:00,20260421_210349_901627,controlled_perturbation_study,CTChest,perspective,tp_-85.52_58.91_-96.65,Mid,2,CTChest__perspective__tp_-85.52_58.91_-96.65__shot2_46.99__shot3m3m1_43.10__shot3m3m2_67.87,Medium,2,46.99,43.1,67.87,-85.522,58.911,-96.64764404,153.1431742086787,marker-only,1.0,29,1,0,0.919261798625034,2.09933207741477,2.03774434535761,0.0557062777874991,0.962567357128609,1,1
experiment_results1.csv,perturbation_run,perturbation_gap,1,2026-04-21T21:03:50+08:00,20260421_210350_407876,controlled_perturbation_study,CTChest,perspective,tp_-85.52_58.91_-96.65,Mid,2,CTChest__perspective__tp_-85.52_58.91_-96.65__shot2_46.99__shot3m3m1_43.10__shot3m3m2_67.87,Medium,2,46.99,43.1,67.87,-85.522,58.911,-96.64764404,153.1431742086787,marker-only,1.0,30,1,0,1.5433686995656497,2.922206640030028,2.3037896145065035,0.0557062777874991,1.2106120981650044,1,1
experiment_results1.csv,perturbation_run,perturbation_gap,1,2026-04-21T21:03:50+08:00,20260421_210350_922159,controlled_perturbation_study,CTChest,perspective,tp_-85.52_58.91_-96.65,Mid,2,CTChest__perspective__tp_-85.52_58.91_-96.65__shot2_46.99__shot3m3m1_43.10__shot3m3m2_67.87,Medium,2,46.99,43.1,67.87,-85.522,58.911,-96.64764404,153.1431742086787,marker-only,1.0,31,1,0,1.9193096348002656,0.7510861852185005,0.0092130627796111,0.0557062777874991,1.1901986857172997,1,1
experiment_results1.csv,perturbation_run,perturbation_gap,1,2026-04-21T21:03:51+08:00,20260421_210351_443328,controlled_perturbation_study,CTChest,perspective,tp_-85.52_58.91_-96.65,Mid,2,CTChest__perspective__tp_-85.52_58.91_-96.65__shot2_46.99__shot3m3m1_43.10__shot3m3m2_67.87,Medium,2,46.99,43.1,67.87,-85.522,58.911,-96.64764404,153.1431742086787,marker-only,1.0,32,1,0,1.889739984523916,3.456270216648773,2.0805198403998864,0.0557062777874991,0.9229803809937698,1,1
experiment_results1.csv,perturbation_run,perturbation_gap,1,2026-04-21T21:03:51+08:00,20260421_210351_965816,controlled_perturbation_study,CTChest,perspective,tp_-85.52_58.91_-96.65,Mid,2,CTChest__perspective__tp_-85.52_58.91_-96.65__shot2_46.99__shot3m3m1_43.10__shot3m3m2_67.87,Medium,2,46.99,43.1,67.87,-85.522,58.911,-96.64764404,153.1431742086787,marker-only,1.0,33,1,0,2.216847520539228,5.171083231421076,2.226884467816741,0.0557062777874991,1.3404193252601555,1,1
experiment_results1.csv,perturbation_run,perturbation_gap,1,2026-04-21T21:03:52+08:00,20260421_210352_473720,controlled_perturbation_study,CTChest,perspective,tp_-85.52_58.91_-96.65,Mid,2,CTChest__perspective__tp_-85.52_58.91_-96.65__shot2_46.99__shot3m3m1_43.10__shot3m3m2_67.87,Medium,2,46.99,43.1,67.87,-85.522,58.911,-96.64764404,153.1431742086787,marker-only,1.0,34,1,0,4.378097133848909,7.622527204589978,3.4145114949951947,0.0557062777874991,1.282707551066072,1,1
experiment_results1.csv,perturbation_run,perturbation_gap,1,2026-04-21T21:03:52+08:00,20260421_210352_994280,controlled_perturbation_study,CTChest,perspective,tp_-85.52_58.91_-96.65,Mid,2,CTChest__perspective__tp_-85.52_58.91_-96.65__shot2_46.99__shot3m3m1_43.10__shot3m3m2_67.87,Medium,2,46.99,43.1,67.87,-85.522,58.911,-96.64764404,153.1431742086787,marker-only,1.0,35,1,0,1.859195949277712,1.10942431907345,1.7153197904986015,0.0557062777874991,1.0378293215096417,1,1
experiment_results1.csv,perturbation_run,perturbation_gap,1,2026-04-21T21:03:53+08:00,20260421_210353_509142,controlled_perturbation_study,CTChest,perspective,tp_-85.52_58.91_-96.65,Mid,2,CTChest__perspective__tp_-85.52_58.91_-96.65__shot2_46.99__shot3m3m1_43.10__shot3m3m2_67.87,Medium,2,46.99,43.1,67.87,-85.522,58.911,-96.64764404,153.1431742086787,marker-only,1.0,36,1,0,3.72078004852098,6.775705720560192,1.0929668243050157,0.0557062777874991,1.0832217222950036,1,1
experiment_results1.csv,perturbation_run,perturbation_gap,1,2026-04-21T21:03:54+08:00,20260421_210354_038695,controlled_perturbation_study,CTChest,perspective,tp_-85.52_58.91_-96.65,Mid,2,CTChest__perspective__tp_-85.52_58.91_-96.65__shot2_46.99__shot3m3m1_43.10__shot3m3m2_67.87,Medium,2,46.99,43.1,67.87,-85.522,58.911,-96.64764404,153.1431742086787,marker-only,1.0,37,1,0,2.1554552143411203,3.61738648582188,0.6019810684554058,0.0557062777874991,1.278103891556328,1,1
experiment_results1.csv,perturbation_run,perturbation_gap,1,2026-04-21T21:03:54+08:00,20260421_210354_555192,controlled_perturbation_study,CTChest,perspective,tp_-85.52_58.91_-96.65,Mid,2,CTChest__perspective__tp_-85.52_58.91_-96.65__shot2_46.99__shot3m3m1_43.10__shot3m3m2_67.87,Medium,2,46.99,43.1,67.87,-85.522,58.911,-96.64764404,153.1431742086787,marker-only,1.0,38,1,0,0.9854791933324772,1.212090494058426,1.322055222260235,0.0557062777874991,1.0839925519495748,1,1
experiment_results1.csv,perturbation_run,perturbation_gap,1,2026-04-21T21:03:55+08:00,20260421_210355_078067,controlled_perturbation_study,CTChest,perspective,tp_-85.52_58.91_-96.65,Mid,2,CTChest__perspective__tp_-85.52_58.91_-96.65__shot2_46.99__shot3m3m1_43.10__shot3m3m2_67.87,Medium,2,46.99,43.1,67.87,-85.522,58.911,-96.64764404,153.1431742086787,marker-only,1.0,39,1,0,3.507220196614198,5.82366898331896,1.7212433068296955,0.0557062777874991,1.3692253599169764,1,1
experiment_results1.csv,perturbation_run,perturbation_gap,1,2026-04-21T21:03:55+08:00,20260421_210355_601313,controlled_perturbation_study,CTChest,perspective,tp_-85.52_58.91_-96.65,Mid,2,CTChest__perspective__tp_-85.52_58.91_-96.65__shot2_46.99__shot3m3m1_43.10__shot3m3m2_67.87,Medium,2,46.99,43.1,67.87,-85.522,58.911,-96.64764404,153.1431742086787,marker-only,1.0,40,1,0,1.095596606162652,2.8919856457977944,1.4183045216432355,0.0557062777874991,0.9308198997705618,1,1
experiment_results1.csv,perturbation_run,perturbation_gap,1,2026-04-21T21:03:56+08:00,20260421_210356_116783,controlled_perturbation_study,CTChest,perspective,tp_-85.52_58.91_-96.65,Mid,2,CTChest__perspective__tp_-85.52_58.91_-96.65__shot2_46.99__shot3m3m1_43.10__shot3m3m2_67.87,Medium,2,46.99,43.1,67.87,-85.522,58.911,-96.64764404,153.1431742086787,marker-only,1.0,41,1,0,3.1412595515269754,3.384535429449198,0.4541895369663706,0.0557062777874991,1.1230222106166734,1,1
experiment_results1.csv,perturbation_run,perturbation_gap,1,2026-04-21T21:03:56+08:00,20260421_210356_631284,controlled_perturbation_study,CTChest,perspective,tp_-85.52_58.91_-96.65,Mid,2,CTChest__perspective__tp_-85.52_58.91_-96.65__shot2_46.99__shot3m3m1_43.10__shot3m3m2_67.87,Medium,2,46.99,43.1,67.87,-85.522,58.911,-96.64764404,153.1431742086787,marker-only,1.0,42,1,0,1.77379870308705,2.672941371863898,0.8389626813535327,0.0557062777874991,1.3652890646223108,1,1
experiment_results1.csv,perturbation_run,perturbation_gap,1,2026-04-21T21:03:57+08:00,20260421_210357_157289,controlled_perturbation_study,CTChest,perspective,tp_-85.52_58.91_-96.65,Mid,2,CTChest__perspective__tp_-85.52_58.91_-96.65__shot2_46.99__shot3m3m1_43.10__shot3m3m2_67.87,Medium,2,46.99,43.1,67.87,-85.522,58.911,-96.64764404,153.1431742086787,marker-only,1.0,43,1,0,0.999406408584154,2.6835194367365425,1.748213829563073,0.0557062777874991,1.165011640911066,1,1
experiment_results1.csv,perturbation_run,perturbation_gap,1,2026-04-21T21:03:57+08:00,20260421_210357_674127,controlled_perturbation_study,CTChest,perspective,tp_-85.52_58.91_-96.65,Mid,2,CTChest__perspective__tp_-85.52_58.91_-96.65__shot2_46.99__shot3m3m1_43.10__shot3m3m2_67.87,Medium,2,46.99,43.1,67.87,-85.522,58.911,-96.64764404,153.1431742086787,marker-only,1.0,44,1,0,4.051244069163808,5.99197093406742,0.8107573619426277,0.0557062777874991,1.1168264199385076,1,1
experiment_results1.csv,perturbation_run,perturbation_gap,1,2026-04-21T21:03:58+08:00,20260421_210358_190500,controlled_perturbation_study,CTChest,perspective,tp_-85.52_58.91_-96.65,Mid,2,CTChest__perspective__tp_-85.52_58.91_-96.65__shot2_46.99__shot3m3m1_43.10__shot3m3m2_67.87,Medium,2,46.99,43.1,67.87,-85.522,58.911,-96.64764404,153.1431742086787,marker-only,1.0,45,1,0,2.5349599577081983,4.140750901332491,0.1415125829208612,0.0557062777874991,1.1587016289572711,1,1
experiment_results1.csv,perturbation_run,perturbation_gap,1,2026-04-21T21:03:58+08:00,20260421_210358_710151,controlled_perturbation_study,CTChest,perspective,tp_-85.52_58.91_-96.65,Mid,2,CTChest__perspective__tp_-85.52_58.91_-96.65__shot2_46.99__shot3m3m1_43.10__shot3m3m2_67.87,Medium,2,46.99,43.1,67.87,-85.522,58.911,-96.64764404,153.1431742086787,marker-only,1.0,46,1,0,1.9550292774833191,4.34767510532351,3.4349704862668275,0.0557062777874991,1.1721394806095524,1,1
experiment_results1.csv,perturbation_run,perturbation_gap,1,2026-04-21T21:03:59+08:00,20260421_210359_225605,controlled_perturbation_study,CTChest,perspective,tp_-85.52_58.91_-96.65,Mid,2,CTChest__perspective__tp_-85.52_58.91_-96.65__shot2_46.99__shot3m3m1_43.10__shot3m3m2_67.87,Medium,2,46.99,43.1,67.87,-85.522,58.911,-96.64764404,153.1431742086787,marker-only,1.0,47,1,0,1.5194351788765903,1.4736569857075226,0.5267937633197667,0.0557062777874991,1.1954740311880083,1,1
experiment_results1.csv,perturbation_run,perturbation_gap,1,2026-04-21T21:03:59+08:00,20260421_210359_748791,controlled_perturbation_study,CTChest,perspective,tp_-85.52_58.91_-96.65,Mid,2,CTChest__perspective__tp_-85.52_58.91_-96.65__shot2_46.99__shot3m3m1_43.10__shot3m3m2_67.87,Medium,2,46.99,43.1,67.87,-85.522,58.911,-96.64764404,153.1431742086787,marker-only,1.0,48,1,0,0.453890165895962,2.5008002910490896,0.9613057756724072,0.0557062777874991,1.4842120563857537,1,1
experiment_results1.csv,perturbation_run,perturbation_gap,1,2026-04-21T21:04:00+08:00,20260421_210400_229934,controlled_perturbation_study,CTChest,perspective,tp_-85.52_58.91_-96.65,Mid,2,CTChest__perspective__tp_-85.52_58.91_-96.65__shot2_46.99__shot3m3m1_43.10__shot3m3m2_67.87,Medium,2,46.99,43.1,67.87,-85.522,58.911,-96.64764404,153.1431742086787,marker-only,1.0,49,1,0,2.304210584420036,5.528381122884857,0.0372543519625167,0.0557062777874991,1.083402246939566,1,1
experiment_results1.csv,perturbation_run,perturbation_gap,1,2026-04-21T21:04:00+08:00,20260421_210400_674479,controlled_perturbation_study,CTChest,perspective,tp_-85.52_58.91_-96.65,Mid,2,CTChest__perspective__tp_-85.52_58.91_-96.65__shot2_46.99__shot3m3m1_43.10__shot3m3m2_67.87,Medium,2,46.99,43.1,67.87,-85.522,58.911,-96.64764404,153.1431742086787,marker-only,1.0,50,1,0,4.002485997092278,9.612288692768796,2.802474585949744,0.0557062777874991,1.1537485679600386,1,1
experiment_results1.csv,perturbation_run,perturbation_gap,1,2026-04-21T21:04:06+08:00,20260421_210406_975427,controlled_perturbation_study,CTChest,perspective,tp_-85.52_58.91_-96.65,Mid,2,CTChest__perspective__tp_-85.52_58.91_-96.65__shot2_46.99__shot3m3m1_43.10__shot3m3m2_67.87,Medium,2,46.99,43.1,67.87,-85.522,58.911,-96.64764404,153.1431742086787,marker-only,2.0,1,1,0,1.0015765124383784,4.080976209263135,0.6540546044328387,0.0557062777874991,1.6233914897629915,1,1
experiment_results1.csv,perturbation_run,perturbation_gap,1,2026-04-21T21:04:07+08:00,20260421_210407_363748,controlled_perturbation_study,CTChest,perspective,tp_-85.52_58.91_-96.65,Mid,2,CTChest__perspective__tp_-85.52_58.91_-96.65__shot2_46.99__shot3m3m1_43.10__shot3m3m2_67.87,Medium,2,46.99,43.1,67.87,-85.522,58.911,-96.64764404,153.1431742086787,marker-only,2.0,2,1,0,2.952074537800541,9.235519963023936,1.1361685992806312,0.0557062777874991,2.4998091980170334,1,1
experiment_results1.csv,perturbation_run,perturbation_gap,1,2026-04-21T21:04:07+08:00,20260421_210407_717569,controlled_perturbation_study,CTChest,perspective,tp_-85.52_58.91_-96.65,Mid,2,CTChest__perspective__tp_-85.52_58.91_-96.65__shot2_46.99__shot3m3m1_43.10__shot3m3m2_67.87,Medium,2,46.99,43.1,67.87,-85.522,58.911,-96.64764404,153.1431742086787,marker-only,2.0,3,1,0,2.848309716928283,3.6628789716172543,1.0595045646321934,0.0557062777874991,2.207404093358105,1,1
experiment_results1.csv,perturbation_run,perturbation_gap,1,2026-04-21T21:04:08+08:00,20260421_210408_065434,controlled_perturbation_study,CTChest,perspective,tp_-85.52_58.91_-96.65,Mid,2,CTChest__perspective__tp_-85.52_58.91_-96.65__shot2_46.99__shot3m3m1_43.10__shot3m3m2_67.87,Medium,2,46.99,43.1,67.87,-85.522,58.911,-96.64764404,153.1431742086787,marker-only,2.0,4,1,0,2.3299860456920647,4.724395573114526,3.177351144908856,0.0557062777874991,2.5420933929954543,1,1
experiment_results1.csv,perturbation_run,perturbation_gap,1,2026-04-21T21:04:08+08:00,20260421_210408_447065,controlled_perturbation_study,CTChest,perspective,tp_-85.52_58.91_-96.65,Mid,2,CTChest__perspective__tp_-85.52_58.91_-96.65__shot2_46.99__shot3m3m1_43.10__shot3m3m2_67.87,Medium,2,46.99,43.1,67.87,-85.522,58.911,-96.64764404,153.1431742086787,marker-only,2.0,5,1,0,2.662416794504127,3.813248581811656,1.8591831024288648,0.0557062777874991,2.008433361117539,1,1
experiment_results1.csv,perturbation_run,perturbation_gap,1,2026-04-21T21:04:08+08:00,20260421_210408_783286,controlled_perturbation_study,CTChest,perspective,tp_-85.52_58.91_-96.65,Mid,2,CTChest__perspective__tp_-85.52_58.91_-96.65__shot2_46.99__shot3m3m1_43.10__shot3m3m2_67.87,Medium,2,46.99,43.1,67.87,-85.522,58.911,-96.64764404,153.1431742086787,marker-only,2.0,6,1,0,4.000918627641011,5.124608106409902,3.169226738002904,0.0557062777874991,2.1099096126036465,1,1
experiment_results1.csv,perturbation_run,perturbation_gap,1,2026-04-21T21:04:09+08:00,20260421_210409_123801,controlled_perturbation_study,CTChest,perspective,tp_-85.52_58.91_-96.65,Mid,2,CTChest__perspective__tp_-85.52_58.91_-96.65__shot2_46.99__shot3m3m1_43.10__shot3m3m2_67.87,Medium,2,46.99,43.1,67.87,-85.522,58.911,-96.64764404,153.1431742086787,marker-only,2.0,7,1,0,0.6551152950639823,2.463739190740098,0.98048305711755,0.0557062777874991,2.201355198887368,1,1
experiment_results1.csv,perturbation_run,perturbation_gap,1,2026-04-21T21:04:09+08:00,20260421_210409_481797,controlled_perturbation_study,CTChest,perspective,tp_-85.52_58.91_-96.65,Mid,2,CTChest__perspective__tp_-85.52_58.91_-96.65__shot2_46.99__shot3m3m1_43.10__shot3m3m2_67.87,Medium,2,46.99,43.1,67.87,-85.522,58.911,-96.64764404,153.1431742086787,marker-only,2.0,8,1,0,5.527595609494401,14.377315503346308,2.7203619517367192,0.0557062777874991,2.37477831618806,1,1
experiment_results1.csv,perturbation_run,perturbation_gap,1,2026-04-21T21:04:09+08:00,20260421_210409_841305,controlled_perturbation_study,CTChest,perspective,tp_-85.52_58.91_-96.65,Mid,2,CTChest__perspective__tp_-85.52_58.91_-96.65__shot2_46.99__shot3m3m1_43.10__shot3m3m2_67.87,Medium,2,46.99,43.1,67.87,-85.522,58.911,-96.64764404,153.1431742086787,marker-only,2.0,9,1,0,5.066017365739938,9.479552998456017,7.907902092467299,0.0557062777874991,2.453532894953692,1,1
experiment_results1.csv,perturbation_run,perturbation_gap,1,2026-04-21T21:04:10+08:00,20260421_210410_207400,controlled_perturbation_study,CTChest,perspective,tp_-85.52_58.91_-96.65,Mid,2,CTChest__perspective__tp_-85.52_58.91_-96.65__shot2_46.99__shot3m3m1_43.10__shot3m3m2_67.87,Medium,2,46.99,43.1,67.87,-85.522,58.911,-96.64764404,153.1431742086787,marker-only,2.0,10,1,0,6.20126685835771,11.388380218824052,2.311220918204887,0.0557062777874991,2.0276900321907,1,1
experiment_results1.csv,perturbation_run,perturbation_gap,1,2026-04-21T21:04:10+08:00,20260421_210410_584755,controlled_perturbation_study,CTChest,perspective,tp_-85.52_58.91_-96.65,Mid,2,CTChest__perspective__tp_-85.52_58.91_-96.65__shot2_46.99__shot3m3m1_43.10__shot3m3m2_67.87,Medium,2,46.99,43.1,67.87,-85.522,58.911,-96.64764404,153.1431742086787,marker-only,2.0,11,1,0,2.007509318264021,3.5716969480027485,0.8923609228010315,0.0557062777874991,2.579658042369352,1,1
experiment_results1.csv,perturbation_run,perturbation_gap,1,2026-04-21T21:04:10+08:00,20260421_210410_964914,controlled_perturbation_study,CTChest,perspective,tp_-85.52_58.91_-96.65,Mid,2,CTChest__perspective__tp_-85.52_58.91_-96.65__shot2_46.99__shot3m3m1_43.10__shot3m3m2_67.87,Medium,2,46.99,43.1,67.87,-85.522,58.911,-96.64764404,153.1431742086787,marker-only,2.0,12,1,0,4.40545052215435,13.170033782685511,4.8611912939428885,0.0557062777874991,2.1538262909945227,1,1
experiment_results1.csv,perturbation_run,perturbation_gap,1,2026-04-21T21:04:11+08:00,20260421_210411_364087,controlled_perturbation_study,CTChest,perspective,tp_-85.52_58.91_-96.65,Mid,2,CTChest__perspective__tp_-85.52_58.91_-96.65__shot2_46.99__shot3m3m1_43.10__shot3m3m2_67.87,Medium,2,46.99,43.1,67.87,-85.522,58.911,-96.64764404,153.1431742086787,marker-only,2.0,13,1,0,2.397920388025096,5.065764580931144,1.4536434642178204,0.0557062777874991,2.080227836511727,1,1
experiment_results1.csv,perturbation_run,perturbation_gap,1,2026-04-21T21:04:11+08:00,20260421_210411_778394,controlled_perturbation_study,CTChest,perspective,tp_-85.52_58.91_-96.65,Mid,2,CTChest__perspective__tp_-85.52_58.91_-96.65__shot2_46.99__shot3m3m1_43.10__shot3m3m2_67.87,Medium,2,46.99,43.1,67.87,-85.522,58.911,-96.64764404,153.1431742086787,marker-only,2.0,14,1,0,1.6675963960882942,10.478114776858776,1.8244908197426888,0.0557062777874991,2.553849061355232,1,1
experiment_results1.csv,perturbation_run,perturbation_gap,1,2026-04-21T21:04:12+08:00,20260421_210412_205489,controlled_perturbation_study,CTChest,perspective,tp_-85.52_58.91_-96.65,Mid,2,CTChest__perspective__tp_-85.52_58.91_-96.65__shot2_46.99__shot3m3m1_43.10__shot3m3m2_67.87,Medium,2,46.99,43.1,67.87,-85.522,58.911,-96.64764404,153.1431742086787,marker-only,2.0,15,1,0,3.966938628731213,7.171206130273236,2.971386716960576,0.0557062777874991,2.0922483894583728,1,1
experiment_results1.csv,perturbation_run,perturbation_gap,1,2026-04-21T21:04:12+08:00,20260421_210412_656972,controlled_perturbation_study,CTChest,perspective,tp_-85.52_58.91_-96.65,Mid,2,CTChest__perspective__tp_-85.52_58.91_-96.65__shot2_46.99__shot3m3m1_43.10__shot3m3m2_67.87,Medium,2,46.99,43.1,67.87,-85.522,58.911,-96.64764404,153.1431742086787,marker-only,2.0,16,1,0,6.215306031060952,10.301763895346152,2.441579553442689,0.0557062777874991,2.5994483764176324,1,1
experiment_results1.csv,perturbation_run,perturbation_gap,1,2026-04-21T21:04:13+08:00,20260421_210413_105916,controlled_perturbation_study,CTChest,perspective,tp_-85.52_58.91_-96.65,Mid,2,CTChest__perspective__tp_-85.52_58.91_-96.65__shot2_46.99__shot3m3m1_43.10__shot3m3m2_67.87,Medium,2,46.99,43.1,67.87,-85.522,58.911,-96.64764404,153.1431742086787,marker-only,2.0,17,1,0,3.27117936801624,8.057822926542894,6.611737307430487,0.0557062777874991,2.4298036744412044,1,1
experiment_results1.csv,perturbation_run,perturbation_gap,1,2026-04-21T21:04:13+08:00,20260421_210413_571543,controlled_perturbation_study,CTChest,perspective,tp_-85.52_58.91_-96.65,Mid,2,CTChest__perspective__tp_-85.52_58.91_-96.65__shot2_46.99__shot3m3m1_43.10__shot3m3m2_67.87,Medium,2,46.99,43.1,67.87,-85.522,58.911,-96.64764404,153.1431742086787,marker-only,2.0,18,1,0,1.2190765994702697,2.7258065744650537,3.067290715354499,0.0557062777874991,2.346827390693344,1,1
experiment_results1.csv,perturbation_run,perturbation_gap,1,2026-04-21T21:04:14+08:00,20260421_210414_042851,controlled_perturbation_study,CTChest,perspective,tp_-85.52_58.91_-96.65,Mid,2,CTChest__perspective__tp_-85.52_58.91_-96.65__shot2_46.99__shot3m3m1_43.10__shot3m3m2_67.87,Medium,2,46.99,43.1,67.87,-85.522,58.911,-96.64764404,153.1431742086787,marker-only,2.0,19,1,0,3.77144209095144,8.473367205086562,0.2806415954997392,0.0557062777874991,2.231333303382676,1,1
experiment_results1.csv,perturbation_run,perturbation_gap,1,2026-04-21T21:04:14+08:00,20260421_210414_534215,controlled_perturbation_study,CTChest,perspective,tp_-85.52_58.91_-96.65,Mid,2,CTChest__perspective__tp_-85.52_58.91_-96.65__shot2_46.99__shot3m3m1_43.10__shot3m3m2_67.87,Medium,2,46.99,43.1,67.87,-85.522,58.911,-96.64764404,153.1431742086787,marker-only,2.0,20,1,0,4.494472236560282,9.026159077299251,4.272681082145736,0.0557062777874991,2.035748199977419,1,1
experiment_results1.csv,perturbation_run,perturbation_gap,1,2026-04-21T21:04:15+08:00,20260421_210415_020296,controlled_perturbation_study,CTChest,perspective,tp_-85.52_58.91_-96.65,Mid,2,CTChest__perspective__tp_-85.52_58.91_-96.65__shot2_46.99__shot3m3m1_43.10__shot3m3m2_67.87,Medium,2,46.99,43.1,67.87,-85.522,58.911,-96.64764404,153.1431742086787,marker-only,2.0,21,1,0,2.7448532473122915,12.961612464245828,1.0327104852523,0.0557062777874991,2.025055421853491,1,1
experiment_results1.csv,perturbation_run,perturbation_gap,1,2026-04-21T21:04:15+08:00,20260421_210415_517602,controlled_perturbation_study,CTChest,perspective,tp_-85.52_58.91_-96.65,Mid,2,CTChest__perspective__tp_-85.52_58.91_-96.65__shot2_46.99__shot3m3m1_43.10__shot3m3m2_67.87,Medium,2,46.99,43.1,67.87,-85.522,58.911,-96.64764404,153.1431742086787,marker-only,2.0,22,1,0,5.142532045419276,7.299269211461789,7.736480468573685,0.0557062777874991,1.9024149601042808,1,1
experiment_results1.csv,perturbation_run,perturbation_gap,1,2026-04-21T21:04:16+08:00,20260421_210416_018566,controlled_perturbation_study,CTChest,perspective,tp_-85.52_58.91_-96.65,Mid,2,CTChest__perspective__tp_-85.52_58.91_-96.65__shot2_46.99__shot3m3m1_43.10__shot3m3m2_67.87,Medium,2,46.99,43.1,67.87,-85.522,58.911,-96.64764404,153.1431742086787,marker-only,2.0,23,1,0,3.12907497406945,8.17626790583859,0.8588773885097823,0.0557062777874991,1.933220858573541,1,1
experiment_results1.csv,perturbation_run,perturbation_gap,1,2026-04-21T21:04:16+08:00,20260421_210416_534151,controlled_perturbation_study,CTChest,perspective,tp_-85.52_58.91_-96.65,Mid,2,CTChest__perspective__tp_-85.52_58.91_-96.65__shot2_46.99__shot3m3m1_43.10__shot3m3m2_67.87,Medium,2,46.99,43.1,67.87,-85.522,58.911,-96.64764404,153.1431742086787,marker-only,2.0,24,1,0,1.921768542567828,3.6294862166627055,5.536847748019259,0.0557062777874991,2.405272622670989,1,1
experiment_results1.csv,perturbation_run,perturbation_gap,1,2026-04-21T21:04:17+08:00,20260421_210417_047446,controlled_perturbation_study,CTChest,perspective,tp_-85.52_58.91_-96.65,Mid,2,CTChest__perspective__tp_-85.52_58.91_-96.65__shot2_46.99__shot3m3m1_43.10__shot3m3m2_67.87,Medium,2,46.99,43.1,67.87,-85.522,58.911,-96.64764404,153.1431742086787,marker-only,2.0,25,1,0,2.153149114959401,8.490589513078127,4.345135436545173,0.0557062777874991,2.3569835391849243,1,1
experiment_results1.csv,perturbation_run,perturbation_gap,1,2026-04-21T21:04:17+08:00,20260421_210417_553828,controlled_perturbation_study,CTChest,perspective,tp_-85.52_58.91_-96.65,Mid,2,CTChest__perspective__tp_-85.52_58.91_-96.65__shot2_46.99__shot3m3m1_43.10__shot3m3m2_67.87,Medium,2,46.99,43.1,67.87,-85.522,58.911,-96.64764404,153.1431742086787,marker-only,2.0,26,1,0,5.912169257899919,36.24028550106106,5.976490260576491,0.0557062777874991,2.970373418791646,1,1
experiment_results1.csv,perturbation_run,perturbation_gap,1,2026-04-21T21:04:18+08:00,20260421_210418_124611,controlled_perturbation_study,CTChest,perspective,tp_-85.52_58.91_-96.65,Mid,2,CTChest__perspective__tp_-85.52_58.91_-96.65__shot2_46.99__shot3m3m1_43.10__shot3m3m2_67.87,Medium,2,46.99,43.1,67.87,-85.522,58.911,-96.64764404,153.1431742086787,marker-only,2.0,27,1,0,7.7754419667635215,19.337376982863965,0.0904041792906613,0.0557062777874991,1.8932588090092792,1,1
experiment_results1.csv,perturbation_run,perturbation_gap,1,2026-04-21T21:04:18+08:00,20260421_210418_577762,controlled_perturbation_study,CTChest,perspective,tp_-85.52_58.91_-96.65,Mid,2,CTChest__perspective__tp_-85.52_58.91_-96.65__shot2_46.99__shot3m3m1_43.10__shot3m3m2_67.87,Medium,2,46.99,43.1,67.87,-85.522,58.911,-96.64764404,153.1431742086787,marker-only,2.0,28,1,0,0.987001864681666,4.52028816223786,0.4936933116633314,0.0557062777874991,2.180531147578955,1,1
experiment_results1.csv,perturbation_run,perturbation_gap,1,2026-04-21T21:04:19+08:00,20260421_210419_097593,controlled_perturbation_study,CTChest,perspective,tp_-85.52_58.91_-96.65,Mid,2,CTChest__perspective__tp_-85.52_58.91_-96.65__shot2_46.99__shot3m3m1_43.10__shot3m3m2_67.87,Medium,2,46.99,43.1,67.87,-85.522,58.911,-96.64764404,153.1431742086787,marker-only,2.0,29,1,0,2.2611774202552843,2.9036507202288018,0.8911713497391145,0.0557062777874991,2.459389784127205,1,1
experiment_results1.csv,perturbation_run,perturbation_gap,1,2026-04-21T21:04:19+08:00,20260421_210419_613939,controlled_perturbation_study,CTChest,perspective,tp_-85.52_58.91_-96.65,Mid,2,CTChest__perspective__tp_-85.52_58.91_-96.65__shot2_46.99__shot3m3m1_43.10__shot3m3m2_67.87,Medium,2,46.99,43.1,67.87,-85.522,58.911,-96.64764404,153.1431742086787,marker-only,2.0,30,1,0,2.6585192010809875,3.208139055466912,5.00264836560758,0.0557062777874991,2.261064098133048,1,1
experiment_results1.csv,perturbation_run,perturbation_gap,1,2026-04-21T21:04:20+08:00,20260421_210420_124430,controlled_perturbation_study,CTChest,perspective,tp_-85.52_58.91_-96.65,Mid,2,CTChest__perspective__tp_-85.52_58.91_-96.65__shot2_46.99__shot3m3m1_43.10__shot3m3m2_67.87,Medium,2,46.99,43.1,67.87,-85.522,58.911,-96.64764404,153.1431742086787,marker-only,2.0,31,1,0,5.050983458609925,7.547507645245906,1.1200917318701056,0.0557062777874991,2.079154155462207,1,1
experiment_results1.csv,perturbation_run,perturbation_gap,1,2026-04-21T21:04:20+08:00,20260421_210420_638162,controlled_perturbation_study,CTChest,perspective,tp_-85.52_58.91_-96.65,Mid,2,CTChest__perspective__tp_-85.52_58.91_-96.65__shot2_46.99__shot3m3m1_43.10__shot3m3m2_67.87,Medium,2,46.99,43.1,67.87,-85.522,58.911,-96.64764404,153.1431742086787,marker-only,2.0,32,1,0,1.4603170019339846,4.062001682728175,1.5965738566593592,0.0557062777874991,2.410884748805342,1,1
experiment_results1.csv,perturbation_run,perturbation_gap,1,2026-04-21T21:04:21+08:00,20260421_210421_160204,controlled_perturbation_study,CTChest,perspective,tp_-85.52_58.91_-96.65,Mid,2,CTChest__perspective__tp_-85.52_58.91_-96.65__shot2_46.99__shot3m3m1_43.10__shot3m3m2_67.87,Medium,2,46.99,43.1,67.87,-85.522,58.911,-96.64764404,153.1431742086787,marker-only,2.0,33,1,0,1.7000974661367387,4.97833113854619,1.9564718237666483,0.0557062777874991,2.2293290895290334,1,1
experiment_results1.csv,perturbation_run,perturbation_gap,1,2026-04-21T21:04:21+08:00,20260421_210421_679609,controlled_perturbation_study,CTChest,perspective,tp_-85.52_58.91_-96.65,Mid,2,CTChest__perspective__tp_-85.52_58.91_-96.65__shot2_46.99__shot3m3m1_43.10__shot3m3m2_67.87,Medium,2,46.99,43.1,67.87,-85.522,58.911,-96.64764404,153.1431742086787,marker-only,2.0,34,1,0,3.3336716985870263,7.9725660491676225,3.478863296165178,0.0557062777874991,1.9682644259534163,1,1
experiment_results1.csv,perturbation_run,perturbation_gap,1,2026-04-21T21:04:22+08:00,20260421_210422_186528,controlled_perturbation_study,CTChest,perspective,tp_-85.52_58.91_-96.65,Mid,2,CTChest__perspective__tp_-85.52_58.91_-96.65__shot2_46.99__shot3m3m1_43.10__shot3m3m2_67.87,Medium,2,46.99,43.1,67.87,-85.522,58.911,-96.64764404,153.1431742086787,marker-only,2.0,35,1,0,3.663338551862248,7.335136513825208,1.2753574355877657,0.0557062777874991,2.513448028351849,1,1
experiment_results1.csv,perturbation_run,perturbation_gap,1,2026-04-21T21:04:22+08:00,20260421_210422_696214,controlled_perturbation_study,CTChest,perspective,tp_-85.52_58.91_-96.65,Mid,2,CTChest__perspective__tp_-85.52_58.91_-96.65__shot2_46.99__shot3m3m1_43.10__shot3m3m2_67.87,Medium,2,46.99,43.1,67.87,-85.522,58.911,-96.64764404,153.1431742086787,marker-only,2.0,36,1,0,11.603103330069704,20.442526210230888,6.282043866719263,0.0557062777874991,2.727578530837975,1,1
experiment_results1.csv,perturbation_run,perturbation_gap,1,2026-04-21T21:04:23+08:00,20260421_210423_217459,controlled_perturbation_study,CTChest,perspective,tp_-85.52_58.91_-96.65,Mid,2,CTChest__perspective__tp_-85.52_58.91_-96.65__shot2_46.99__shot3m3m1_43.10__shot3m3m2_67.87,Medium,2,46.99,43.1,67.87,-85.522,58.911,-96.64764404,153.1431742086787,marker-only,2.0,37,1,0,2.7541766674015005,3.413409790904093,2.749352577601782,0.0557062777874991,2.03797377912101,1,1
experiment_results1.csv,perturbation_run,perturbation_gap,1,2026-04-21T21:04:23+08:00,20260421_210423_735959,controlled_perturbation_study,CTChest,perspective,tp_-85.52_58.91_-96.65,Mid,2,CTChest__perspective__tp_-85.52_58.91_-96.65__shot2_46.99__shot3m3m1_43.10__shot3m3m2_67.87,Medium,2,46.99,43.1,67.87,-85.522,58.911,-96.64764404,153.1431742086787,marker-only,2.0,38,1,0,1.965147835333055,5.634225403470933,1.5643073312338094,0.0557062777874991,2.233967177886908,1,1
experiment_results1.csv,perturbation_run,perturbation_gap,1,2026-04-21T21:04:24+08:00,20260421_210424_317464,controlled_perturbation_study,CTChest,perspective,tp_-85.52_58.91_-96.65,Mid,2,CTChest__perspective__tp_-85.52_58.91_-96.65__shot2_46.99__shot3m3m1_43.10__shot3m3m2_67.87,Medium,2,46.99,43.1,67.87,-85.522,58.911,-96.64764404,153.1431742086787,marker-only,2.0,39,1,0,3.2237632429612506,10.459117936372316,0.0754486897479284,0.0557062777874991,2.1387910803568104,1,1
experiment_results1.csv,perturbation_run,perturbation_gap,1,2026-04-21T21:04:24+08:00,20260421_210424_829006,controlled_perturbation_study,CTChest,perspective,tp_-85.52_58.91_-96.65,Mid,2,CTChest__perspective__tp_-85.52_58.91_-96.65__shot2_46.99__shot3m3m1_43.10__shot3m3m2_67.87,Medium,2,46.99,43.1,67.87,-85.522,58.911,-96.64764404,153.1431742086787,marker-only,2.0,40,1,0,4.276735243169156,7.820378287226701,2.0816836294847034,0.0557062777874991,2.394324845584261,1,1
experiment_results1.csv,perturbation_run,perturbation_gap,1,2026-04-21T21:04:25+08:00,20260421_210425_357054,controlled_perturbation_study,CTChest,perspective,tp_-85.52_58.91_-96.65,Mid,2,CTChest__perspective__tp_-85.52_58.91_-96.65__shot2_46.99__shot3m3m1_43.10__shot3m3m2_67.87,Medium,2,46.99,43.1,67.87,-85.522,58.911,-96.64764404,153.1431742086787,marker-only,2.0,41,1,0,6.486757117610526,13.899289819783466,1.379252216289192,0.0557062777874991,2.3111157728583684,1,1
experiment_results1.csv,perturbation_run,perturbation_gap,1,2026-04-21T21:04:25+08:00,20260421_210425_878444,controlled_perturbation_study,CTChest,perspective,tp_-85.52_58.91_-96.65,Mid,2,CTChest__perspective__tp_-85.52_58.91_-96.65__shot2_46.99__shot3m3m1_43.10__shot3m3m2_67.87,Medium,2,46.99,43.1,67.87,-85.522,58.911,-96.64764404,153.1431742086787,marker-only,2.0,42,1,0,2.9119524664098053,7.707542048015231,2.5445063226268325,0.0557062777874991,2.4944732580474853,1,1
experiment_results1.csv,perturbation_run,perturbation_gap,1,2026-04-21T21:04:26+08:00,20260421_210426_397375,controlled_perturbation_study,CTChest,perspective,tp_-85.52_58.91_-96.65,Mid,2,CTChest__perspective__tp_-85.52_58.91_-96.65__shot2_46.99__shot3m3m1_43.10__shot3m3m2_67.87,Medium,2,46.99,43.1,67.87,-85.522,58.911,-96.64764404,153.1431742086787,marker-only,2.0,43,1,0,2.836302027081432,2.5002236450858653,1.5208537451316109,0.0557062777874991,2.4190499932898626,1,1
experiment_results1.csv,perturbation_run,perturbation_gap,1,2026-04-21T21:04:26+08:00,20260421_210426_915054,controlled_perturbation_study,CTChest,perspective,tp_-85.52_58.91_-96.65,Mid,2,CTChest__perspective__tp_-85.52_58.91_-96.65__shot2_46.99__shot3m3m1_43.10__shot3m3m2_67.87,Medium,2,46.99,43.1,67.87,-85.522,58.911,-96.64764404,153.1431742086787,marker-only,2.0,44,1,0,4.91546861374924,12.163707342848094,3.7794084593769903,0.0557062777874991,2.1722419179525505,1,1
experiment_results1.csv,perturbation_run,perturbation_gap,1,2026-04-21T21:04:27+08:00,20260421_210427_443631,controlled_perturbation_study,CTChest,perspective,tp_-85.52_58.91_-96.65,Mid,2,CTChest__perspective__tp_-85.52_58.91_-96.65__shot2_46.99__shot3m3m1_43.10__shot3m3m2_67.87,Medium,2,46.99,43.1,67.87,-85.522,58.911,-96.64764404,153.1431742086787,marker-only,2.0,45,1,0,4.507575009137397,10.484213216341434,0.466663668439864,0.0557062777874991,2.4652249343817725,1,1
experiment_results1.csv,perturbation_run,perturbation_gap,1,2026-04-21T21:04:27+08:00,20260421_210427_961761,controlled_perturbation_study,CTChest,perspective,tp_-85.52_58.91_-96.65,Mid,2,CTChest__perspective__tp_-85.52_58.91_-96.65__shot2_46.99__shot3m3m1_43.10__shot3m3m2_67.87,Medium,2,46.99,43.1,67.87,-85.522,58.911,-96.64764404,153.1431742086787,marker-only,2.0,46,1,0,3.497346537640384,3.22667300624248,1.4465560446252126,0.0557062777874991,2.165640975105944,1,1
experiment_results1.csv,perturbation_run,perturbation_gap,1,2026-04-21T21:04:28+08:00,20260421_210428_490586,controlled_perturbation_study,CTChest,perspective,tp_-85.52_58.91_-96.65,Mid,2,CTChest__perspective__tp_-85.52_58.91_-96.65__shot2_46.99__shot3m3m1_43.10__shot3m3m2_67.87,Medium,2,46.99,43.1,67.87,-85.522,58.911,-96.64764404,153.1431742086787,marker-only,2.0,47,1,0,5.492484559070678,6.812066976000189,1.042752927171826,0.0557062777874991,1.9242566821068567,1,1
experiment_results1.csv,perturbation_run,perturbation_gap,1,2026-04-21T21:04:28+08:00,20260421_210428_915779,controlled_perturbation_study,CTChest,perspective,tp_-85.52_58.91_-96.65,Mid,2,CTChest__perspective__tp_-85.52_58.91_-96.65__shot2_46.99__shot3m3m1_43.10__shot3m3m2_67.87,Medium,2,46.99,43.1,67.87,-85.522,58.911,-96.64764404,153.1431742086787,marker-only,2.0,48,1,0,4.492280968348639,9.6547996873314,0.9152636857989692,0.0557062777874991,1.9777089258745773,1,1
experiment_results1.csv,perturbation_run,perturbation_gap,1,2026-04-21T21:04:29+08:00,20260421_210429_301512,controlled_perturbation_study,CTChest,perspective,tp_-85.52_58.91_-96.65,Mid,2,CTChest__perspective__tp_-85.52_58.91_-96.65__shot2_46.99__shot3m3m1_43.10__shot3m3m2_67.87,Medium,2,46.99,43.1,67.87,-85.522,58.911,-96.64764404,153.1431742086787,marker-only,2.0,49,1,0,7.358475332192341,11.190090378536624,7.2549990871656,0.0557062777874991,2.518164644773984,1,1
experiment_results1.csv,perturbation_run,perturbation_gap,1,2026-04-21T21:04:29+08:00,20260421_210429_675418,controlled_perturbation_study,CTChest,perspective,tp_-85.52_58.91_-96.65,Mid,2,CTChest__perspective__tp_-85.52_58.91_-96.65__shot2_46.99__shot3m3m1_43.10__shot3m3m2_67.87,Medium,2,46.99,43.1,67.87,-85.522,58.911,-96.64764404,153.1431742086787,marker-only,2.0,50,1,0,11.680574921930738,21.66926760957079,0.1841698886808412,0.0557062777874991,2.032940171681288,1,1
experiment_results1.csv,perturbation_run,perturbation_gap,1,2026-04-21T21:04:36+08:00,20260421_210436_709732,controlled_perturbation_study,CTChest,perspective,tp_-85.52_58.91_-96.65,Mid,2,CTChest__perspective__tp_-85.52_58.91_-96.65__shot2_46.99__shot3m3m1_43.10__shot3m3m2_67.87,Medium,2,46.99,43.1,67.87,-85.522,58.911,-96.64764404,153.1431742086787,target-only,0.5,1,1,0,1.1284879784929454,2.258610143892064,0.5731146967631349,0.0557062777874991,0.0514614345790265,1,1
experiment_results1.csv,perturbation_run,perturbation_gap,1,2026-04-21T21:04:37+08:00,20260421_210437_026578,controlled_perturbation_study,CTChest,perspective,tp_-85.52_58.91_-96.65,Mid,2,CTChest__perspective__tp_-85.52_58.91_-96.65__shot2_46.99__shot3m3m1_43.10__shot3m3m2_67.87,Medium,2,46.99,43.1,67.87,-85.522,58.911,-96.64764404,153.1431742086787,target-only,0.5,2,1,0,0.2076628198600937,0.6374612917676862,0.5088060423939899,0.0557062777874991,0.0514614345790265,1,1
experiment_results1.csv,perturbation_run,perturbation_gap,1,2026-04-21T21:04:37+08:00,20260421_210437_391746,controlled_perturbation_study,CTChest,perspective,tp_-85.52_58.91_-96.65,Mid,2,CTChest__perspective__tp_-85.52_58.91_-96.65__shot2_46.99__shot3m3m1_43.10__shot3m3m2_67.87,Medium,2,46.99,43.1,67.87,-85.522,58.911,-96.64764404,153.1431742086787,target-only,0.5,3,1,0,0.3340475874349123,0.7874513191117708,0.1931875083033586,0.0557062777874991,0.0514614345790265,1,1
experiment_results1.csv,perturbation_run,perturbation_gap,1,2026-04-21T21:04:37+08:00,20260421_210437_705677,controlled_perturbation_study,CTChest,perspective,tp_-85.52_58.91_-96.65,Mid,2,CTChest__perspective__tp_-85.52_58.91_-96.65__shot2_46.99__shot3m3m1_43.10__shot3m3m2_67.87,Medium,2,46.99,43.1,67.87,-85.522,58.911,-96.64764404,153.1431742086787,target-only,0.5,4,1,0,1.2972634525801352,2.340516801676049,0.046367217718005,0.0557062777874991,0.0514614345790265,1,1
experiment_results1.csv,perturbation_run,perturbation_gap,1,2026-04-21T21:04:38+08:00,20260421_210438_018842,controlled_perturbation_study,CTChest,perspective,tp_-85.52_58.91_-96.65,Mid,2,CTChest__perspective__tp_-85.52_58.91_-96.65__shot2_46.99__shot3m3m1_43.10__shot3m3m2_67.87,Medium,2,46.99,43.1,67.87,-85.522,58.911,-96.64764404,153.1431742086787,target-only,0.5,5,1,0,0.2895249470072392,0.6014361103155427,0.0296384671254454,0.0557062777874991,0.0514614345790265,1,1
experiment_results1.csv,perturbation_run,perturbation_gap,1,2026-04-21T21:04:38+08:00,20260421_210438_343745,controlled_perturbation_study,CTChest,perspective,tp_-85.52_58.91_-96.65,Mid,2,CTChest__perspective__tp_-85.52_58.91_-96.65__shot2_46.99__shot3m3m1_43.10__shot3m3m2_67.87,Medium,2,46.99,43.1,67.87,-85.522,58.911,-96.64764404,153.1431742086787,target-only,0.5,6,1,0,0.3444615097026765,0.5648352141314099,0.3822506385599269,0.0557062777874991,0.0514614345790265,1,1
experiment_results1.csv,perturbation_run,perturbation_gap,1,2026-04-21T21:04:38+08:00,20260421_210438_654190,controlled_perturbation_study,CTChest,perspective,tp_-85.52_58.91_-96.65,Mid,2,CTChest__perspective__tp_-85.52_58.91_-96.65__shot2_46.99__shot3m3m1_43.10__shot3m3m2_67.87,Medium,2,46.99,43.1,67.87,-85.522,58.911,-96.64764404,153.1431742086787,target-only,0.5,7,1,0,0.5745520105084451,1.1788033428440947,0.333650364460283,0.0557062777874991,0.0514614345790265,1,1
experiment_results1.csv,perturbation_run,perturbation_gap,1,2026-04-21T21:04:39+08:00,20260421_210439_009937,controlled_perturbation_study,CTChest,perspective,tp_-85.52_58.91_-96.65,Mid,2,CTChest__perspective__tp_-85.52_58.91_-96.65__shot2_46.99__shot3m3m1_43.10__shot3m3m2_67.87,Medium,2,46.99,43.1,67.87,-85.522,58.911,-96.64764404,153.1431742086787,target-only,0.5,8,1,0,1.1930645725952216,2.0599242197899144,0.0510824452216389,0.0557062777874991,0.0514614345790265,1,1
experiment_results1.csv,perturbation_run,perturbation_gap,1,2026-04-21T21:04:39+08:00,20260421_210439_330256,controlled_perturbation_study,CTChest,perspective,tp_-85.52_58.91_-96.65,Mid,2,CTChest__perspective__tp_-85.52_58.91_-96.65__shot2_46.99__shot3m3m1_43.10__shot3m3m2_67.87,Medium,2,46.99,43.1,67.87,-85.522,58.911,-96.64764404,153.1431742086787,target-only,0.5,9,1,0,0.5779911565653946,0.7845863044424619,0.437679558847495,0.0557062777874991,0.0514614345790265,1,1
experiment_results1.csv,perturbation_run,perturbation_gap,1,2026-04-21T21:04:39+08:00,20260421_210439_697988,controlled_perturbation_study,CTChest,perspective,tp_-85.52_58.91_-96.65,Mid,2,CTChest__perspective__tp_-85.52_58.91_-96.65__shot2_46.99__shot3m3m1_43.10__shot3m3m2_67.87,Medium,2,46.99,43.1,67.87,-85.522,58.911,-96.64764404,153.1431742086787,target-only,0.5,10,1,0,1.2158615218976498,2.4291055396752235,0.3684781901856355,0.0557062777874991,0.0514614345790265,1,1
experiment_results1.csv,perturbation_run,perturbation_gap,1,2026-04-21T21:04:40+08:00,20260421_210440_075577,controlled_perturbation_study,CTChest,perspective,tp_-85.52_58.91_-96.65,Mid,2,CTChest__perspective__tp_-85.52_58.91_-96.65__shot2_46.99__shot3m3m1_43.10__shot3m3m2_67.87,Medium,2,46.99,43.1,67.87,-85.522,58.911,-96.64764404,153.1431742086787,target-only,0.5,11,1,0,0.9931861252167096,1.780060324812183,0.7639397019175078,0.0557062777874991,0.0514614345790265,1,1
experiment_results1.csv,perturbation_run,perturbation_gap,1,2026-04-21T21:04:40+08:00,20260421_210440_414537,controlled_perturbation_study,CTChest,perspective,tp_-85.52_58.91_-96.65,Mid,2,CTChest__perspective__tp_-85.52_58.91_-96.65__shot2_46.99__shot3m3m1_43.10__shot3m3m2_67.87,Medium,2,46.99,43.1,67.87,-85.522,58.911,-96.64764404,153.1431742086787,target-only,0.5,12,1,0,0.5573538132068417,0.9130426126494644,0.0310337356444348,0.0557062777874991,0.0514614345790265,1,1
experiment_results1.csv,perturbation_run,perturbation_gap,1,2026-04-21T21:04:40+08:00,20260421_210440_754841,controlled_perturbation_study,CTChest,perspective,tp_-85.52_58.91_-96.65,Mid,2,CTChest__perspective__tp_-85.52_58.91_-96.65__shot2_46.99__shot3m3m1_43.10__shot3m3m2_67.87,Medium,2,46.99,43.1,67.87,-85.522,58.911,-96.64764404,153.1431742086787,target-only,0.5,13,1,0,0.2557534588130737,0.6030989078275236,0.2214251766485448,0.0557062777874991,0.0514614345790265,1,1
experiment_results1.csv,perturbation_run,perturbation_gap,1,2026-04-21T21:04:41+08:00,20260421_210441_109956,controlled_perturbation_study,CTChest,perspective,tp_-85.52_58.91_-96.65,Mid,2,CTChest__perspective__tp_-85.52_58.91_-96.65__shot2_46.99__shot3m3m1_43.10__shot3m3m2_67.87,Medium,2,46.99,43.1,67.87,-85.522,58.911,-96.64764404,153.1431742086787,target-only,0.5,14,1,0,0.3625534013888966,0.6132115262473378,0.1468143009231723,0.0557062777874991,0.0514614345790265,1,1
experiment_results1.csv,perturbation_run,perturbation_gap,1,2026-04-21T21:04:41+08:00,20260421_210441_473882,controlled_perturbation_study,CTChest,perspective,tp_-85.52_58.91_-96.65,Mid,2,CTChest__perspective__tp_-85.52_58.91_-96.65__shot2_46.99__shot3m3m1_43.10__shot3m3m2_67.87,Medium,2,46.99,43.1,67.87,-85.522,58.911,-96.64764404,153.1431742086787,target-only,0.5,15,1,0,0.4610990175425787,0.8318969541189407,0.2150577425613292,0.0557062777874991,0.0514614345790265,1,1
experiment_results1.csv,perturbation_run,perturbation_gap,1,2026-04-21T21:04:41+08:00,20260421_210441_854720,controlled_perturbation_study,CTChest,perspective,tp_-85.52_58.91_-96.65,Mid,2,CTChest__perspective__tp_-85.52_58.91_-96.65__shot2_46.99__shot3m3m1_43.10__shot3m3m2_67.87,Medium,2,46.99,43.1,67.87,-85.522,58.911,-96.64764404,153.1431742086787,target-only,0.5,16,1,0,0.805927940525583,1.5567235516317532,0.0238971269104623,0.0557062777874991,0.0514614345790265,1,1
experiment_results1.csv,perturbation_run,perturbation_gap,1,2026-04-21T21:04:42+08:00,20260421_210442_200904,controlled_perturbation_study,CTChest,perspective,tp_-85.52_58.91_-96.65,Mid,2,CTChest__perspective__tp_-85.52_58.91_-96.65__shot2_46.99__shot3m3m1_43.10__shot3m3m2_67.87,Medium,2,46.99,43.1,67.87,-85.522,58.911,-96.64764404,153.1431742086787,target-only,0.5,17,1,0,0.4448491001126493,0.8762637129170183,0.1765066440982559,0.0557062777874991,0.0514614345790265,1,1
experiment_results1.csv,perturbation_run,perturbation_gap,1,2026-04-21T21:04:42+08:00,20260421_210442_607167,controlled_perturbation_study,CTChest,perspective,tp_-85.52_58.91_-96.65,Mid,2,CTChest__perspective__tp_-85.52_58.91_-96.65__shot2_46.99__shot3m3m1_43.10__shot3m3m2_67.87,Medium,2,46.99,43.1,67.87,-85.522,58.911,-96.64764404,153.1431742086787,target-only,0.5,18,1,0,0.6017516303550988,1.102736849846778,0.6690934412081827,0.0557062777874991,0.0514614345790265,1,1
experiment_results1.csv,perturbation_run,perturbation_gap,1,2026-04-21T21:04:43+08:00,20260421_210443_016483,controlled_perturbation_study,CTChest,perspective,tp_-85.52_58.91_-96.65,Mid,2,CTChest__perspective__tp_-85.52_58.91_-96.65__shot2_46.99__shot3m3m1_43.10__shot3m3m2_67.87,Medium,2,46.99,43.1,67.87,-85.522,58.911,-96.64764404,153.1431742086787,target-only,0.5,19,1,0,1.3349164021324489,2.8169482835443382,0.0088261806318612,0.0557062777874991,0.0514614345790265,1,1
experiment_results1.csv,perturbation_run,perturbation_gap,1,2026-04-21T21:04:43+08:00,20260421_210443_431248,controlled_perturbation_study,CTChest,perspective,tp_-85.52_58.91_-96.65,Mid,2,CTChest__perspective__tp_-85.52_58.91_-96.65__shot2_46.99__shot3m3m1_43.10__shot3m3m2_67.87,Medium,2,46.99,43.1,67.87,-85.522,58.911,-96.64764404,153.1431742086787,target-only,0.5,20,1,0,1.2079216738856708,2.206219504653322,0.4406385146726236,0.0557062777874991,0.0514614345790265,1,1
experiment_results1.csv,perturbation_run,perturbation_gap,1,2026-04-21T21:04:43+08:00,20260421_210443_855071,controlled_perturbation_study,CTChest,perspective,tp_-85.52_58.91_-96.65,Mid,2,CTChest__perspective__tp_-85.52_58.91_-96.65__shot2_46.99__shot3m3m1_43.10__shot3m3m2_67.87,Medium,2,46.99,43.1,67.87,-85.522,58.911,-96.64764404,153.1431742086787,target-only,0.5,21,1,0,0.2210794284797019,0.3667151010935043,0.7176783792129166,0.0557062777874991,0.0514614345790265,1,1
experiment_results1.csv,perturbation_run,perturbation_gap,1,2026-04-21T21:04:44+08:00,20260421_210444_287020,controlled_perturbation_study,CTChest,perspective,tp_-85.52_58.91_-96.65,Mid,2,CTChest__perspective__tp_-85.52_58.91_-96.65__shot2_46.99__shot3m3m1_43.10__shot3m3m2_67.87,Medium,2,46.99,43.1,67.87,-85.522,58.911,-96.64764404,153.1431742086787,target-only,0.5,22,1,0,0.7124843293083246,1.5905605758319226,0.3738242464477059,0.0557062777874991,0.0514614345790265,1,1
experiment_results1.csv,perturbation_run,perturbation_gap,1,2026-04-21T21:04:44+08:00,20260421_210444_741818,controlled_perturbation_study,CTChest,perspective,tp_-85.52_58.91_-96.65,Mid,2,CTChest__perspective__tp_-85.52_58.91_-96.65__shot2_46.99__shot3m3m1_43.10__shot3m3m2_67.87,Medium,2,46.99,43.1,67.87,-85.522,58.911,-96.64764404,153.1431742086787,target-only,0.5,23,1,0,0.1464094658541398,0.4956650271621567,0.1086195743922536,0.0557062777874991,0.0514614345790265,1,1
experiment_results1.csv,perturbation_run,perturbation_gap,1,2026-04-21T21:04:45+08:00,20260421_210445_237554,controlled_perturbation_study,CTChest,perspective,tp_-85.52_58.91_-96.65,Mid,2,CTChest__perspective__tp_-85.52_58.91_-96.65__shot2_46.99__shot3m3m1_43.10__shot3m3m2_67.87,Medium,2,46.99,43.1,67.87,-85.522,58.911,-96.64764404,153.1431742086787,target-only,0.5,24,1,0,0.5803914819816581,0.8800230563519126,0.4346030954967087,0.0557062777874991,0.0514614345790265,1,1
experiment_results1.csv,perturbation_run,perturbation_gap,1,2026-04-21T21:04:45+08:00,20260421_210445_647826,controlled_perturbation_study,CTChest,perspective,tp_-85.52_58.91_-96.65,Mid,2,CTChest__perspective__tp_-85.52_58.91_-96.65__shot2_46.99__shot3m3m1_43.10__shot3m3m2_67.87,Medium,2,46.99,43.1,67.87,-85.522,58.911,-96.64764404,153.1431742086787,target-only,0.5,25,1,0,1.2617486152389958,2.384072208005656,0.8407017051931512,0.0557062777874991,0.0514614345790265,1,1
experiment_results1.csv,perturbation_run,perturbation_gap,1,2026-04-21T21:04:46+08:00,20260421_210446_108716,controlled_perturbation_study,CTChest,perspective,tp_-85.52_58.91_-96.65,Mid,2,CTChest__perspective__tp_-85.52_58.91_-96.65__shot2_46.99__shot3m3m1_43.10__shot3m3m2_67.87,Medium,2,46.99,43.1,67.87,-85.522,58.911,-96.64764404,153.1431742086787,target-only,0.5,26,1,0,0.3983715002904337,0.6402438724874552,0.0617174138634682,0.0557062777874991,0.0514614345790265,1,1
experiment_results1.csv,perturbation_run,perturbation_gap,1,2026-04-21T21:04:46+08:00,20260421_210446_569453,controlled_perturbation_study,CTChest,perspective,tp_-85.52_58.91_-96.65,Mid,2,CTChest__perspective__tp_-85.52_58.91_-96.65__shot2_46.99__shot3m3m1_43.10__shot3m3m2_67.87,Medium,2,46.99,43.1,67.87,-85.522,58.911,-96.64764404,153.1431742086787,target-only,0.5,27,1,0,0.2921685291922219,0.625834923540701,0.6236674585022954,0.0557062777874991,0.0514614345790265,1,1
experiment_results1.csv,perturbation_run,perturbation_gap,1,2026-04-21T21:04:47+08:00,20260421_210447_031542,controlled_perturbation_study,CTChest,perspective,tp_-85.52_58.91_-96.65,Mid,2,CTChest__perspective__tp_-85.52_58.91_-96.65__shot2_46.99__shot3m3m1_43.10__shot3m3m2_67.87,Medium,2,46.99,43.1,67.87,-85.522,58.911,-96.64764404,153.1431742086787,target-only,0.5,28,1,0,0.6831447905652911,1.5360223444901615,0.3690975276392367,0.0557062777874991,0.0514614345790265,1,1
experiment_results1.csv,perturbation_run,perturbation_gap,1,2026-04-21T21:04:47+08:00,20260421_210447_507263,controlled_perturbation_study,CTChest,perspective,tp_-85.52_58.91_-96.65,Mid,2,CTChest__perspective__tp_-85.52_58.91_-96.65__shot2_46.99__shot3m3m1_43.10__shot3m3m2_67.87,Medium,2,46.99,43.1,67.87,-85.522,58.911,-96.64764404,153.1431742086787,target-only,0.5,29,1,0,0.6650016966886607,1.0717327558171037,0.2798307122915529,0.0557062777874991,0.0514614345790265,1,1
experiment_results1.csv,perturbation_run,perturbation_gap,1,2026-04-21T21:04:47+08:00,20260421_210447_990360,controlled_perturbation_study,CTChest,perspective,tp_-85.52_58.91_-96.65,Mid,2,CTChest__perspective__tp_-85.52_58.91_-96.65__shot2_46.99__shot3m3m1_43.10__shot3m3m2_67.87,Medium,2,46.99,43.1,67.87,-85.522,58.911,-96.64764404,153.1431742086787,target-only,0.5,30,1,0,0.1196596162533369,0.0908411208764825,0.7865721730999732,0.0557062777874991,0.0514614345790265,1,1
experiment_results1.csv,perturbation_run,perturbation_gap,1,2026-04-21T21:04:48+08:00,20260421_210448_476814,controlled_perturbation_study,CTChest,perspective,tp_-85.52_58.91_-96.65,Mid,2,CTChest__perspective__tp_-85.52_58.91_-96.65__shot2_46.99__shot3m3m1_43.10__shot3m3m2_67.87,Medium,2,46.99,43.1,67.87,-85.522,58.911,-96.64764404,153.1431742086787,target-only,0.5,31,1,0,0.433058226777911,0.9333673698702644,0.4141645508891401,0.0557062777874991,0.0514614345790265,1,1
experiment_results1.csv,perturbation_run,perturbation_gap,1,2026-04-21T21:04:48+08:00,20260421_210448_966094,controlled_perturbation_study,CTChest,perspective,tp_-85.52_58.91_-96.65,Mid,2,CTChest__perspective__tp_-85.52_58.91_-96.65__shot2_46.99__shot3m3m1_43.10__shot3m3m2_67.87,Medium,2,46.99,43.1,67.87,-85.522,58.911,-96.64764404,153.1431742086787,target-only,0.5,32,1,0,0.7784794046924693,0.4885522106718872,0.7962892461343608,0.0557062777874991,0.0514614345790265,1,1
experiment_results1.csv,perturbation_run,perturbation_gap,1,2026-04-21T21:04:49+08:00,20260421_210449_452027,controlled_perturbation_study,CTChest,perspective,tp_-85.52_58.91_-96.65,Mid,2,CTChest__perspective__tp_-85.52_58.91_-96.65__shot2_46.99__shot3m3m1_43.10__shot3m3m2_67.87,Medium,2,46.99,43.1,67.87,-85.522,58.911,-96.64764404,153.1431742086787,target-only,0.5,33,1,0,0.5136275522842331,1.1511398388998777,0.2902076449874716,0.0557062777874991,0.0514614345790265,1,1
experiment_results1.csv,perturbation_run,perturbation_gap,1,2026-04-21T21:04:49+08:00,20260421_210449_940075,controlled_perturbation_study,CTChest,perspective,tp_-85.52_58.91_-96.65,Mid,2,CTChest__perspective__tp_-85.52_58.91_-96.65__shot2_46.99__shot3m3m1_43.10__shot3m3m2_67.87,Medium,2,46.99,43.1,67.87,-85.522,58.911,-96.64764404,153.1431742086787,target-only,0.5,34,1,0,0.3517946831974212,0.7731578275115887,0.036203012956344,0.0557062777874991,0.0514614345790265,1,1
experiment_results1.csv,perturbation_run,perturbation_gap,1,2026-04-21T21:04:50+08:00,20260421_210450_491030,controlled_perturbation_study,CTChest,perspective,tp_-85.52_58.91_-96.65,Mid,2,CTChest__perspective__tp_-85.52_58.91_-96.65__shot2_46.99__shot3m3m1_43.10__shot3m3m2_67.87,Medium,2,46.99,43.1,67.87,-85.522,58.911,-96.64764404,153.1431742086787,target-only,0.5,35,1,0,0.348365070298557,0.0889484254851753,0.4417669275870237,0.0557062777874991,0.0514614345790265,1,1
experiment_results1.csv,perturbation_run,perturbation_gap,1,2026-04-21T21:04:50+08:00,20260421_210450_977804,controlled_perturbation_study,CTChest,perspective,tp_-85.52_58.91_-96.65,Mid,2,CTChest__perspective__tp_-85.52_58.91_-96.65__shot2_46.99__shot3m3m1_43.10__shot3m3m2_67.87,Medium,2,46.99,43.1,67.87,-85.522,58.911,-96.64764404,153.1431742086787,target-only,0.5,36,1,0,0.3823896343128034,0.6683915555360604,0.1442906960765215,0.0557062777874991,0.0514614345790265,1,1
experiment_results1.csv,perturbation_run,perturbation_gap,1,2026-04-21T21:04:51+08:00,20260421_210451_458293,controlled_perturbation_study,CTChest,perspective,tp_-85.52_58.91_-96.65,Mid,2,CTChest__perspective__tp_-85.52_58.91_-96.65__shot2_46.99__shot3m3m1_43.10__shot3m3m2_67.87,Medium,2,46.99,43.1,67.87,-85.522,58.911,-96.64764404,153.1431742086787,target-only,0.5,37,1,0,0.8425380623835468,1.08642398295431,0.4277998190668056,0.0557062777874991,0.0514614345790265,1,1
experiment_results1.csv,perturbation_run,perturbation_gap,1,2026-04-21T21:04:51+08:00,20260421_210451_948936,controlled_perturbation_study,CTChest,perspective,tp_-85.52_58.91_-96.65,Mid,2,CTChest__perspective__tp_-85.52_58.91_-96.65__shot2_46.99__shot3m3m1_43.10__shot3m3m2_67.87,Medium,2,46.99,43.1,67.87,-85.522,58.911,-96.64764404,153.1431742086787,target-only,0.5,38,1,0,0.4274388287237343,0.6740235165908482,0.3252159297645488,0.0557062777874991,0.0514614345790265,1,1
experiment_results1.csv,perturbation_run,perturbation_gap,1,2026-04-21T21:04:52+08:00,20260421_210452_438990,controlled_perturbation_study,CTChest,perspective,tp_-85.52_58.91_-96.65,Mid,2,CTChest__perspective__tp_-85.52_58.91_-96.65__shot2_46.99__shot3m3m1_43.10__shot3m3m2_67.87,Medium,2,46.99,43.1,67.87,-85.522,58.911,-96.64764404,153.1431742086787,target-only,0.5,39,1,0,0.3794788210315977,0.5156221976879013,0.1937301178269494,0.0557062777874991,0.0514614345790265,1,1
experiment_results1.csv,perturbation_run,perturbation_gap,1,2026-04-21T21:04:52+08:00,20260421_210452_925292,controlled_perturbation_study,CTChest,perspective,tp_-85.52_58.91_-96.65,Mid,2,CTChest__perspective__tp_-85.52_58.91_-96.65__shot2_46.99__shot3m3m1_43.10__shot3m3m2_67.87,Medium,2,46.99,43.1,67.87,-85.522,58.911,-96.64764404,153.1431742086787,target-only,0.5,40,1,0,0.7037348726419708,1.0908802005141258,0.6300463493572912,0.0557062777874991,0.0514614345790265,1,1
experiment_results1.csv,perturbation_run,perturbation_gap,1,2026-04-21T21:04:53+08:00,20260421_210453_411305,controlled_perturbation_study,CTChest,perspective,tp_-85.52_58.91_-96.65,Mid,2,CTChest__perspective__tp_-85.52_58.91_-96.65__shot2_46.99__shot3m3m1_43.10__shot3m3m2_67.87,Medium,2,46.99,43.1,67.87,-85.522,58.911,-96.64764404,153.1431742086787,target-only,0.5,41,1,0,1.5947766837302453,2.759474981362473,0.7871846697050093,0.0557062777874991,0.0514614345790265,1,1
experiment_results1.csv,perturbation_run,perturbation_gap,1,2026-04-21T21:04:53+08:00,20260421_210453_893862,controlled_perturbation_study,CTChest,perspective,tp_-85.52_58.91_-96.65,Mid,2,CTChest__perspective__tp_-85.52_58.91_-96.65__shot2_46.99__shot3m3m1_43.10__shot3m3m2_67.87,Medium,2,46.99,43.1,67.87,-85.522,58.911,-96.64764404,153.1431742086787,target-only,0.5,42,1,0,0.7340675731976156,1.5999786728092418,0.0022657868708027,0.0557062777874991,0.0514614345790265,1,1
experiment_results1.csv,perturbation_run,perturbation_gap,1,2026-04-21T21:04:54+08:00,20260421_210454_445086,controlled_perturbation_study,CTChest,perspective,tp_-85.52_58.91_-96.65,Mid,2,CTChest__perspective__tp_-85.52_58.91_-96.65__shot2_46.99__shot3m3m1_43.10__shot3m3m2_67.87,Medium,2,46.99,43.1,67.87,-85.522,58.911,-96.64764404,153.1431742086787,target-only,0.5,43,1,0,0.8465853776302773,1.897238758121437,0.0443601311467393,0.0557062777874991,0.0514614345790265,1,1
experiment_results1.csv,perturbation_run,perturbation_gap,1,2026-04-21T21:04:54+08:00,20260421_210454_926716,controlled_perturbation_study,CTChest,perspective,tp_-85.52_58.91_-96.65,Mid,2,CTChest__perspective__tp_-85.52_58.91_-96.65__shot2_46.99__shot3m3m1_43.10__shot3m3m2_67.87,Medium,2,46.99,43.1,67.87,-85.522,58.911,-96.64764404,153.1431742086787,target-only,0.5,44,1,0,0.2917264785779716,0.4304105039999606,0.0080829274295862,0.0557062777874991,0.0514614345790265,1,1
experiment_results1.csv,perturbation_run,perturbation_gap,1,2026-04-21T21:04:55+08:00,20260421_210455_476872,controlled_perturbation_study,CTChest,perspective,tp_-85.52_58.91_-96.65,Mid,2,CTChest__perspective__tp_-85.52_58.91_-96.65__shot2_46.99__shot3m3m1_43.10__shot3m3m2_67.87,Medium,2,46.99,43.1,67.87,-85.522,58.911,-96.64764404,153.1431742086787,target-only,0.5,45,1,0,0.4733216479286274,0.7746550607627782,0.9803993950141776,0.0557062777874991,0.0514614345790265,1,1
experiment_results1.csv,perturbation_run,perturbation_gap,1,2026-04-21T21:04:55+08:00,20260421_210455_907079,controlled_perturbation_study,CTChest,perspective,tp_-85.52_58.91_-96.65,Mid,2,CTChest__perspective__tp_-85.52_58.91_-96.65__shot2_46.99__shot3m3m1_43.10__shot3m3m2_67.87,Medium,2,46.99,43.1,67.87,-85.522,58.911,-96.64764404,153.1431742086787,target-only,0.5,46,1,0,0.7678264766435531,1.5595973092677489,0.6259260499623482,0.0557062777874991,0.0514614345790265,1,1
experiment_results1.csv,perturbation_run,perturbation_gap,1,2026-04-21T21:04:56+08:00,20260421_210456_467811,controlled_perturbation_study,CTChest,perspective,tp_-85.52_58.91_-96.65,Mid,2,CTChest__perspective__tp_-85.52_58.91_-96.65__shot2_46.99__shot3m3m1_43.10__shot3m3m2_67.87,Medium,2,46.99,43.1,67.87,-85.522,58.911,-96.64764404,153.1431742086787,target-only,0.5,47,1,0,0.8914927604982579,1.898959221477384,0.0975134642051597,0.0557062777874991,0.0514614345790265,1,1
experiment_results1.csv,perturbation_run,perturbation_gap,1,2026-04-21T21:04:56+08:00,20260421_210456_950142,controlled_perturbation_study,CTChest,perspective,tp_-85.52_58.91_-96.65,Mid,2,CTChest__perspective__tp_-85.52_58.91_-96.65__shot2_46.99__shot3m3m1_43.10__shot3m3m2_67.87,Medium,2,46.99,43.1,67.87,-85.522,58.911,-96.64764404,153.1431742086787,target-only,0.5,48,1,0,1.0878775998503345,2.1003911016565,0.4189273067597458,0.0557062777874991,0.0514614345790265,1,1
experiment_results1.csv,perturbation_run,perturbation_gap,1,2026-04-21T21:04:57+08:00,20260421_210457_433858,controlled_perturbation_study,CTChest,perspective,tp_-85.52_58.91_-96.65,Mid,2,CTChest__perspective__tp_-85.52_58.91_-96.65__shot2_46.99__shot3m3m1_43.10__shot3m3m2_67.87,Medium,2,46.99,43.1,67.87,-85.522,58.911,-96.64764404,153.1431742086787,target-only,0.5,49,1,0,0.5906497967620054,1.209910504863685,0.3089768676166679,0.0557062777874991,0.0514614345790265,1,1
experiment_results1.csv,perturbation_run,perturbation_gap,1,2026-04-21T21:04:57+08:00,20260421_210457_926037,controlled_perturbation_study,CTChest,perspective,tp_-85.52_58.91_-96.65,Mid,2,CTChest__perspective__tp_-85.52_58.91_-96.65__shot2_46.99__shot3m3m1_43.10__shot3m3m2_67.87,Medium,2,46.99,43.1,67.87,-85.522,58.911,-96.64764404,153.1431742086787,target-only,0.5,50,1,0,1.2670934181361482,2.314157342408917,0.3144004564664711,0.0557062777874991,0.0514614345790265,1,1
experiment_results1.csv,perturbation_run,perturbation_gap,1,2026-04-21T21:05:02+08:00,20260421_210502_990835,controlled_perturbation_study,CTChest,perspective,tp_-85.52_58.91_-96.65,Mid,2,CTChest__perspective__tp_-85.52_58.91_-96.65__shot2_46.99__shot3m3m1_43.10__shot3m3m2_67.87,Medium,2,46.99,43.1,67.87,-85.522,58.911,-96.64764404,153.1431742086787,target-only,1.0,1,1,0,0.8854103404638056,1.6442945419824035,0.735158255037226,0.0557062777874991,0.0514614345790265,1,1
experiment_results1.csv,perturbation_run,perturbation_gap,1,2026-04-21T21:05:03+08:00,20260421_210503_473446,controlled_perturbation_study,CTChest,perspective,tp_-85.52_58.91_-96.65,Mid,2,CTChest__perspective__tp_-85.52_58.91_-96.65__shot2_46.99__shot3m3m1_43.10__shot3m3m2_67.87,Medium,2,46.99,43.1,67.87,-85.522,58.911,-96.64764404,153.1431742086787,target-only,1.0,2,1,0,1.554812456079722,3.252337429265572,0.1349894519055218,0.0557062777874991,0.0514614345790265,1,1
experiment_results1.csv,perturbation_run,perturbation_gap,1,2026-04-21T21:05:03+08:00,20260421_210503_929338,controlled_perturbation_study,CTChest,perspective,tp_-85.52_58.91_-96.65,Mid,2,CTChest__perspective__tp_-85.52_58.91_-96.65__shot2_46.99__shot3m3m1_43.10__shot3m3m2_67.87,Medium,2,46.99,43.1,67.87,-85.522,58.911,-96.64764404,153.1431742086787,target-only,1.0,3,1,0,0.8265320863609084,1.520010160886884,0.9091063254274584,0.0557062777874991,0.0514614345790265,1,1
experiment_results1.csv,perturbation_run,perturbation_gap,1,2026-04-21T21:05:04+08:00,20260421_210504_251655,controlled_perturbation_study,CTChest,perspective,tp_-85.52_58.91_-96.65,Mid,2,CTChest__perspective__tp_-85.52_58.91_-96.65__shot2_46.99__shot3m3m1_43.10__shot3m3m2_67.87,Medium,2,46.99,43.1,67.87,-85.522,58.911,-96.64764404,153.1431742086787,target-only,1.0,4,1,0,1.0570715011347709,1.3724449626669672,0.5167252042777724,0.0557062777874991,0.0514614345790265,1,1
experiment_results1.csv,perturbation_run,perturbation_gap,1,2026-04-21T21:05:04+08:00,20260421_210504_587281,controlled_perturbation_study,CTChest,perspective,tp_-85.52_58.91_-96.65,Mid,2,CTChest__perspective__tp_-85.52_58.91_-96.65__shot2_46.99__shot3m3m1_43.10__shot3m3m2_67.87,Medium,2,46.99,43.1,67.87,-85.522,58.911,-96.64764404,153.1431742086787,target-only,1.0,5,1,0,0.3029342856507387,0.4604779060997095,0.6051851599980161,0.0557062777874991,0.0514614345790265,1,1
experiment_results1.csv,perturbation_run,perturbation_gap,1,2026-04-21T21:05:04+08:00,20260421_210504_902455,controlled_perturbation_study,CTChest,perspective,tp_-85.52_58.91_-96.65,Mid,2,CTChest__perspective__tp_-85.52_58.91_-96.65__shot2_46.99__shot3m3m1_43.10__shot3m3m2_67.87,Medium,2,46.99,43.1,67.87,-85.522,58.911,-96.64764404,153.1431742086787,target-only,1.0,6,1,0,0.3634698931272126,0.8304561090856045,0.6239000115761137,0.0557062777874991,0.0514614345790265,1,1
experiment_results1.csv,perturbation_run,perturbation_gap,1,2026-04-21T21:05:05+08:00,20260421_210505_222163,controlled_perturbation_study,CTChest,perspective,tp_-85.52_58.91_-96.65,Mid,2,CTChest__perspective__tp_-85.52_58.91_-96.65__shot2_46.99__shot3m3m1_43.10__shot3m3m2_67.87,Medium,2,46.99,43.1,67.87,-85.522,58.911,-96.64764404,153.1431742086787,target-only,1.0,7,1,0,0.4731670414835618,0.557831366160087,1.2531755316646995,0.0557062777874991,0.0514614345790265,1,1
experiment_results1.csv,perturbation_run,perturbation_gap,1,2026-04-21T21:05:05+08:00,20260421_210505_539133,controlled_perturbation_study,CTChest,perspective,tp_-85.52_58.91_-96.65,Mid,2,CTChest__perspective__tp_-85.52_58.91_-96.65__shot2_46.99__shot3m3m1_43.10__shot3m3m2_67.87,Medium,2,46.99,43.1,67.87,-85.522,58.911,-96.64764404,153.1431742086787,target-only,1.0,8,1,0,1.0660817639677518,1.8578689002141315,0.8210804975295508,0.0557062777874991,0.0514614345790265,1,1
experiment_results1.csv,perturbation_run,perturbation_gap,1,2026-04-21T21:05:05+08:00,20260421_210505_861089,controlled_perturbation_study,CTChest,perspective,tp_-85.52_58.91_-96.65,Mid,2,CTChest__perspective__tp_-85.52_58.91_-96.65__shot2_46.99__shot3m3m1_43.10__shot3m3m2_67.87,Medium,2,46.99,43.1,67.87,-85.522,58.911,-96.64764404,153.1431742086787,target-only,1.0,9,1,0,0.989210641520776,1.528293569056177,0.5500804305345633,0.0557062777874991,0.0514614345790265,1,1
experiment_results1.csv,perturbation_run,perturbation_gap,1,2026-04-21T21:05:06+08:00,20260421_210506_176124,controlled_perturbation_study,CTChest,perspective,tp_-85.52_58.91_-96.65,Mid,2,CTChest__perspective__tp_-85.52_58.91_-96.65__shot2_46.99__shot3m3m1_43.10__shot3m3m2_67.87,Medium,2,46.99,43.1,67.87,-85.522,58.911,-96.64764404,153.1431742086787,target-only,1.0,10,1,0,1.2185296045229586,2.6974618244698294,1.1631994035283897,0.0557062777874991,0.0514614345790265,1,1
experiment_results1.csv,perturbation_run,perturbation_gap,1,2026-04-21T21:05:06+08:00,20260421_210506_498396,controlled_perturbation_study,CTChest,perspective,tp_-85.52_58.91_-96.65,Mid,2,CTChest__perspective__tp_-85.52_58.91_-96.65__shot2_46.99__shot3m3m1_43.10__shot3m3m2_67.87,Medium,2,46.99,43.1,67.87,-85.522,58.911,-96.64764404,153.1431742086787,target-only,1.0,11,1,0,2.4015639538415545,4.343270143399765,0.2686647840193084,0.0557062777874991,0.0514614345790265,1,1
experiment_results1.csv,perturbation_run,perturbation_gap,1,2026-04-21T21:05:06+08:00,20260421_210506_828595,controlled_perturbation_study,CTChest,perspective,tp_-85.52_58.91_-96.65,Mid,2,CTChest__perspective__tp_-85.52_58.91_-96.65__shot2_46.99__shot3m3m1_43.10__shot3m3m2_67.87,Medium,2,46.99,43.1,67.87,-85.522,58.911,-96.64764404,153.1431742086787,target-only,1.0,12,1,0,0.703228774189397,1.2495886880856062,0.0255591815985122,0.0557062777874991,0.0514614345790265,1,1
experiment_results1.csv,perturbation_run,perturbation_gap,1,2026-04-21T21:05:07+08:00,20260421_210507_158787,controlled_perturbation_study,CTChest,perspective,tp_-85.52_58.91_-96.65,Mid,2,CTChest__perspective__tp_-85.52_58.91_-96.65__shot2_46.99__shot3m3m1_43.10__shot3m3m2_67.87,Medium,2,46.99,43.1,67.87,-85.522,58.911,-96.64764404,153.1431742086787,target-only,1.0,13,1,0,1.9081874228427629,2.1441054325757625,1.29854190267088,0.0557062777874991,0.0514614345790265,1,1
experiment_results1.csv,perturbation_run,perturbation_gap,1,2026-04-21T21:05:07+08:00,20260421_210507_535081,controlled_perturbation_study,CTChest,perspective,tp_-85.52_58.91_-96.65,Mid,2,CTChest__perspective__tp_-85.52_58.91_-96.65__shot2_46.99__shot3m3m1_43.10__shot3m3m2_67.87,Medium,2,46.99,43.1,67.87,-85.522,58.911,-96.64764404,153.1431742086787,target-only,1.0,14,1,0,1.7108097267869251,0.414485648964062,0.531253818901189,0.0557062777874991,0.0514614345790265,1,1
experiment_results1.csv,perturbation_run,perturbation_gap,1,2026-04-21T21:05:07+08:00,20260421_210507_902961,controlled_perturbation_study,CTChest,perspective,tp_-85.52_58.91_-96.65,Mid,2,CTChest__perspective__tp_-85.52_58.91_-96.65__shot2_46.99__shot3m3m1_43.10__shot3m3m2_67.87,Medium,2,46.99,43.1,67.87,-85.522,58.911,-96.64764404,153.1431742086787,target-only,1.0,15,1,0,1.772074708446752,2.561498297735717,0.3396493521017181,0.0557062777874991,0.0514614345790265,1,1
experiment_results1.csv,perturbation_run,perturbation_gap,1,2026-04-21T21:05:08+08:00,20260421_210508_314510,controlled_perturbation_study,CTChest,perspective,tp_-85.52_58.91_-96.65,Mid,2,CTChest__perspective__tp_-85.52_58.91_-96.65__shot2_46.99__shot3m3m1_43.10__shot3m3m2_67.87,Medium,2,46.99,43.1,67.87,-85.522,58.911,-96.64764404,153.1431742086787,target-only,1.0,16,1,0,0.2541422560061417,0.3042462885281219,1.035804530403916,0.0557062777874991,0.0514614345790265,1,1
experiment_results1.csv,perturbation_run,perturbation_gap,1,2026-04-21T21:05:08+08:00,20260421_210508_676942,controlled_perturbation_study,CTChest,perspective,tp_-85.52_58.91_-96.65,Mid,2,CTChest__perspective__tp_-85.52_58.91_-96.65__shot2_46.99__shot3m3m1_43.10__shot3m3m2_67.87,Medium,2,46.99,43.1,67.87,-85.522,58.911,-96.64764404,153.1431742086787,target-only,1.0,17,1,0,1.6203520279982746,3.356776788755515,0.9779325227468542,0.0557062777874991,0.0514614345790265,1,1
experiment_results1.csv,perturbation_run,perturbation_gap,1,2026-04-21T21:05:09+08:00,20260421_210509_106879,controlled_perturbation_study,CTChest,perspective,tp_-85.52_58.91_-96.65,Mid,2,CTChest__perspective__tp_-85.52_58.91_-96.65__shot2_46.99__shot3m3m1_43.10__shot3m3m2_67.87,Medium,2,46.99,43.1,67.87,-85.522,58.911,-96.64764404,153.1431742086787,target-only,1.0,18,1,0,0.1399162355900192,0.4156064937391301,0.8811841804350931,0.0557062777874991,0.0514614345790265,1,1
experiment_results1.csv,perturbation_run,perturbation_gap,1,2026-04-21T21:05:09+08:00,20260421_210509_494274,controlled_perturbation_study,CTChest,perspective,tp_-85.52_58.91_-96.65,Mid,2,CTChest__perspective__tp_-85.52_58.91_-96.65__shot2_46.99__shot3m3m1_43.10__shot3m3m2_67.87,Medium,2,46.99,43.1,67.87,-85.522,58.911,-96.64764404,153.1431742086787,target-only,1.0,19,1,0,0.5231404292309192,1.0759071890463736,0.981365599203594,0.0557062777874991,0.0514614345790265,1,1
experiment_results1.csv,perturbation_run,perturbation_gap,1,2026-04-21T21:05:09+08:00,20260421_210509_895411,controlled_perturbation_study,CTChest,perspective,tp_-85.52_58.91_-96.65,Mid,2,CTChest__perspective__tp_-85.52_58.91_-96.65__shot2_46.99__shot3m3m1_43.10__shot3m3m2_67.87,Medium,2,46.99,43.1,67.87,-85.522,58.911,-96.64764404,153.1431742086787,target-only,1.0,20,1,0,0.5969213640949173,1.2278790416759595,0.1974396941297928,0.0557062777874991,0.0514614345790265,1,1
experiment_results1.csv,perturbation_run,perturbation_gap,1,2026-04-21T21:05:10+08:00,20260421_210510_295182,controlled_perturbation_study,CTChest,perspective,tp_-85.52_58.91_-96.65,Mid,2,CTChest__perspective__tp_-85.52_58.91_-96.65__shot2_46.99__shot3m3m1_43.10__shot3m3m2_67.87,Medium,2,46.99,43.1,67.87,-85.522,58.911,-96.64764404,153.1431742086787,target-only,1.0,21,1,0,0.542600830061567,1.013062047747385,0.0843382629933942,0.0557062777874991,0.0514614345790265,1,1
experiment_results1.csv,perturbation_run,perturbation_gap,1,2026-04-21T21:05:10+08:00,20260421_210510_701325,controlled_perturbation_study,CTChest,perspective,tp_-85.52_58.91_-96.65,Mid,2,CTChest__perspective__tp_-85.52_58.91_-96.65__shot2_46.99__shot3m3m1_43.10__shot3m3m2_67.87,Medium,2,46.99,43.1,67.87,-85.522,58.911,-96.64764404,153.1431742086787,target-only,1.0,22,1,0,0.9781214277994864,1.4646203723720344,0.1465970526876333,0.0557062777874991,0.0514614345790265,1,1
experiment_results1.csv,perturbation_run,perturbation_gap,1,2026-04-21T21:05:11+08:00,20260421_210511_118973,controlled_perturbation_study,CTChest,perspective,tp_-85.52_58.91_-96.65,Mid,2,CTChest__perspective__tp_-85.52_58.91_-96.65__shot2_46.99__shot3m3m1_43.10__shot3m3m2_67.87,Medium,2,46.99,43.1,67.87,-85.522,58.911,-96.64764404,153.1431742086787,target-only,1.0,23,1,0,1.2492063291992823,2.5103202631039565,0.4715764178069625,0.0557062777874991,0.0514614345790265,1,1
experiment_results1.csv,perturbation_run,perturbation_gap,1,2026-04-21T21:05:11+08:00,20260421_210511_609247,controlled_perturbation_study,CTChest,perspective,tp_-85.52_58.91_-96.65,Mid,2,CTChest__perspective__tp_-85.52_58.91_-96.65__shot2_46.99__shot3m3m1_43.10__shot3m3m2_67.87,Medium,2,46.99,43.1,67.87,-85.522,58.911,-96.64764404,153.1431742086787,target-only,1.0,24,1,0,0.7058906723241862,1.5951432318956669,0.1054260538749288,0.0557062777874991,0.0514614345790265,1,1
experiment_results1.csv,perturbation_run,perturbation_gap,1,2026-04-21T21:05:12+08:00,20260421_210512_049146,controlled_perturbation_study,CTChest,perspective,tp_-85.52_58.91_-96.65,Mid,2,CTChest__perspective__tp_-85.52_58.91_-96.65__shot2_46.99__shot3m3m1_43.10__shot3m3m2_67.87,Medium,2,46.99,43.1,67.87,-85.522,58.911,-96.64764404,153.1431742086787,target-only,1.0,25,1,0,0.3757313390906373,0.5820874741602302,0.2770191352584488,0.0557062777874991,0.0514614345790265,1,1
experiment_results1.csv,perturbation_run,perturbation_gap,1,2026-04-21T21:05:12+08:00,20260421_210512_498341,controlled_perturbation_study,CTChest,perspective,tp_-85.52_58.91_-96.65,Mid,2,CTChest__perspective__tp_-85.52_58.91_-96.65__shot2_46.99__shot3m3m1_43.10__shot3m3m2_67.87,Medium,2,46.99,43.1,67.87,-85.522,58.911,-96.64764404,153.1431742086787,target-only,1.0,26,1,0,1.0701488011550844,2.150924881619109,1.400778914187364,0.0557062777874991,0.0514614345790265,1,1
experiment_results1.csv,perturbation_run,perturbation_gap,1,2026-04-21T21:05:12+08:00,20260421_210512_968673,controlled_perturbation_study,CTChest,perspective,tp_-85.52_58.91_-96.65,Mid,2,CTChest__perspective__tp_-85.52_58.91_-96.65__shot2_46.99__shot3m3m1_43.10__shot3m3m2_67.87,Medium,2,46.99,43.1,67.87,-85.522,58.911,-96.64764404,153.1431742086787,target-only,1.0,27,1,0,1.7692475584822476,1.8277790489837704,1.190519659403927,0.0557062777874991,0.0514614345790265,1,1
experiment_results1.csv,perturbation_run,perturbation_gap,1,2026-04-21T21:05:13+08:00,20260421_210513_434960,controlled_perturbation_study,CTChest,perspective,tp_-85.52_58.91_-96.65,Mid,2,CTChest__perspective__tp_-85.52_58.91_-96.65__shot2_46.99__shot3m3m1_43.10__shot3m3m2_67.87,Medium,2,46.99,43.1,67.87,-85.522,58.911,-96.64764404,153.1431742086787,target-only,1.0,28,1,0,1.1226344436965772,2.4482214211044075,1.1629704091270336,0.0557062777874991,0.0514614345790265,1,1
experiment_results1.csv,perturbation_run,perturbation_gap,1,2026-04-21T21:05:13+08:00,20260421_210513_898936,controlled_perturbation_study,CTChest,perspective,tp_-85.52_58.91_-96.65,Mid,2,CTChest__perspective__tp_-85.52_58.91_-96.65__shot2_46.99__shot3m3m1_43.10__shot3m3m2_67.87,Medium,2,46.99,43.1,67.87,-85.522,58.911,-96.64764404,153.1431742086787,target-only,1.0,29,1,0,0.8439562627415887,1.135937234687982,0.0677654232079088,0.0557062777874991,0.0514614345790265,1,1
experiment_results1.csv,perturbation_run,perturbation_gap,1,2026-04-21T21:05:14+08:00,20260421_210514_367090,controlled_perturbation_study,CTChest,perspective,tp_-85.52_58.91_-96.65,Mid,2,CTChest__perspective__tp_-85.52_58.91_-96.65__shot2_46.99__shot3m3m1_43.10__shot3m3m2_67.87,Medium,2,46.99,43.1,67.87,-85.522,58.911,-96.64764404,153.1431742086787,target-only,1.0,30,1,0,1.6862000396888064,2.2023504875851816,0.1481818586913168,0.0557062777874991,0.0514614345790265,1,1
experiment_results1.csv,perturbation_run,perturbation_gap,1,2026-04-21T21:05:14+08:00,20260421_210514_900749,controlled_perturbation_study,CTChest,perspective,tp_-85.52_58.91_-96.65,Mid,2,CTChest__perspective__tp_-85.52_58.91_-96.65__shot2_46.99__shot3m3m1_43.10__shot3m3m2_67.87,Medium,2,46.99,43.1,67.87,-85.522,58.911,-96.64764404,153.1431742086787,target-only,1.0,31,1,0,1.037711695652183,1.6379805704441128,0.9221598494028476,0.0557062777874991,0.0514614345790265,1,1
experiment_results1.csv,perturbation_run,perturbation_gap,1,2026-04-21T21:05:15+08:00,20260421_210515_364445,controlled_perturbation_study,CTChest,perspective,tp_-85.52_58.91_-96.65,Mid,2,CTChest__perspective__tp_-85.52_58.91_-96.65__shot2_46.99__shot3m3m1_43.10__shot3m3m2_67.87,Medium,2,46.99,43.1,67.87,-85.522,58.911,-96.64764404,153.1431742086787,target-only,1.0,32,1,0,0.9599263372230936,0.9655169171611708,0.0780836084624356,0.0557062777874991,0.0514614345790265,1,1
experiment_results1.csv,perturbation_run,perturbation_gap,1,2026-04-21T21:05:15+08:00,20260421_210515_896849,controlled_perturbation_study,CTChest,perspective,tp_-85.52_58.91_-96.65,Mid,2,CTChest__perspective__tp_-85.52_58.91_-96.65__shot2_46.99__shot3m3m1_43.10__shot3m3m2_67.87,Medium,2,46.99,43.1,67.87,-85.522,58.911,-96.64764404,153.1431742086787,target-only,1.0,33,1,0,1.1852630686417025,1.884125527493577,1.5845508337075966,0.0557062777874991,0.0514614345790265,1,1
experiment_results1.csv,perturbation_run,perturbation_gap,1,2026-04-21T21:05:16+08:00,20260421_210516_304841,controlled_perturbation_study,CTChest,perspective,tp_-85.52_58.91_-96.65,Mid,2,CTChest__perspective__tp_-85.52_58.91_-96.65__shot2_46.99__shot3m3m1_43.10__shot3m3m2_67.87,Medium,2,46.99,43.1,67.87,-85.522,58.911,-96.64764404,153.1431742086787,target-only,1.0,34,1,0,2.248374119918364,4.52578495748711,1.356592846307293,0.0557062777874991,0.0514614345790265,1,1
experiment_results1.csv,perturbation_run,perturbation_gap,1,2026-04-21T21:05:16+08:00,20260421_210516_902055,controlled_perturbation_study,CTChest,perspective,tp_-85.52_58.91_-96.65,Mid,2,CTChest__perspective__tp_-85.52_58.91_-96.65__shot2_46.99__shot3m3m1_43.10__shot3m3m2_67.87,Medium,2,46.99,43.1,67.87,-85.522,58.911,-96.64764404,153.1431742086787,target-only,1.0,35,1,0,0.5355874313363502,1.0006330310324665,0.6968147576176781,0.0557062777874991,0.0514614345790265,1,1
experiment_results1.csv,perturbation_run,perturbation_gap,1,2026-04-21T21:05:17+08:00,20260421_210517_458808,controlled_perturbation_study,CTChest,perspective,tp_-85.52_58.91_-96.65,Mid,2,CTChest__perspective__tp_-85.52_58.91_-96.65__shot2_46.99__shot3m3m1_43.10__shot3m3m2_67.87,Medium,2,46.99,43.1,67.87,-85.522,58.911,-96.64764404,153.1431742086787,target-only,1.0,36,1,0,0.7686698632735813,1.3627455546616078,0.0707707870545571,0.0557062777874991,0.0514614345790265,1,1
experiment_results1.csv,perturbation_run,perturbation_gap,1,2026-04-21T21:05:17+08:00,20260421_210517_943766,controlled_perturbation_study,CTChest,perspective,tp_-85.52_58.91_-96.65,Mid,2,CTChest__perspective__tp_-85.52_58.91_-96.65__shot2_46.99__shot3m3m1_43.10__shot3m3m2_67.87,Medium,2,46.99,43.1,67.87,-85.522,58.911,-96.64764404,153.1431742086787,target-only,1.0,37,1,0,0.7405723241883615,1.6945634985454707,0.2064539366087414,0.0557062777874991,0.0514614345790265,1,1
experiment_results1.csv,perturbation_run,perturbation_gap,1,2026-04-21T21:05:18+08:00,20260421_210518_505292,controlled_perturbation_study,CTChest,perspective,tp_-85.52_58.91_-96.65,Mid,2,CTChest__perspective__tp_-85.52_58.91_-96.65__shot2_46.99__shot3m3m1_43.10__shot3m3m2_67.87,Medium,2,46.99,43.1,67.87,-85.522,58.911,-96.64764404,153.1431742086787,target-only,1.0,38,1,0,0.3992067438417709,0.8170310332024373,0.3495783210000036,0.0557062777874991,0.0514614345790265,1,1
experiment_results1.csv,perturbation_run,perturbation_gap,1,2026-04-21T21:05:18+08:00,20260421_210518_990442,controlled_perturbation_study,CTChest,perspective,tp_-85.52_58.91_-96.65,Mid,2,CTChest__perspective__tp_-85.52_58.91_-96.65__shot2_46.99__shot3m3m1_43.10__shot3m3m2_67.87,Medium,2,46.99,43.1,67.87,-85.522,58.911,-96.64764404,153.1431742086787,target-only,1.0,39,1,0,2.885048234764597,5.609156126532861,0.2188587878826483,0.0557062777874991,0.0514614345790265,1,1
experiment_results1.csv,perturbation_run,perturbation_gap,1,2026-04-21T21:05:19+08:00,20260421_210519_551106,controlled_perturbation_study,CTChest,perspective,tp_-85.52_58.91_-96.65,Mid,2,CTChest__perspective__tp_-85.52_58.91_-96.65__shot2_46.99__shot3m3m1_43.10__shot3m3m2_67.87,Medium,2,46.99,43.1,67.87,-85.522,58.911,-96.64764404,153.1431742086787,target-only,1.0,40,1,0,1.9176688703300129,3.6263661793531288,0.081794620924518,0.0557062777874991,0.0514614345790265,1,1
experiment_results1.csv,perturbation_run,perturbation_gap,1,2026-04-21T21:05:20+08:00,20260421_210520_109422,controlled_perturbation_study,CTChest,perspective,tp_-85.52_58.91_-96.65,Mid,2,CTChest__perspective__tp_-85.52_58.91_-96.65__shot2_46.99__shot3m3m1_43.10__shot3m3m2_67.87,Medium,2,46.99,43.1,67.87,-85.522,58.911,-96.64764404,153.1431742086787,target-only,1.0,41,1,0,0.8115674551858476,1.7822571830423335,0.1069642280788948,0.0557062777874991,0.0514614345790265,1,1
experiment_results1.csv,perturbation_run,perturbation_gap,1,2026-04-21T21:05:20+08:00,20260421_210520_608517,controlled_perturbation_study,CTChest,perspective,tp_-85.52_58.91_-96.65,Mid,2,CTChest__perspective__tp_-85.52_58.91_-96.65__shot2_46.99__shot3m3m1_43.10__shot3m3m2_67.87,Medium,2,46.99,43.1,67.87,-85.522,58.911,-96.64764404,153.1431742086787,target-only,1.0,42,1,0,0.8659053771514541,1.703185782165788,0.3086441057137291,0.0557062777874991,0.0514614345790265,1,1
experiment_results1.csv,perturbation_run,perturbation_gap,1,2026-04-21T21:05:21+08:00,20260421_210521_632871,controlled_perturbation_study,CTChest,perspective,tp_-85.52_58.91_-96.65,Mid,2,CTChest__perspective__tp_-85.52_58.91_-96.65__shot2_46.99__shot3m3m1_43.10__shot3m3m2_67.87,Medium,2,46.99,43.1,67.87,-85.522,58.911,-96.64764404,153.1431742086787,target-only,1.0,43,1,0,0.3632879687191233,0.4208833176152025,0.151840802811811,0.0557062777874991,0.0514614345790265,1,1
experiment_results1.csv,perturbation_run,perturbation_gap,1,2026-04-21T21:05:22+08:00,20260421_210522_046948,controlled_perturbation_study,CTChest,perspective,tp_-85.52_58.91_-96.65,Mid,2,CTChest__perspective__tp_-85.52_58.91_-96.65__shot2_46.99__shot3m3m1_43.10__shot3m3m2_67.87,Medium,2,46.99,43.1,67.87,-85.522,58.911,-96.64764404,153.1431742086787,target-only,1.0,44,1,0,0.6652244318817154,0.9405838897085111,0.0378612171266125,0.0557062777874991,0.0514614345790265,1,1
experiment_results1.csv,perturbation_run,perturbation_gap,1,2026-04-21T21:05:22+08:00,20260421_210522_436725,controlled_perturbation_study,CTChest,perspective,tp_-85.52_58.91_-96.65,Mid,2,CTChest__perspective__tp_-85.52_58.91_-96.65__shot2_46.99__shot3m3m1_43.10__shot3m3m2_67.87,Medium,2,46.99,43.1,67.87,-85.522,58.911,-96.64764404,153.1431742086787,target-only,1.0,45,1,0,0.7046070760547359,1.4935096408380049,0.2004267831504437,0.0557062777874991,0.0514614345790265,1,1
experiment_results1.csv,perturbation_run,perturbation_gap,1,2026-04-21T21:05:22+08:00,20260421_210522_752394,controlled_perturbation_study,CTChest,perspective,tp_-85.52_58.91_-96.65,Mid,2,CTChest__perspective__tp_-85.52_58.91_-96.65__shot2_46.99__shot3m3m1_43.10__shot3m3m2_67.87,Medium,2,46.99,43.1,67.87,-85.522,58.911,-96.64764404,153.1431742086787,target-only,1.0,46,1,0,1.1375333030309362,1.7128130265014714,0.080412249623708,0.0557062777874991,0.0514614345790265,1,1
experiment_results1.csv,perturbation_run,perturbation_gap,1,2026-04-21T21:05:23+08:00,20260421_210523_068292,controlled_perturbation_study,CTChest,perspective,tp_-85.52_58.91_-96.65,Mid,2,CTChest__perspective__tp_-85.52_58.91_-96.65__shot2_46.99__shot3m3m1_43.10__shot3m3m2_67.87,Medium,2,46.99,43.1,67.87,-85.522,58.911,-96.64764404,153.1431742086787,target-only,1.0,47,1,0,2.0661987814893013,4.171134042699765,0.9571605901130246,0.0557062777874991,0.0514614345790265,1,1
experiment_results1.csv,perturbation_run,perturbation_gap,1,2026-04-21T21:05:23+08:00,20260421_210523_397295,controlled_perturbation_study,CTChest,perspective,tp_-85.52_58.91_-96.65,Mid,2,CTChest__perspective__tp_-85.52_58.91_-96.65__shot2_46.99__shot3m3m1_43.10__shot3m3m2_67.87,Medium,2,46.99,43.1,67.87,-85.522,58.911,-96.64764404,153.1431742086787,target-only,1.0,48,1,0,1.34188261650538,2.585464095269122,0.7954369520306985,0.0557062777874991,0.0514614345790265,1,1
experiment_results1.csv,perturbation_run,perturbation_gap,1,2026-04-21T21:05:23+08:00,20260421_210523_758646,controlled_perturbation_study,CTChest,perspective,tp_-85.52_58.91_-96.65,Mid,2,CTChest__perspective__tp_-85.52_58.91_-96.65__shot2_46.99__shot3m3m1_43.10__shot3m3m2_67.87,Medium,2,46.99,43.1,67.87,-85.522,58.911,-96.64764404,153.1431742086787,target-only,1.0,49,1,0,0.7924129682111963,1.3445417504061,0.2374346570409689,0.0557062777874991,0.0514614345790265,1,1
experiment_results1.csv,perturbation_run,perturbation_gap,1,2026-04-21T21:05:24+08:00,20260421_210524_081166,controlled_perturbation_study,CTChest,perspective,tp_-85.52_58.91_-96.65,Mid,2,CTChest__perspective__tp_-85.52_58.91_-96.65__shot2_46.99__shot3m3m1_43.10__shot3m3m2_67.87,Medium,2,46.99,43.1,67.87,-85.522,58.911,-96.64764404,153.1431742086787,target-only,1.0,50,1,0,0.9840836200075144,1.98067296322856,0.5331613700889573,0.0557062777874991,0.0514614345790265,1,1
experiment_results1.csv,perturbation_run,perturbation_gap,1,2026-04-21T21:05:29+08:00,20260421_210529_675401,controlled_perturbation_study,CTChest,perspective,tp_-85.52_58.91_-96.65,Mid,2,CTChest__perspective__tp_-85.52_58.91_-96.65__shot2_46.99__shot3m3m1_43.10__shot3m3m2_67.87,Medium,2,46.99,43.1,67.87,-85.522,58.911,-96.64764404,153.1431742086787,target-only,2.0,1,1,0,1.5024850263684173,3.174910479713576,1.4979196760899105,0.0557062777874991,0.0514614345790265,1,1
experiment_results1.csv,perturbation_run,perturbation_gap,1,2026-04-21T21:05:29+08:00,20260421_210529_969487,controlled_perturbation_study,CTChest,perspective,tp_-85.52_58.91_-96.65,Mid,2,CTChest__perspective__tp_-85.52_58.91_-96.65__shot2_46.99__shot3m3m1_43.10__shot3m3m2_67.87,Medium,2,46.99,43.1,67.87,-85.522,58.911,-96.64764404,153.1431742086787,target-only,2.0,2,1,0,1.6715434731190373,3.347370852871409,1.788836548066908,0.0557062777874991,0.0514614345790265,1,1
experiment_results1.csv,perturbation_run,perturbation_gap,1,2026-04-21T21:05:30+08:00,20260421_210530_303625,controlled_perturbation_study,CTChest,perspective,tp_-85.52_58.91_-96.65,Mid,2,CTChest__perspective__tp_-85.52_58.91_-96.65__shot2_46.99__shot3m3m1_43.10__shot3m3m2_67.87,Medium,2,46.99,43.1,67.87,-85.522,58.911,-96.64764404,153.1431742086787,target-only,2.0,3,1,0,1.887395057252218,2.835895680331752,3.998448905471205,0.0557062777874991,0.0514614345790265,1,1
experiment_results1.csv,perturbation_run,perturbation_gap,1,2026-04-21T21:05:30+08:00,20260421_210530_624633,controlled_perturbation_study,CTChest,perspective,tp_-85.52_58.91_-96.65,Mid,2,CTChest__perspective__tp_-85.52_58.91_-96.65__shot2_46.99__shot3m3m1_43.10__shot3m3m2_67.87,Medium,2,46.99,43.1,67.87,-85.522,58.911,-96.64764404,153.1431742086787,target-only,2.0,4,1,0,1.057239248234341,2.09022061442166,1.6833101509619048,0.0557062777874991,0.0514614345790265,1,1
experiment_results1.csv,perturbation_run,perturbation_gap,1,2026-04-21T21:05:30+08:00,20260421_210530_988296,controlled_perturbation_study,CTChest,perspective,tp_-85.52_58.91_-96.65,Mid,2,CTChest__perspective__tp_-85.52_58.91_-96.65__shot2_46.99__shot3m3m1_43.10__shot3m3m2_67.87,Medium,2,46.99,43.1,67.87,-85.522,58.911,-96.64764404,153.1431742086787,target-only,2.0,5,1,0,1.2999961019577964,0.9785411734494333,0.0736328784136736,0.0557062777874991,0.0514614345790265,1,1
experiment_results1.csv,perturbation_run,perturbation_gap,1,2026-04-21T21:05:31+08:00,20260421_210531_312849,controlled_perturbation_study,CTChest,perspective,tp_-85.52_58.91_-96.65,Mid,2,CTChest__perspective__tp_-85.52_58.91_-96.65__shot2_46.99__shot3m3m1_43.10__shot3m3m2_67.87,Medium,2,46.99,43.1,67.87,-85.522,58.911,-96.64764404,153.1431742086787,target-only,2.0,6,1,0,5.1920910937990055,10.678227306142205,1.814581954234283,0.0557062777874991,0.0514614345790265,1,1
experiment_results1.csv,perturbation_run,perturbation_gap,1,2026-04-21T21:05:31+08:00,20260421_210531_665086,controlled_perturbation_study,CTChest,perspective,tp_-85.52_58.91_-96.65,Mid,2,CTChest__perspective__tp_-85.52_58.91_-96.65__shot2_46.99__shot3m3m1_43.10__shot3m3m2_67.87,Medium,2,46.99,43.1,67.87,-85.522,58.911,-96.64764404,153.1431742086787,target-only,2.0,7,1,0,2.0299041456134583,3.994371123574137,2.4266619411456927,0.0557062777874991,0.0514614345790265,1,1
experiment_results1.csv,perturbation_run,perturbation_gap,1,2026-04-21T21:05:32+08:00,20260421_210532_024149,controlled_perturbation_study,CTChest,perspective,tp_-85.52_58.91_-96.65,Mid,2,CTChest__perspective__tp_-85.52_58.91_-96.65__shot2_46.99__shot3m3m1_43.10__shot3m3m2_67.87,Medium,2,46.99,43.1,67.87,-85.522,58.911,-96.64764404,153.1431742086787,target-only,2.0,8,1,0,1.0337348612868598,2.0669895606159248,1.3685245546579352,0.0557062777874991,0.0514614345790265,1,1
experiment_results1.csv,perturbation_run,perturbation_gap,1,2026-04-21T21:05:32+08:00,20260421_210532_350140,controlled_perturbation_study,CTChest,perspective,tp_-85.52_58.91_-96.65,Mid,2,CTChest__perspective__tp_-85.52_58.91_-96.65__shot2_46.99__shot3m3m1_43.10__shot3m3m2_67.87,Medium,2,46.99,43.1,67.87,-85.522,58.911,-96.64764404,153.1431742086787,target-only,2.0,9,1,0,1.5416281259663995,2.527128264478752,1.2344818651754224,0.0557062777874991,0.0514614345790265,1,1
experiment_results1.csv,perturbation_run,perturbation_gap,1,2026-04-21T21:05:32+08:00,20260421_210532_636005,controlled_perturbation_study,CTChest,perspective,tp_-85.52_58.91_-96.65,Mid,2,CTChest__perspective__tp_-85.52_58.91_-96.65__shot2_46.99__shot3m3m1_43.10__shot3m3m2_67.87,Medium,2,46.99,43.1,67.87,-85.522,58.911,-96.64764404,153.1431742086787,target-only,2.0,10,1,0,1.173777746401219,2.659501465512223,0.1394094521215103,0.0557062777874991,0.0514614345790265,1,1
experiment_results1.csv,perturbation_run,perturbation_gap,1,2026-04-21T21:05:33+08:00,20260421_210533_008155,controlled_perturbation_study,CTChest,perspective,tp_-85.52_58.91_-96.65,Mid,2,CTChest__perspective__tp_-85.52_58.91_-96.65__shot2_46.99__shot3m3m1_43.10__shot3m3m2_67.87,Medium,2,46.99,43.1,67.87,-85.522,58.911,-96.64764404,153.1431742086787,target-only,2.0,11,1,0,5.525785144213084,8.667830363432502,0.1337301012488894,0.0557062777874991,0.0514614345790265,1,1
experiment_results1.csv,perturbation_run,perturbation_gap,1,2026-04-21T21:05:33+08:00,20260421_210533_385375,controlled_perturbation_study,CTChest,perspective,tp_-85.52_58.91_-96.65,Mid,2,CTChest__perspective__tp_-85.52_58.91_-96.65__shot2_46.99__shot3m3m1_43.10__shot3m3m2_67.87,Medium,2,46.99,43.1,67.87,-85.522,58.911,-96.64764404,153.1431742086787,target-only,2.0,12,1,0,1.1747012136446675,2.273020051266596,0.0986350325721865,0.0557062777874991,0.0514614345790265,1,1
experiment_results1.csv,perturbation_run,perturbation_gap,1,2026-04-21T21:05:33+08:00,20260421_210533_767402,controlled_perturbation_study,CTChest,perspective,tp_-85.52_58.91_-96.65,Mid,2,CTChest__perspective__tp_-85.52_58.91_-96.65__shot2_46.99__shot3m3m1_43.10__shot3m3m2_67.87,Medium,2,46.99,43.1,67.87,-85.522,58.911,-96.64764404,153.1431742086787,target-only,2.0,13,1,0,4.536572538558702,8.845488463366584,1.6680557532230222,0.0557062777874991,0.0514614345790265,1,1
experiment_results1.csv,perturbation_run,perturbation_gap,1,2026-04-21T21:05:34+08:00,20260421_210534_138675,controlled_perturbation_study,CTChest,perspective,tp_-85.52_58.91_-96.65,Mid,2,CTChest__perspective__tp_-85.52_58.91_-96.65__shot2_46.99__shot3m3m1_43.10__shot3m3m2_67.87,Medium,2,46.99,43.1,67.87,-85.522,58.911,-96.64764404,153.1431742086787,target-only,2.0,14,1,0,0.6843701203615273,1.2576663326870867,1.8296692423778549,0.0557062777874991,0.0514614345790265,1,1
experiment_results1.csv,perturbation_run,perturbation_gap,1,2026-04-21T21:05:34+08:00,20260421_210534_502893,controlled_perturbation_study,CTChest,perspective,tp_-85.52_58.91_-96.65,Mid,2,CTChest__perspective__tp_-85.52_58.91_-96.65__shot2_46.99__shot3m3m1_43.10__shot3m3m2_67.87,Medium,2,46.99,43.1,67.87,-85.522,58.911,-96.64764404,153.1431742086787,target-only,2.0,15,1,0,2.5006052965348724,4.748115633480341,2.8536191420047783,0.0557062777874991,0.0514614345790265,1,1
experiment_results1.csv,perturbation_run,perturbation_gap,1,2026-04-21T21:05:34+08:00,20260421_210534_826141,controlled_perturbation_study,CTChest,perspective,tp_-85.52_58.91_-96.65,Mid,2,CTChest__perspective__tp_-85.52_58.91_-96.65__shot2_46.99__shot3m3m1_43.10__shot3m3m2_67.87,Medium,2,46.99,43.1,67.87,-85.522,58.911,-96.64764404,153.1431742086787,target-only,2.0,16,1,0,1.0434387268817389,1.5133567190654102,2.0509798023787376,0.0557062777874991,0.0514614345790265,1,1
experiment_results1.csv,perturbation_run,perturbation_gap,1,2026-04-21T21:05:35+08:00,20260421_210535_238483,controlled_perturbation_study,CTChest,perspective,tp_-85.52_58.91_-96.65,Mid,2,CTChest__perspective__tp_-85.52_58.91_-96.65__shot2_46.99__shot3m3m1_43.10__shot3m3m2_67.87,Medium,2,46.99,43.1,67.87,-85.522,58.911,-96.64764404,153.1431742086787,target-only,2.0,17,1,0,2.085833777257218,3.78521892303249,0.3041578812926246,0.0557062777874991,0.0514614345790265,1,1
experiment_results1.csv,perturbation_run,perturbation_gap,1,2026-04-21T21:05:35+08:00,20260421_210535_573733,controlled_perturbation_study,CTChest,perspective,tp_-85.52_58.91_-96.65,Mid,2,CTChest__perspective__tp_-85.52_58.91_-96.65__shot2_46.99__shot3m3m1_43.10__shot3m3m2_67.87,Medium,2,46.99,43.1,67.87,-85.522,58.911,-96.64764404,153.1431742086787,target-only,2.0,18,1,0,2.1603042632675176,2.522055968823098,1.2383729498372071,0.0557062777874991,0.0514614345790265,1,1
experiment_results1.csv,perturbation_run,perturbation_gap,1,2026-04-21T21:05:36+08:00,20260421_210536_009379,controlled_perturbation_study,CTChest,perspective,tp_-85.52_58.91_-96.65,Mid,2,CTChest__perspective__tp_-85.52_58.91_-96.65__shot2_46.99__shot3m3m1_43.10__shot3m3m2_67.87,Medium,2,46.99,43.1,67.87,-85.522,58.911,-96.64764404,153.1431742086787,target-only,2.0,19,1,0,1.5238432702352678,2.9373139884539823,1.3211061653495346,0.0557062777874991,0.0514614345790265,1,1
experiment_results1.csv,perturbation_run,perturbation_gap,1,2026-04-21T21:05:36+08:00,20260421_210536_401450,controlled_perturbation_study,CTChest,perspective,tp_-85.52_58.91_-96.65,Mid,2,CTChest__perspective__tp_-85.52_58.91_-96.65__shot2_46.99__shot3m3m1_43.10__shot3m3m2_67.87,Medium,2,46.99,43.1,67.87,-85.522,58.911,-96.64764404,153.1431742086787,target-only,2.0,20,1,0,2.526442559047489,5.149167735036271,2.116750658915407,0.0557062777874991,0.0514614345790265,1,1
experiment_results1.csv,perturbation_run,perturbation_gap,1,2026-04-21T21:05:36+08:00,20260421_210536_813744,controlled_perturbation_study,CTChest,perspective,tp_-85.52_58.91_-96.65,Mid,2,CTChest__perspective__tp_-85.52_58.91_-96.65__shot2_46.99__shot3m3m1_43.10__shot3m3m2_67.87,Medium,2,46.99,43.1,67.87,-85.522,58.911,-96.64764404,153.1431742086787,target-only,2.0,21,1,0,3.0828781244892385,5.964213928729427,3.755971492504064,0.0557062777874991,0.0514614345790265,1,1
experiment_results1.csv,perturbation_run,perturbation_gap,1,2026-04-21T21:05:37+08:00,20260421_210537_231931,controlled_perturbation_study,CTChest,perspective,tp_-85.52_58.91_-96.65,Mid,2,CTChest__perspective__tp_-85.52_58.91_-96.65__shot2_46.99__shot3m3m1_43.10__shot3m3m2_67.87,Medium,2,46.99,43.1,67.87,-85.522,58.911,-96.64764404,153.1431742086787,target-only,2.0,22,1,0,2.561913148636036,4.265540114231899,2.373498793361148,0.0557062777874991,0.0514614345790265,1,1
experiment_results1.csv,perturbation_run,perturbation_gap,1,2026-04-21T21:05:37+08:00,20260421_210537_706955,controlled_perturbation_study,CTChest,perspective,tp_-85.52_58.91_-96.65,Mid,2,CTChest__perspective__tp_-85.52_58.91_-96.65__shot2_46.99__shot3m3m1_43.10__shot3m3m2_67.87,Medium,2,46.99,43.1,67.87,-85.522,58.911,-96.64764404,153.1431742086787,target-only,2.0,23,1,0,2.978829505299008,4.70498718312635,0.4765988607979422,0.0557062777874991,0.0514614345790265,1,1
experiment_results1.csv,perturbation_run,perturbation_gap,1,2026-04-21T21:05:38+08:00,20260421_210538_166342,controlled_perturbation_study,CTChest,perspective,tp_-85.52_58.91_-96.65,Mid,2,CTChest__perspective__tp_-85.52_58.91_-96.65__shot2_46.99__shot3m3m1_43.10__shot3m3m2_67.87,Medium,2,46.99,43.1,67.87,-85.522,58.911,-96.64764404,153.1431742086787,target-only,2.0,24,1,0,5.498834909271419,9.004321963675629,0.4935662963267116,0.0557062777874991,0.0514614345790265,1,1
experiment_results1.csv,perturbation_run,perturbation_gap,1,2026-04-21T21:05:38+08:00,20260421_210538_543942,controlled_perturbation_study,CTChest,perspective,tp_-85.52_58.91_-96.65,Mid,2,CTChest__perspective__tp_-85.52_58.91_-96.65__shot2_46.99__shot3m3m1_43.10__shot3m3m2_67.87,Medium,2,46.99,43.1,67.87,-85.522,58.911,-96.64764404,153.1431742086787,target-only,2.0,25,1,0,3.875734216264794,6.961858546321873,0.0455024674709744,0.0557062777874991,0.0514614345790265,1,1
experiment_results1.csv,perturbation_run,perturbation_gap,1,2026-04-21T21:05:39+08:00,20260421_210539_034232,controlled_perturbation_study,CTChest,perspective,tp_-85.52_58.91_-96.65,Mid,2,CTChest__perspective__tp_-85.52_58.91_-96.65__shot2_46.99__shot3m3m1_43.10__shot3m3m2_67.87,Medium,2,46.99,43.1,67.87,-85.522,58.911,-96.64764404,153.1431742086787,target-only,2.0,26,1,0,2.008425697590768,3.64565797345305,0.4086956999853917,0.0557062777874991,0.0514614345790265,1,1
experiment_results1.csv,perturbation_run,perturbation_gap,1,2026-04-21T21:05:39+08:00,20260421_210539_480206,controlled_perturbation_study,CTChest,perspective,tp_-85.52_58.91_-96.65,Mid,2,CTChest__perspective__tp_-85.52_58.91_-96.65__shot2_46.99__shot3m3m1_43.10__shot3m3m2_67.87,Medium,2,46.99,43.1,67.87,-85.522,58.911,-96.64764404,153.1431742086787,target-only,2.0,27,1,0,1.611246880571225,3.489232857962176,1.119359878651596,0.0557062777874991,0.0514614345790265,1,1
experiment_results1.csv,perturbation_run,perturbation_gap,1,2026-04-21T21:05:39+08:00,20260421_210539_927118,controlled_perturbation_study,CTChest,perspective,tp_-85.52_58.91_-96.65,Mid,2,CTChest__perspective__tp_-85.52_58.91_-96.65__shot2_46.99__shot3m3m1_43.10__shot3m3m2_67.87,Medium,2,46.99,43.1,67.87,-85.522,58.911,-96.64764404,153.1431742086787,target-only,2.0,28,1,0,2.318397322961145,3.2319687257721927,0.2529921223845552,0.0557062777874991,0.0514614345790265,1,1
experiment_results1.csv,perturbation_run,perturbation_gap,1,2026-04-21T21:05:40+08:00,20260421_210540_441192,controlled_perturbation_study,CTChest,perspective,tp_-85.52_58.91_-96.65,Mid,2,CTChest__perspective__tp_-85.52_58.91_-96.65__shot2_46.99__shot3m3m1_43.10__shot3m3m2_67.87,Medium,2,46.99,43.1,67.87,-85.522,58.911,-96.64764404,153.1431742086787,target-only,2.0,29,1,0,2.7605787902772536,5.792954585096242,2.347834874822268,0.0557062777874991,0.0514614345790265,1,1
experiment_results1.csv,perturbation_run,perturbation_gap,1,2026-04-21T21:05:40+08:00,20260421_210540_956172,controlled_perturbation_study,CTChest,perspective,tp_-85.52_58.91_-96.65,Mid,2,CTChest__perspective__tp_-85.52_58.91_-96.65__shot2_46.99__shot3m3m1_43.10__shot3m3m2_67.87,Medium,2,46.99,43.1,67.87,-85.522,58.911,-96.64764404,153.1431742086787,target-only,2.0,30,1,0,1.4107083031227117,1.254482559583142,1.5506296094947427,0.0557062777874991,0.0514614345790265,1,1
experiment_results1.csv,perturbation_run,perturbation_gap,1,2026-04-21T21:05:41+08:00,20260421_210541_414055,controlled_perturbation_study,CTChest,perspective,tp_-85.52_58.91_-96.65,Mid,2,CTChest__perspective__tp_-85.52_58.91_-96.65__shot2_46.99__shot3m3m1_43.10__shot3m3m2_67.87,Medium,2,46.99,43.1,67.87,-85.522,58.911,-96.64764404,153.1431742086787,target-only,2.0,31,1,0,1.6453194386821297,3.47244536761398,1.1508033078715358,0.0557062777874991,0.0514614345790265,1,1
experiment_results1.csv,perturbation_run,perturbation_gap,1,2026-04-21T21:05:41+08:00,20260421_210541_944343,controlled_perturbation_study,CTChest,perspective,tp_-85.52_58.91_-96.65,Mid,2,CTChest__perspective__tp_-85.52_58.91_-96.65__shot2_46.99__shot3m3m1_43.10__shot3m3m2_67.87,Medium,2,46.99,43.1,67.87,-85.522,58.911,-96.64764404,153.1431742086787,target-only,2.0,32,1,0,6.255021625366711,11.67114802396562,3.41757432007052,0.0557062777874991,0.0514614345790265,1,1
experiment_results1.csv,perturbation_run,perturbation_gap,1,2026-04-21T21:05:42+08:00,20260421_210542_469401,controlled_perturbation_study,CTChest,perspective,tp_-85.52_58.91_-96.65,Mid,2,CTChest__perspective__tp_-85.52_58.91_-96.65__shot2_46.99__shot3m3m1_43.10__shot3m3m2_67.87,Medium,2,46.99,43.1,67.87,-85.522,58.911,-96.64764404,153.1431742086787,target-only,2.0,33,1,0,4.235465300334927,7.3737691175847475,0.4700026216535706,0.0557062777874991,0.0514614345790265,1,1
experiment_results1.csv,perturbation_run,perturbation_gap,1,2026-04-21T21:05:42+08:00,20260421_210542_946769,controlled_perturbation_study,CTChest,perspective,tp_-85.52_58.91_-96.65,Mid,2,CTChest__perspective__tp_-85.52_58.91_-96.65__shot2_46.99__shot3m3m1_43.10__shot3m3m2_67.87,Medium,2,46.99,43.1,67.87,-85.522,58.911,-96.64764404,153.1431742086787,target-only,2.0,34,1,0,3.179967673441869,6.0642117442731,0.6380261201709824,0.0557062777874991,0.0514614345790265,1,1
experiment_results1.csv,perturbation_run,perturbation_gap,1,2026-04-21T21:05:43+08:00,20260421_210543_422360,controlled_perturbation_study,CTChest,perspective,tp_-85.52_58.91_-96.65,Mid,2,CTChest__perspective__tp_-85.52_58.91_-96.65__shot2_46.99__shot3m3m1_43.10__shot3m3m2_67.87,Medium,2,46.99,43.1,67.87,-85.522,58.911,-96.64764404,153.1431742086787,target-only,2.0,35,1,0,1.2315689566513186,2.3308965996586,2.356088771508195,0.0557062777874991,0.0514614345790265,1,1
experiment_results1.csv,perturbation_run,perturbation_gap,1,2026-04-21T21:05:43+08:00,20260421_210543_889594,controlled_perturbation_study,CTChest,perspective,tp_-85.52_58.91_-96.65,Mid,2,CTChest__perspective__tp_-85.52_58.91_-96.65__shot2_46.99__shot3m3m1_43.10__shot3m3m2_67.87,Medium,2,46.99,43.1,67.87,-85.522,58.911,-96.64764404,153.1431742086787,target-only,2.0,36,1,0,3.303578172203033,5.839635897777912,0.5885111009513989,0.0557062777874991,0.0514614345790265,1,1
experiment_results1.csv,perturbation_run,perturbation_gap,1,2026-04-21T21:05:44+08:00,20260421_210544_421961,controlled_perturbation_study,CTChest,perspective,tp_-85.52_58.91_-96.65,Mid,2,CTChest__perspective__tp_-85.52_58.91_-96.65__shot2_46.99__shot3m3m1_43.10__shot3m3m2_67.87,Medium,2,46.99,43.1,67.87,-85.522,58.911,-96.64764404,153.1431742086787,target-only,2.0,37,1,0,3.607941664541607,6.489111855464028,0.1773853743748145,0.0557062777874991,0.0514614345790265,1,1
experiment_results1.csv,perturbation_run,perturbation_gap,1,2026-04-21T21:05:44+08:00,20260421_210544_891596,controlled_perturbation_study,CTChest,perspective,tp_-85.52_58.91_-96.65,Mid,2,CTChest__perspective__tp_-85.52_58.91_-96.65__shot2_46.99__shot3m3m1_43.10__shot3m3m2_67.87,Medium,2,46.99,43.1,67.87,-85.522,58.911,-96.64764404,153.1431742086787,target-only,2.0,38,1,0,2.7406353750597026,5.671336321037235,0.5523127197574307,0.0557062777874991,0.0514614345790265,1,1
experiment_results1.csv,perturbation_run,perturbation_gap,1,2026-04-21T21:05:45+08:00,20260421_210545_369163,controlled_perturbation_study,CTChest,perspective,tp_-85.52_58.91_-96.65,Mid,2,CTChest__perspective__tp_-85.52_58.91_-96.65__shot2_46.99__shot3m3m1_43.10__shot3m3m2_67.87,Medium,2,46.99,43.1,67.87,-85.522,58.911,-96.64764404,153.1431742086787,target-only,2.0,39,1,0,0.7052474508219455,0.0948711895325513,0.4000180604065906,0.0557062777874991,0.0514614345790265,1,1
experiment_results1.csv,perturbation_run,perturbation_gap,1,2026-04-21T21:05:45+08:00,20260421_210545_909665,controlled_perturbation_study,CTChest,perspective,tp_-85.52_58.91_-96.65,Mid,2,CTChest__perspective__tp_-85.52_58.91_-96.65__shot2_46.99__shot3m3m1_43.10__shot3m3m2_67.87,Medium,2,46.99,43.1,67.87,-85.522,58.911,-96.64764404,153.1431742086787,target-only,2.0,40,1,0,2.0701228760352097,0.7136320584804196,1.4262413088677632,0.0557062777874991,0.0514614345790265,1,1
experiment_results1.csv,perturbation_run,perturbation_gap,1,2026-04-21T21:05:46+08:00,20260421_210546_440644,controlled_perturbation_study,CTChest,perspective,tp_-85.52_58.91_-96.65,Mid,2,CTChest__perspective__tp_-85.52_58.91_-96.65__shot2_46.99__shot3m3m1_43.10__shot3m3m2_67.87,Medium,2,46.99,43.1,67.87,-85.522,58.911,-96.64764404,153.1431742086787,target-only,2.0,41,1,0,4.173364474949481,6.476974867469327,3.1529252004097925,0.0557062777874991,0.0514614345790265,1,1
experiment_results1.csv,perturbation_run,perturbation_gap,1,2026-04-21T21:05:46+08:00,20260421_210546_970739,controlled_perturbation_study,CTChest,perspective,tp_-85.52_58.91_-96.65,Mid,2,CTChest__perspective__tp_-85.52_58.91_-96.65__shot2_46.99__shot3m3m1_43.10__shot3m3m2_67.87,Medium,2,46.99,43.1,67.87,-85.522,58.911,-96.64764404,153.1431742086787,target-only,2.0,42,1,0,0.8327845228351527,1.8520705018200896,0.3453003780378609,0.0557062777874991,0.0514614345790265,1,1
experiment_results1.csv,perturbation_run,perturbation_gap,1,2026-04-21T21:05:47+08:00,20260421_210547_389236,controlled_perturbation_study,CTChest,perspective,tp_-85.52_58.91_-96.65,Mid,2,CTChest__perspective__tp_-85.52_58.91_-96.65__shot2_46.99__shot3m3m1_43.10__shot3m3m2_67.87,Medium,2,46.99,43.1,67.87,-85.522,58.911,-96.64764404,153.1431742086787,target-only,2.0,43,1,0,2.766143310391733,5.104601694656149,0.0962621904350993,0.0557062777874991,0.0514614345790265,1,1
experiment_results1.csv,perturbation_run,perturbation_gap,1,2026-04-21T21:05:47+08:00,20260421_210547_943484,controlled_perturbation_study,CTChest,perspective,tp_-85.52_58.91_-96.65,Mid,2,CTChest__perspective__tp_-85.52_58.91_-96.65__shot2_46.99__shot3m3m1_43.10__shot3m3m2_67.87,Medium,2,46.99,43.1,67.87,-85.522,58.911,-96.64764404,153.1431742086787,target-only,2.0,44,1,0,1.3011204186056833,1.8931187958406128,2.4610273606941697,0.0557062777874991,0.0514614345790265,1,1
experiment_results1.csv,perturbation_run,perturbation_gap,1,2026-04-21T21:05:48+08:00,20260421_210548_439257,controlled_perturbation_study,CTChest,perspective,tp_-85.52_58.91_-96.65,Mid,2,CTChest__perspective__tp_-85.52_58.91_-96.65__shot2_46.99__shot3m3m1_43.10__shot3m3m2_67.87,Medium,2,46.99,43.1,67.87,-85.522,58.911,-96.64764404,153.1431742086787,target-only,2.0,45,1,0,1.8433706276552224,3.881988605216174,1.3885664709738272,0.0557062777874991,0.0514614345790265,1,1
experiment_results1.csv,perturbation_run,perturbation_gap,1,2026-04-21T21:05:48+08:00,20260421_210548_930111,controlled_perturbation_study,CTChest,perspective,tp_-85.52_58.91_-96.65,Mid,2,CTChest__perspective__tp_-85.52_58.91_-96.65__shot2_46.99__shot3m3m1_43.10__shot3m3m2_67.87,Medium,2,46.99,43.1,67.87,-85.522,58.911,-96.64764404,153.1431742086787,target-only,2.0,46,1,0,1.5440480630677331,2.7980508240640707,1.670079231632892,0.0557062777874991,0.0514614345790265,1,1
experiment_results1.csv,perturbation_run,perturbation_gap,1,2026-04-21T21:05:49+08:00,20260421_210549_419547,controlled_perturbation_study,CTChest,perspective,tp_-85.52_58.91_-96.65,Mid,2,CTChest__perspective__tp_-85.52_58.91_-96.65__shot2_46.99__shot3m3m1_43.10__shot3m3m2_67.87,Medium,2,46.99,43.1,67.87,-85.522,58.911,-96.64764404,153.1431742086787,target-only,2.0,47,1,0,0.8448143557541713,1.138191282888577,1.5831805773405934,0.0557062777874991,0.0514614345790265,1,1
experiment_results1.csv,perturbation_run,perturbation_gap,1,2026-04-21T21:05:49+08:00,20260421_210549_976343,controlled_perturbation_study,CTChest,perspective,tp_-85.52_58.91_-96.65,Mid,2,CTChest__perspective__tp_-85.52_58.91_-96.65__shot2_46.99__shot3m3m1_43.10__shot3m3m2_67.87,Medium,2,46.99,43.1,67.87,-85.522,58.911,-96.64764404,153.1431742086787,target-only,2.0,48,1,0,6.390624432355343,12.306417642032764,0.4740740018485385,0.0557062777874991,0.0514614345790265,1,1
experiment_results1.csv,perturbation_run,perturbation_gap,1,2026-04-21T21:05:50+08:00,20260421_210550_529450,controlled_perturbation_study,CTChest,perspective,tp_-85.52_58.91_-96.65,Mid,2,CTChest__perspective__tp_-85.52_58.91_-96.65__shot2_46.99__shot3m3m1_43.10__shot3m3m2_67.87,Medium,2,46.99,43.1,67.87,-85.522,58.911,-96.64764404,153.1431742086787,target-only,2.0,49,1,0,0.5961022587948759,0.7459493091678611,0.3321766039167704,0.0557062777874991,0.0514614345790265,1,1
experiment_results1.csv,perturbation_run,perturbation_gap,1,2026-04-21T21:05:51+08:00,20260421_210551_031260,controlled_perturbation_study,CTChest,perspective,tp_-85.52_58.91_-96.65,Mid,2,CTChest__perspective__tp_-85.52_58.91_-96.65__shot2_46.99__shot3m3m1_43.10__shot3m3m2_67.87,Medium,2,46.99,43.1,67.87,-85.522,58.911,-96.64764404,153.1431742086787,target-only,2.0,50,1,0,3.663605408470971,7.574723588838625,1.373657911250429,0.0557062777874991,0.0514614345790265,1,1
experiment_results1.csv,perturbation_run,perturbation_gap,1,2026-04-21T21:07:20+08:00,20260421_210720_548355,controlled_perturbation_study,CTChest,perspective,tp_-85.52_58.91_-96.65,Mid,2,CTChest__perspective__tp_-85.52_58.91_-96.65__shot2_16.17__shot3m3m1_0.40__shot3m3m2_15.89,Low,1,16.17,0.4,15.89,-85.522,58.911,-96.64764404,149.6153260613614,marker-only,0.5,1,1,0,11.967412619346852,3.8495420737279256,1.1889596146343344,0.0635770727319719,0.536112228028422,1,1
experiment_results1.csv,perturbation_run,perturbation_gap,1,2026-04-21T21:07:20+08:00,20260421_210720_908696,controlled_perturbation_study,CTChest,perspective,tp_-85.52_58.91_-96.65,Mid,2,CTChest__perspective__tp_-85.52_58.91_-96.65__shot2_16.17__shot3m3m1_0.40__shot3m3m2_15.89,Low,1,16.17,0.4,15.89,-85.522,58.911,-96.64764404,149.6153260613614,marker-only,0.5,2,1,0,5.768417218284337,2.3064264340681104,0.3800303762342554,0.0635770727319719,0.6331372919776153,1,1
experiment_results1.csv,perturbation_run,perturbation_gap,1,2026-04-21T21:07:21+08:00,20260421_210721_302752,controlled_perturbation_study,CTChest,perspective,tp_-85.52_58.91_-96.65,Mid,2,CTChest__perspective__tp_-85.52_58.91_-96.65__shot2_16.17__shot3m3m1_0.40__shot3m3m2_15.89,Low,1,16.17,0.4,15.89,-85.522,58.911,-96.64764404,149.6153260613614,marker-only,0.5,3,1,0,9.138477791446189,3.283096520138008,0.8647102018461106,0.0635770727319719,0.6146374019376085,1,1
experiment_results1.csv,perturbation_run,perturbation_gap,1,2026-04-21T21:07:21+08:00,20260421_210721_671719,controlled_perturbation_study,CTChest,perspective,tp_-85.52_58.91_-96.65,Mid,2,CTChest__perspective__tp_-85.52_58.91_-96.65__shot2_16.17__shot3m3m1_0.40__shot3m3m2_15.89,Low,1,16.17,0.4,15.89,-85.522,58.911,-96.64764404,149.6153260613614,marker-only,0.5,4,1,0,34.2133465274364,7.759031065198911,0.722387994877994,0.0635770727319719,0.6931280285384133,1,1
experiment_results1.csv,perturbation_run,perturbation_gap,1,2026-04-21T21:07:22+08:00,20260421_210722_028546,controlled_perturbation_study,CTChest,perspective,tp_-85.52_58.91_-96.65,Mid,2,CTChest__perspective__tp_-85.52_58.91_-96.65__shot2_16.17__shot3m3m1_0.40__shot3m3m2_15.89,Low,1,16.17,0.4,15.89,-85.522,58.911,-96.64764404,149.6153260613614,marker-only,0.5,5,1,0,9.439681512888209,2.0074132824033395,0.6415385624888196,0.0635770727319719,0.5955767248188999,1,1
experiment_results1.csv,perturbation_run,perturbation_gap,1,2026-04-21T21:07:22+08:00,20260421_210722_394084,controlled_perturbation_study,CTChest,perspective,tp_-85.52_58.91_-96.65,Mid,2,CTChest__perspective__tp_-85.52_58.91_-96.65__shot2_16.17__shot3m3m1_0.40__shot3m3m2_15.89,Low,1,16.17,0.4,15.89,-85.522,58.911,-96.64764404,149.6153260613614,marker-only,0.5,6,1,0,7.03130464724543,2.378607241342229,2.126288946255725,0.0635770727319719,0.6161691914874902,1,1
experiment_results1.csv,perturbation_run,perturbation_gap,1,2026-04-21T21:07:22+08:00,20260421_210722_773124,controlled_perturbation_study,CTChest,perspective,tp_-85.52_58.91_-96.65,Mid,2,CTChest__perspective__tp_-85.52_58.91_-96.65__shot2_16.17__shot3m3m1_0.40__shot3m3m2_15.89,Low,1,16.17,0.4,15.89,-85.522,58.911,-96.64764404,149.6153260613614,marker-only,0.5,7,1,0,5.902038204927615,1.7692662604946792,0.7186227472216595,0.0635770727319719,0.6260522581042004,1,1
experiment_results1.csv,perturbation_run,perturbation_gap,1,2026-04-21T21:07:23+08:00,20260421_210723_109621,controlled_perturbation_study,CTChest,perspective,tp_-85.52_58.91_-96.65,Mid,2,CTChest__perspective__tp_-85.52_58.91_-96.65__shot2_16.17__shot3m3m1_0.40__shot3m3m2_15.89,Low,1,16.17,0.4,15.89,-85.522,58.911,-96.64764404,149.6153260613614,marker-only,0.5,8,1,0,30.975163337875887,6.205003655492692,0.8188862714701225,0.0635770727319719,0.601014231241559,1,1
experiment_results1.csv,perturbation_run,perturbation_gap,1,2026-04-21T21:07:23+08:00,20260421_210723_466945,controlled_perturbation_study,CTChest,perspective,tp_-85.52_58.91_-96.65,Mid,2,CTChest__perspective__tp_-85.52_58.91_-96.65__shot2_16.17__shot3m3m1_0.40__shot3m3m2_15.89,Low,1,16.17,0.4,15.89,-85.522,58.911,-96.64764404,149.6153260613614,marker-only,0.5,9,1,0,8.575934937933496,2.1156223338410127,0.5209466723423349,0.0635770727319719,0.599617594140688,1,1
experiment_results1.csv,perturbation_run,perturbation_gap,1,2026-04-21T21:07:23+08:00,20260421_210723_867441,controlled_perturbation_study,CTChest,perspective,tp_-85.52_58.91_-96.65,Mid,2,CTChest__perspective__tp_-85.52_58.91_-96.65__shot2_16.17__shot3m3m1_0.40__shot3m3m2_15.89,Low,1,16.17,0.4,15.89,-85.522,58.911,-96.64764404,149.6153260613614,marker-only,0.5,10,1,0,10.71375354740629,2.995149625970944,1.0138234011500051,0.0635770727319719,0.521772653360324,1,1
experiment_results1.csv,perturbation_run,perturbation_gap,1,2026-04-21T21:07:24+08:00,20260421_210724_218056,controlled_perturbation_study,CTChest,perspective,tp_-85.52_58.91_-96.65,Mid,2,CTChest__perspective__tp_-85.52_58.91_-96.65__shot2_16.17__shot3m3m1_0.40__shot3m3m2_15.89,Low,1,16.17,0.4,15.89,-85.522,58.911,-96.64764404,149.6153260613614,marker-only,0.5,11,1,0,8.226789920824425,6.784831596352391,0.7299267481569011,0.0635770727319719,0.5747814012239264,1,1
experiment_results1.csv,perturbation_run,perturbation_gap,1,2026-04-21T21:07:24+08:00,20260421_210724_571418,controlled_perturbation_study,CTChest,perspective,tp_-85.52_58.91_-96.65,Mid,2,CTChest__perspective__tp_-85.52_58.91_-96.65__shot2_16.17__shot3m3m1_0.40__shot3m3m2_15.89,Low,1,16.17,0.4,15.89,-85.522,58.911,-96.64764404,149.6153260613614,marker-only,0.5,12,1,0,8.124357214449446,1.6441913472603036,1.5928283824077747,0.0635770727319719,0.5999025133806016,1,1
experiment_results1.csv,perturbation_run,perturbation_gap,1,2026-04-21T21:07:24+08:00,20260421_210724_940424,controlled_perturbation_study,CTChest,perspective,tp_-85.52_58.91_-96.65,Mid,2,CTChest__perspective__tp_-85.52_58.91_-96.65__shot2_16.17__shot3m3m1_0.40__shot3m3m2_15.89,Low,1,16.17,0.4,15.89,-85.522,58.911,-96.64764404,149.6153260613614,marker-only,0.5,13,1,0,1.4020516478890048,0.998288840568347,0.0614280256645071,0.0635770727319719,0.6055533667905032,1,1
experiment_results1.csv,perturbation_run,perturbation_gap,1,2026-04-21T21:07:25+08:00,20260421_210725_323181,controlled_perturbation_study,CTChest,perspective,tp_-85.52_58.91_-96.65,Mid,2,CTChest__perspective__tp_-85.52_58.91_-96.65__shot2_16.17__shot3m3m1_0.40__shot3m3m2_15.89,Low,1,16.17,0.4,15.89,-85.522,58.911,-96.64764404,149.6153260613614,marker-only,0.5,14,1,0,15.539682735105645,3.2366983181735507,1.1339466846966382,0.0635770727319719,0.5682330055132955,1,1
experiment_results1.csv,perturbation_run,perturbation_gap,1,2026-04-21T21:07:25+08:00,20260421_210725_706309,controlled_perturbation_study,CTChest,perspective,tp_-85.52_58.91_-96.65,Mid,2,CTChest__perspective__tp_-85.52_58.91_-96.65__shot2_16.17__shot3m3m1_0.40__shot3m3m2_15.89,Low,1,16.17,0.4,15.89,-85.522,58.911,-96.64764404,149.6153260613614,marker-only,0.5,15,1,0,6.9089536826302345,0.6271184558343081,2.180923876344392,0.0635770727319719,0.6605008866315614,1,1
experiment_results1.csv,perturbation_run,perturbation_gap,1,2026-04-21T21:07:26+08:00,20260421_210726_094760,controlled_perturbation_study,CTChest,perspective,tp_-85.52_58.91_-96.65,Mid,2,CTChest__perspective__tp_-85.52_58.91_-96.65__shot2_16.17__shot3m3m1_0.40__shot3m3m2_15.89,Low,1,16.17,0.4,15.89,-85.522,58.911,-96.64764404,149.6153260613614,marker-only,0.5,16,1,0,0.8736519744574606,0.2404067669457668,0.0155180920669435,0.0635770727319719,0.6255952846910503,1,1
experiment_results1.csv,perturbation_run,perturbation_gap,1,2026-04-21T21:07:26+08:00,20260421_210726_500042,controlled_perturbation_study,CTChest,perspective,tp_-85.52_58.91_-96.65,Mid,2,CTChest__perspective__tp_-85.52_58.91_-96.65__shot2_16.17__shot3m3m1_0.40__shot3m3m2_15.89,Low,1,16.17,0.4,15.89,-85.522,58.911,-96.64764404,149.6153260613614,marker-only,0.5,17,1,0,2.5671174978419065,2.466071177559554,0.7166198510674511,0.0635770727319719,0.6106692549116567,1,1
experiment_results1.csv,perturbation_run,perturbation_gap,1,2026-04-21T21:07:26+08:00,20260421_210726_912710,controlled_perturbation_study,CTChest,perspective,tp_-85.52_58.91_-96.65,Mid,2,CTChest__perspective__tp_-85.52_58.91_-96.65__shot2_16.17__shot3m3m1_0.40__shot3m3m2_15.89,Low,1,16.17,0.4,15.89,-85.522,58.911,-96.64764404,149.6153260613614,marker-only,0.5,18,1,0,8.82398959085517,3.9729922594590654,0.0762094315021074,0.0635770727319719,0.7016754675286423,1,1
experiment_results1.csv,perturbation_run,perturbation_gap,1,2026-04-21T21:07:27+08:00,20260421_210727_338114,controlled_perturbation_study,CTChest,perspective,tp_-85.52_58.91_-96.65,Mid,2,CTChest__perspective__tp_-85.52_58.91_-96.65__shot2_16.17__shot3m3m1_0.40__shot3m3m2_15.89,Low,1,16.17,0.4,15.89,-85.522,58.911,-96.64764404,149.6153260613614,marker-only,0.5,19,1,0,0.4258301585398038,2.0405270930000543,1.236178623522508,0.0635770727319719,0.7164343299300279,1,1
experiment_results1.csv,perturbation_run,perturbation_gap,1,2026-04-21T21:07:27+08:00,20260421_210727_789540,controlled_perturbation_study,CTChest,perspective,tp_-85.52_58.91_-96.65,Mid,2,CTChest__perspective__tp_-85.52_58.91_-96.65__shot2_16.17__shot3m3m1_0.40__shot3m3m2_15.89,Low,1,16.17,0.4,15.89,-85.522,58.911,-96.64764404,149.6153260613614,marker-only,0.5,20,1,0,2.895434353468952,1.8461051662646388,0.4386387149986146,0.0635770727319719,0.6033199402408994,1,1
experiment_results1.csv,perturbation_run,perturbation_gap,1,2026-04-21T21:07:28+08:00,20260421_210728_253196,controlled_perturbation_study,CTChest,perspective,tp_-85.52_58.91_-96.65,Mid,2,CTChest__perspective__tp_-85.52_58.91_-96.65__shot2_16.17__shot3m3m1_0.40__shot3m3m2_15.89,Low,1,16.17,0.4,15.89,-85.522,58.911,-96.64764404,149.6153260613614,marker-only,0.5,21,1,0,5.119733946674987,1.301782968780394,0.2379902935119092,0.0635770727319719,0.5196722496690287,1,1
experiment_results1.csv,perturbation_run,perturbation_gap,1,2026-04-21T21:07:28+08:00,20260421_210728_784226,controlled_perturbation_study,CTChest,perspective,tp_-85.52_58.91_-96.65,Mid,2,CTChest__perspective__tp_-85.52_58.91_-96.65__shot2_16.17__shot3m3m1_0.40__shot3m3m2_15.89,Low,1,16.17,0.4,15.89,-85.522,58.911,-96.64764404,149.6153260613614,marker-only,0.5,22,1,0,3.682204613922881,3.603663045958257,2.4541004375847244,0.0635770727319719,0.668920342037509,1,1
experiment_results1.csv,perturbation_run,perturbation_gap,1,2026-04-21T21:07:29+08:00,20260421_210729_210097,controlled_perturbation_study,CTChest,perspective,tp_-85.52_58.91_-96.65,Mid,2,CTChest__perspective__tp_-85.52_58.91_-96.65__shot2_16.17__shot3m3m1_0.40__shot3m3m2_15.89,Low,1,16.17,0.4,15.89,-85.522,58.911,-96.64764404,149.6153260613614,marker-only,0.5,23,1,0,13.381656832658496,3.51905327499358,0.463819381760581,0.0635770727319719,0.5666626963176846,1,1
experiment_results1.csv,perturbation_run,perturbation_gap,1,2026-04-21T21:07:29+08:00,20260421_210729_713765,controlled_perturbation_study,CTChest,perspective,tp_-85.52_58.91_-96.65,Mid,2,CTChest__perspective__tp_-85.52_58.91_-96.65__shot2_16.17__shot3m3m1_0.40__shot3m3m2_15.89,Low,1,16.17,0.4,15.89,-85.522,58.911,-96.64764404,149.6153260613614,marker-only,0.5,24,1,0,11.801310142276822,2.4469463946439407,1.1108065246580203,0.0635770727319719,0.5092461568024591,1,1
experiment_results1.csv,perturbation_run,perturbation_gap,1,2026-04-21T21:07:30+08:00,20260421_210730_222585,controlled_perturbation_study,CTChest,perspective,tp_-85.52_58.91_-96.65,Mid,2,CTChest__perspective__tp_-85.52_58.91_-96.65__shot2_16.17__shot3m3m1_0.40__shot3m3m2_15.89,Low,1,16.17,0.4,15.89,-85.522,58.911,-96.64764404,149.6153260613614,marker-only,0.5,25,1,0,24.75270786216713,6.498604172275451,2.544724151645016,0.0635770727319719,0.430305732848514,1,1
experiment_results1.csv,perturbation_run,perturbation_gap,1,2026-04-21T21:07:30+08:00,20260421_210730_738993,controlled_perturbation_study,CTChest,perspective,tp_-85.52_58.91_-96.65,Mid,2,CTChest__perspective__tp_-85.52_58.91_-96.65__shot2_16.17__shot3m3m1_0.40__shot3m3m2_15.89,Low,1,16.17,0.4,15.89,-85.522,58.911,-96.64764404,149.6153260613614,marker-only,0.5,26,1,0,1.2531266662765443,3.593710981307881,1.5676699947123691,0.0635770727319719,0.5724460977991703,1,1
experiment_results1.csv,perturbation_run,perturbation_gap,1,2026-04-21T21:07:31+08:00,20260421_210731_262704,controlled_perturbation_study,CTChest,perspective,tp_-85.52_58.91_-96.65,Mid,2,CTChest__perspective__tp_-85.52_58.91_-96.65__shot2_16.17__shot3m3m1_0.40__shot3m3m2_15.89,Low,1,16.17,0.4,15.89,-85.522,58.911,-96.64764404,149.6153260613614,marker-only,0.5,27,1,0,2.3643876749420665,3.643137735502645,0.4127302895356149,0.0635770727319719,0.5447508213378974,1,1
experiment_results1.csv,perturbation_run,perturbation_gap,1,2026-04-21T21:07:31+08:00,20260421_210731_789286,controlled_perturbation_study,CTChest,perspective,tp_-85.52_58.91_-96.65,Mid,2,CTChest__perspective__tp_-85.52_58.91_-96.65__shot2_16.17__shot3m3m1_0.40__shot3m3m2_15.89,Low,1,16.17,0.4,15.89,-85.522,58.911,-96.64764404,149.6153260613614,marker-only,0.5,28,1,0,0.4412202908959699,0.7515854349112746,2.525451275717849,0.0635770727319719,0.5599996781951302,1,1
experiment_results1.csv,perturbation_run,perturbation_gap,1,2026-04-21T21:07:32+08:00,20260421_210732_320537,controlled_perturbation_study,CTChest,perspective,tp_-85.52_58.91_-96.65,Mid,2,CTChest__perspective__tp_-85.52_58.91_-96.65__shot2_16.17__shot3m3m1_0.40__shot3m3m2_15.89,Low,1,16.17,0.4,15.89,-85.522,58.911,-96.64764404,149.6153260613614,marker-only,0.5,29,1,0,3.0573663116240746,1.6245104629733116,1.043678932976598,0.0635770727319719,0.5666092699993565,1,1
experiment_results1.csv,perturbation_run,perturbation_gap,1,2026-04-21T21:07:32+08:00,20260421_210732_923846,controlled_perturbation_study,CTChest,perspective,tp_-85.52_58.91_-96.65,Mid,2,CTChest__perspective__tp_-85.52_58.91_-96.65__shot2_16.17__shot3m3m1_0.40__shot3m3m2_15.89,Low,1,16.17,0.4,15.89,-85.522,58.911,-96.64764404,149.6153260613614,marker-only,0.5,30,1,0,6.741760339221553,2.504641771329152,1.176617678881997,0.0635770727319719,0.5776223542802837,1,1
experiment_results1.csv,perturbation_run,perturbation_gap,1,2026-04-21T21:07:33+08:00,20260421_210733_392330,controlled_perturbation_study,CTChest,perspective,tp_-85.52_58.91_-96.65,Mid,2,CTChest__perspective__tp_-85.52_58.91_-96.65__shot2_16.17__shot3m3m1_0.40__shot3m3m2_15.89,Low,1,16.17,0.4,15.89,-85.522,58.911,-96.64764404,149.6153260613614,marker-only,0.5,31,1,0,6.666604285996268,2.8834950593798774,1.207582844281383,0.0635770727319719,0.5429172985613503,1,1
experiment_results1.csv,perturbation_run,perturbation_gap,1,2026-04-21T21:07:33+08:00,20260421_210733_925567,controlled_perturbation_study,CTChest,perspective,tp_-85.52_58.91_-96.65,Mid,2,CTChest__perspective__tp_-85.52_58.91_-96.65__shot2_16.17__shot3m3m1_0.40__shot3m3m2_15.89,Low,1,16.17,0.4,15.89,-85.522,58.911,-96.64764404,149.6153260613614,marker-only,0.5,32,1,0,17.342427787585535,7.125606017281435,1.4804255806969433,0.0635770727319719,0.4742230134723317,1,1
experiment_results1.csv,perturbation_run,perturbation_gap,1,2026-04-21T21:07:34+08:00,20260421_210734_458730,controlled_perturbation_study,CTChest,perspective,tp_-85.52_58.91_-96.65,Mid,2,CTChest__perspective__tp_-85.52_58.91_-96.65__shot2_16.17__shot3m3m1_0.40__shot3m3m2_15.89,Low,1,16.17,0.4,15.89,-85.522,58.911,-96.64764404,149.6153260613614,marker-only,0.5,33,1,0,4.609300525848954,2.303581072656121,2.262011344037394,0.0635770727319719,0.547486703821488,1,1
experiment_results1.csv,perturbation_run,perturbation_gap,1,2026-04-21T21:07:34+08:00,20260421_210734_993429,controlled_perturbation_study,CTChest,perspective,tp_-85.52_58.91_-96.65,Mid,2,CTChest__perspective__tp_-85.52_58.91_-96.65__shot2_16.17__shot3m3m1_0.40__shot3m3m2_15.89,Low,1,16.17,0.4,15.89,-85.522,58.911,-96.64764404,149.6153260613614,marker-only,0.5,34,1,0,10.431189070157869,2.0668631803538147,0.0167955091839429,0.0635770727319719,0.6022348372749121,1,1
experiment_results1.csv,perturbation_run,perturbation_gap,1,2026-04-21T21:07:35+08:00,20260421_210735_528980,controlled_perturbation_study,CTChest,perspective,tp_-85.52_58.91_-96.65,Mid,2,CTChest__perspective__tp_-85.52_58.91_-96.65__shot2_16.17__shot3m3m1_0.40__shot3m3m2_15.89,Low,1,16.17,0.4,15.89,-85.522,58.911,-96.64764404,149.6153260613614,marker-only,0.5,35,1,0,19.67358153950758,7.510650489651966,0.8887395107859075,0.0635770727319719,0.6453705505491016,1,1
experiment_results1.csv,perturbation_run,perturbation_gap,1,2026-04-21T21:07:36+08:00,20260421_210736_063066,controlled_perturbation_study,CTChest,perspective,tp_-85.52_58.91_-96.65,Mid,2,CTChest__perspective__tp_-85.52_58.91_-96.65__shot2_16.17__shot3m3m1_0.40__shot3m3m2_15.89,Low,1,16.17,0.4,15.89,-85.522,58.911,-96.64764404,149.6153260613614,marker-only,0.5,36,1,0,13.62271694459483,3.744652934732085,1.6752561041738476,0.0635770727319719,0.5333701435971762,1,1
experiment_results1.csv,perturbation_run,perturbation_gap,1,2026-04-21T21:07:36+08:00,20260421_210736_593134,controlled_perturbation_study,CTChest,perspective,tp_-85.52_58.91_-96.65,Mid,2,CTChest__perspective__tp_-85.52_58.91_-96.65__shot2_16.17__shot3m3m1_0.40__shot3m3m2_15.89,Low,1,16.17,0.4,15.89,-85.522,58.911,-96.64764404,149.6153260613614,marker-only,0.5,37,1,0,2.125240883051151,4.003662755631542,1.1431635454308595,0.0635770727319719,0.4879058737967888,1,1
experiment_results1.csv,perturbation_run,perturbation_gap,1,2026-04-21T21:07:37+08:00,20260421_210737_122711,controlled_perturbation_study,CTChest,perspective,tp_-85.52_58.91_-96.65,Mid,2,CTChest__perspective__tp_-85.52_58.91_-96.65__shot2_16.17__shot3m3m1_0.40__shot3m3m2_15.89,Low,1,16.17,0.4,15.89,-85.522,58.911,-96.64764404,149.6153260613614,marker-only,0.5,38,1,0,11.21906689148214,3.8314541350269455,0.1081616237649085,0.0635770727319719,0.5054553482952724,1,1
experiment_results1.csv,perturbation_run,perturbation_gap,1,2026-04-21T21:07:37+08:00,20260421_210737_655198,controlled_perturbation_study,CTChest,perspective,tp_-85.52_58.91_-96.65,Mid,2,CTChest__perspective__tp_-85.52_58.91_-96.65__shot2_16.17__shot3m3m1_0.40__shot3m3m2_15.89,Low,1,16.17,0.4,15.89,-85.522,58.911,-96.64764404,149.6153260613614,marker-only,0.5,39,1,0,25.10420381901377,8.43352150709471,0.3081116128834382,0.0635770727319719,0.5187612306884093,1,1
experiment_results1.csv,perturbation_run,perturbation_gap,1,2026-04-21T21:07:38+08:00,20260421_210738_199520,controlled_perturbation_study,CTChest,perspective,tp_-85.52_58.91_-96.65,Mid,2,CTChest__perspective__tp_-85.52_58.91_-96.65__shot2_16.17__shot3m3m1_0.40__shot3m3m2_15.89,Low,1,16.17,0.4,15.89,-85.522,58.911,-96.64764404,149.6153260613614,marker-only,0.5,40,1,0,44.70616970989135,9.31207623674682,1.839160293093476,0.0635770727319719,0.4952441380262048,1,1
experiment_results1.csv,perturbation_run,perturbation_gap,1,2026-04-21T21:07:38+08:00,20260421_210738_729882,controlled_perturbation_study,CTChest,perspective,tp_-85.52_58.91_-96.65,Mid,2,CTChest__perspective__tp_-85.52_58.91_-96.65__shot2_16.17__shot3m3m1_0.40__shot3m3m2_15.89,Low,1,16.17,0.4,15.89,-85.522,58.911,-96.64764404,149.6153260613614,marker-only,0.5,41,1,0,2.2366146945193184,1.1346912109828646,1.4419311199672435,0.0635770727319719,0.6303697585790737,1,1
experiment_results1.csv,perturbation_run,perturbation_gap,1,2026-04-21T21:07:39+08:00,20260421_210739_258820,controlled_perturbation_study,CTChest,perspective,tp_-85.52_58.91_-96.65,Mid,2,CTChest__perspective__tp_-85.52_58.91_-96.65__shot2_16.17__shot3m3m1_0.40__shot3m3m2_15.89,Low,1,16.17,0.4,15.89,-85.522,58.911,-96.64764404,149.6153260613614,marker-only,0.5,42,1,0,1.4596245382836972,3.847795520326114,0.0380383682351636,0.0635770727319719,0.545885892313876,1,1
experiment_results1.csv,perturbation_run,perturbation_gap,1,2026-04-21T21:07:39+08:00,20260421_210739_786054,controlled_perturbation_study,CTChest,perspective,tp_-85.52_58.91_-96.65,Mid,2,CTChest__perspective__tp_-85.52_58.91_-96.65__shot2_16.17__shot3m3m1_0.40__shot3m3m2_15.89,Low,1,16.17,0.4,15.89,-85.522,58.911,-96.64764404,149.6153260613614,marker-only,0.5,43,1,0,7.873056770641195,3.549229803347912,1.2171834202772258,0.0635770727319719,0.5439922830034633,1,1
experiment_results1.csv,perturbation_run,perturbation_gap,1,2026-04-21T21:07:40+08:00,20260421_210740_310170,controlled_perturbation_study,CTChest,perspective,tp_-85.52_58.91_-96.65,Mid,2,CTChest__perspective__tp_-85.52_58.91_-96.65__shot2_16.17__shot3m3m1_0.40__shot3m3m2_15.89,Low,1,16.17,0.4,15.89,-85.522,58.911,-96.64764404,149.6153260613614,marker-only,0.5,44,1,0,24.82093321943153,5.684586709070175,1.5907494657622772,0.0635770727319719,0.5455941206253522,1,1
experiment_results1.csv,perturbation_run,perturbation_gap,1,2026-04-21T21:07:40+08:00,20260421_210740_839452,controlled_perturbation_study,CTChest,perspective,tp_-85.52_58.91_-96.65,Mid,2,CTChest__perspective__tp_-85.52_58.91_-96.65__shot2_16.17__shot3m3m1_0.40__shot3m3m2_15.89,Low,1,16.17,0.4,15.89,-85.522,58.911,-96.64764404,149.6153260613614,marker-only,0.5,45,1,0,18.587796541704645,6.264018344297059,0.8341515962757322,0.0635770727319719,0.6250407000627725,1,1
experiment_results1.csv,perturbation_run,perturbation_gap,1,2026-04-21T21:07:41+08:00,20260421_210741_359807,controlled_perturbation_study,CTChest,perspective,tp_-85.52_58.91_-96.65,Mid,2,CTChest__perspective__tp_-85.52_58.91_-96.65__shot2_16.17__shot3m3m1_0.40__shot3m3m2_15.89,Low,1,16.17,0.4,15.89,-85.522,58.911,-96.64764404,149.6153260613614,marker-only,0.5,46,1,0,21.300237668024227,6.8308888223006194,0.2818105423817446,0.0635770727319719,0.6577840263514579,1,1
experiment_results1.csv,perturbation_run,perturbation_gap,1,2026-04-21T21:07:41+08:00,20260421_210741_888121,controlled_perturbation_study,CTChest,perspective,tp_-85.52_58.91_-96.65,Mid,2,CTChest__perspective__tp_-85.52_58.91_-96.65__shot2_16.17__shot3m3m1_0.40__shot3m3m2_15.89,Low,1,16.17,0.4,15.89,-85.522,58.911,-96.64764404,149.6153260613614,marker-only,0.5,47,1,0,33.29739431416419,7.963779745700904,0.8800355688384702,0.0635770727319719,0.55253104580776,1,1
experiment_results1.csv,perturbation_run,perturbation_gap,1,2026-04-21T21:07:42+08:00,20260421_210742_414493,controlled_perturbation_study,CTChest,perspective,tp_-85.52_58.91_-96.65,Mid,2,CTChest__perspective__tp_-85.52_58.91_-96.65__shot2_16.17__shot3m3m1_0.40__shot3m3m2_15.89,Low,1,16.17,0.4,15.89,-85.522,58.911,-96.64764404,149.6153260613614,marker-only,0.5,48,1,0,10.076132537679907,5.132012876852102,0.9069193668825016,0.0635770727319719,0.5057386935283225,1,1
experiment_results1.csv,perturbation_run,perturbation_gap,1,2026-04-21T21:07:43+08:00,20260421_210743_012235,controlled_perturbation_study,CTChest,perspective,tp_-85.52_58.91_-96.65,Mid,2,CTChest__perspective__tp_-85.52_58.91_-96.65__shot2_16.17__shot3m3m1_0.40__shot3m3m2_15.89,Low,1,16.17,0.4,15.89,-85.522,58.911,-96.64764404,149.6153260613614,marker-only,0.5,49,1,0,8.568588310381335,2.597317361052455,0.1498360534988703,0.0635770727319719,0.5682352413008643,1,1
experiment_results1.csv,perturbation_run,perturbation_gap,1,2026-04-21T21:07:43+08:00,20260421_210743_479794,controlled_perturbation_study,CTChest,perspective,tp_-85.52_58.91_-96.65,Mid,2,CTChest__perspective__tp_-85.52_58.91_-96.65__shot2_16.17__shot3m3m1_0.40__shot3m3m2_15.89,Low,1,16.17,0.4,15.89,-85.522,58.911,-96.64764404,149.6153260613614,marker-only,0.5,50,1,0,4.902402825955752,1.463409473221481,0.9866575370486924,0.0635770727319719,0.5843092501030052,1,1
experiment_results1.csv,perturbation_run,perturbation_gap,1,2026-04-21T21:07:49+08:00,20260421_210749_942472,controlled_perturbation_study,CTChest,perspective,tp_-85.52_58.91_-96.65,Mid,2,CTChest__perspective__tp_-85.52_58.91_-96.65__shot2_16.17__shot3m3m1_0.40__shot3m3m2_15.89,Low,1,16.17,0.4,15.89,-85.522,58.911,-96.64764404,149.6153260613614,marker-only,1.0,1,1,0,26.918057198124664,8.952270811179854,2.3093305456384634,0.0635770727319719,1.0343002794013525,1,1
experiment_results1.csv,perturbation_run,perturbation_gap,1,2026-04-21T21:07:50+08:00,20260421_210750_338615,controlled_perturbation_study,CTChest,perspective,tp_-85.52_58.91_-96.65,Mid,2,CTChest__perspective__tp_-85.52_58.91_-96.65__shot2_16.17__shot3m3m1_0.40__shot3m3m2_15.89,Low,1,16.17,0.4,15.89,-85.522,58.911,-96.64764404,149.6153260613614,marker-only,1.0,2,1,0,7.936291464363109,5.909375932995785,2.174296177597115,0.0635770727319719,1.2609980721709,1,1
experiment_results1.csv,perturbation_run,perturbation_gap,1,2026-04-21T21:07:50+08:00,20260421_210750_697873,controlled_perturbation_study,CTChest,perspective,tp_-85.52_58.91_-96.65,Mid,2,CTChest__perspective__tp_-85.52_58.91_-96.65__shot2_16.17__shot3m3m1_0.40__shot3m3m2_15.89,Low,1,16.17,0.4,15.89,-85.522,58.911,-96.64764404,149.6153260613614,marker-only,1.0,3,1,0,14.244050843280082,5.2383018428859724,1.3456945848849995,0.0635770727319719,1.2288318545318744,1,1
experiment_results1.csv,perturbation_run,perturbation_gap,1,2026-04-21T21:07:51+08:00,20260421_210751_057059,controlled_perturbation_study,CTChest,perspective,tp_-85.52_58.91_-96.65,Mid,2,CTChest__perspective__tp_-85.52_58.91_-96.65__shot2_16.17__shot3m3m1_0.40__shot3m3m2_15.89,Low,1,16.17,0.4,15.89,-85.522,58.911,-96.64764404,149.6153260613614,marker-only,1.0,4,1,0,5.588823834578767,1.8030327768264875,1.5097994080152517,0.0635770727319719,1.330048965923574,1,1
experiment_results1.csv,perturbation_run,perturbation_gap,1,2026-04-21T21:07:51+08:00,20260421_210751_454773,controlled_perturbation_study,CTChest,perspective,tp_-85.52_58.91_-96.65,Mid,2,CTChest__perspective__tp_-85.52_58.91_-96.65__shot2_16.17__shot3m3m1_0.40__shot3m3m2_15.89,Low,1,16.17,0.4,15.89,-85.522,58.911,-96.64764404,149.6153260613614,marker-only,1.0,5,1,0,53.80932595477607,14.731602011477465,0.1220657575356053,0.0635770727319719,1.0673599286333708,1,1
experiment_results1.csv,perturbation_run,perturbation_gap,1,2026-04-21T21:07:51+08:00,20260421_210751_801580,controlled_perturbation_study,CTChest,perspective,tp_-85.52_58.91_-96.65,Mid,2,CTChest__perspective__tp_-85.52_58.91_-96.65__shot2_16.17__shot3m3m1_0.40__shot3m3m2_15.89,Low,1,16.17,0.4,15.89,-85.522,58.911,-96.64764404,149.6153260613614,marker-only,1.0,6,1,0,1.013964402135464,4.253055086630779,2.2736507004040223,0.0635770727319719,1.119644286240236,1,1
experiment_results1.csv,perturbation_run,perturbation_gap,1,2026-04-21T21:07:52+08:00,20260421_210752_195119,controlled_perturbation_study,CTChest,perspective,tp_-85.52_58.91_-96.65,Mid,2,CTChest__perspective__tp_-85.52_58.91_-96.65__shot2_16.17__shot3m3m1_0.40__shot3m3m2_15.89,Low,1,16.17,0.4,15.89,-85.522,58.911,-96.64764404,149.6153260613614,marker-only,1.0,7,1,0,2.489798498067739,9.642801888389114,2.243550693766459,0.0635770727319719,1.2274372534307716,1,1
experiment_results1.csv,perturbation_run,perturbation_gap,1,2026-04-21T21:07:52+08:00,20260421_210752_522487,controlled_perturbation_study,CTChest,perspective,tp_-85.52_58.91_-96.65,Mid,2,CTChest__perspective__tp_-85.52_58.91_-96.65__shot2_16.17__shot3m3m1_0.40__shot3m3m2_15.89,Low,1,16.17,0.4,15.89,-85.522,58.911,-96.64764404,149.6153260613614,marker-only,1.0,8,1,0,32.89953896694574,11.43359536690355,1.2601806326564604,0.0635770727319719,1.2111861672042024,1,1
experiment_results1.csv,perturbation_run,perturbation_gap,1,2026-04-21T21:07:52+08:00,20260421_210752_874103,controlled_perturbation_study,CTChest,perspective,tp_-85.52_58.91_-96.65,Mid,2,CTChest__perspective__tp_-85.52_58.91_-96.65__shot2_16.17__shot3m3m1_0.40__shot3m3m2_15.89,Low,1,16.17,0.4,15.89,-85.522,58.911,-96.64764404,149.6153260613614,marker-only,1.0,9,1,0,11.99955362336865,7.51232493227802,2.435552604466047,0.0635770727319719,1.2634223503725897,1,1
experiment_results1.csv,perturbation_run,perturbation_gap,1,2026-04-21T21:07:53+08:00,20260421_210753_230423,controlled_perturbation_study,CTChest,perspective,tp_-85.52_58.91_-96.65,Mid,2,CTChest__perspective__tp_-85.52_58.91_-96.65__shot2_16.17__shot3m3m1_0.40__shot3m3m2_15.89,Low,1,16.17,0.4,15.89,-85.522,58.911,-96.64764404,149.6153260613614,marker-only,1.0,10,1,0,17.314225211889053,5.141811834220965,0.9646756316396404,0.0635770727319719,1.3244618236557244,1,1
experiment_results1.csv,perturbation_run,perturbation_gap,1,2026-04-21T21:07:53+08:00,20260421_210753_585155,controlled_perturbation_study,CTChest,perspective,tp_-85.52_58.91_-96.65,Mid,2,CTChest__perspective__tp_-85.52_58.91_-96.65__shot2_16.17__shot3m3m1_0.40__shot3m3m2_15.89,Low,1,16.17,0.4,15.89,-85.522,58.911,-96.64764404,149.6153260613614,marker-only,1.0,11,1,0,11.970117279568976,8.520899168267736,0.5261133805113817,0.0635770727319719,1.393518746473361,1,1
experiment_results1.csv,perturbation_run,perturbation_gap,1,2026-04-21T21:07:53+08:00,20260421_210753_976513,controlled_perturbation_study,CTChest,perspective,tp_-85.52_58.91_-96.65,Mid,2,CTChest__perspective__tp_-85.52_58.91_-96.65__shot2_16.17__shot3m3m1_0.40__shot3m3m2_15.89,Low,1,16.17,0.4,15.89,-85.522,58.911,-96.64764404,149.6153260613614,marker-only,1.0,12,1,0,14.426065489281312,8.04816792887351,2.2726162561560894,0.0635770727319719,1.1012315609732797,1,1
experiment_results1.csv,perturbation_run,perturbation_gap,1,2026-04-21T21:07:54+08:00,20260421_210754_333127,controlled_perturbation_study,CTChest,perspective,tp_-85.52_58.91_-96.65,Mid,2,CTChest__perspective__tp_-85.52_58.91_-96.65__shot2_16.17__shot3m3m1_0.40__shot3m3m2_15.89,Low,1,16.17,0.4,15.89,-85.522,58.911,-96.64764404,149.6153260613614,marker-only,1.0,13,1,0,2.6172103925857164,1.670221995505267,1.781459420494996,0.0635770727319719,1.1641417939527188,1,1
experiment_results1.csv,perturbation_run,perturbation_gap,1,2026-04-21T21:07:54+08:00,20260421_210754_702536,controlled_perturbation_study,CTChest,perspective,tp_-85.52_58.91_-96.65,Mid,2,CTChest__perspective__tp_-85.52_58.91_-96.65__shot2_16.17__shot3m3m1_0.40__shot3m3m2_15.89,Low,1,16.17,0.4,15.89,-85.522,58.911,-96.64764404,149.6153260613614,marker-only,1.0,14,1,0,7.316228918342916,6.227214455154781,0.7363159361814136,0.0635770727319719,1.1725295423140327,1,1
experiment_results1.csv,perturbation_run,perturbation_gap,1,2026-04-21T21:07:55+08:00,20260421_210755_068653,controlled_perturbation_study,CTChest,perspective,tp_-85.52_58.91_-96.65,Mid,2,CTChest__perspective__tp_-85.52_58.91_-96.65__shot2_16.17__shot3m3m1_0.40__shot3m3m2_15.89,Low,1,16.17,0.4,15.89,-85.522,58.911,-96.64764404,149.6153260613614,marker-only,1.0,15,1,0,12.794505502002211,5.254852820937268,2.327182407523261,0.0635770727319719,1.2271165922300658,1,1
experiment_results1.csv,perturbation_run,perturbation_gap,1,2026-04-21T21:07:55+08:00,20260421_210755_476644,controlled_perturbation_study,CTChest,perspective,tp_-85.52_58.91_-96.65,Mid,2,CTChest__perspective__tp_-85.52_58.91_-96.65__shot2_16.17__shot3m3m1_0.40__shot3m3m2_15.89,Low,1,16.17,0.4,15.89,-85.522,58.911,-96.64764404,149.6153260613614,marker-only,1.0,16,1,0,1.869656430499116,11.825876424532314,2.2825317729103056,0.0635770727319719,1.226258320954306,1,1
experiment_results1.csv,perturbation_run,perturbation_gap,1,2026-04-21T21:07:55+08:00,20260421_210755_854215,controlled_perturbation_study,CTChest,perspective,tp_-85.52_58.91_-96.65,Mid,2,CTChest__perspective__tp_-85.52_58.91_-96.65__shot2_16.17__shot3m3m1_0.40__shot3m3m2_15.89,Low,1,16.17,0.4,15.89,-85.522,58.911,-96.64764404,149.6153260613614,marker-only,1.0,17,1,0,8.008058206619165,8.937956791767334,2.28746950820287,0.0635770727319719,1.2195241007979432,1,1
experiment_results1.csv,perturbation_run,perturbation_gap,1,2026-04-21T21:07:56+08:00,20260421_210756_238779,controlled_perturbation_study,CTChest,perspective,tp_-85.52_58.91_-96.65,Mid,2,CTChest__perspective__tp_-85.52_58.91_-96.65__shot2_16.17__shot3m3m1_0.40__shot3m3m2_15.89,Low,1,16.17,0.4,15.89,-85.522,58.911,-96.64764404,149.6153260613614,marker-only,1.0,18,1,0,21.08531277285688,7.672241292468514,1.0347643910950792,0.0635770727319719,1.1339031703724631,1,1
experiment_results1.csv,perturbation_run,perturbation_gap,1,2026-04-21T21:07:56+08:00,20260421_210756_641479,controlled_perturbation_study,CTChest,perspective,tp_-85.52_58.91_-96.65,Mid,2,CTChest__perspective__tp_-85.52_58.91_-96.65__shot2_16.17__shot3m3m1_0.40__shot3m3m2_15.89,Low,1,16.17,0.4,15.89,-85.522,58.911,-96.64764404,149.6153260613614,marker-only,1.0,19,1,0,6.381427012674673,6.4760147105294585,1.804966690760041,0.0635770727319719,0.9859808967207448,1,1
experiment_results1.csv,perturbation_run,perturbation_gap,1,2026-04-21T21:07:57+08:00,20260421_210757_051413,controlled_perturbation_study,CTChest,perspective,tp_-85.52_58.91_-96.65,Mid,2,CTChest__perspective__tp_-85.52_58.91_-96.65__shot2_16.17__shot3m3m1_0.40__shot3m3m2_15.89,Low,1,16.17,0.4,15.89,-85.522,58.911,-96.64764404,149.6153260613614,marker-only,1.0,20,1,0,13.374153366677902,4.477212389269468,1.277861583571005,0.0635770727319719,1.032143043110344,1,1
experiment_results1.csv,perturbation_run,perturbation_gap,1,2026-04-21T21:07:57+08:00,20260421_210757_464458,controlled_perturbation_study,CTChest,perspective,tp_-85.52_58.91_-96.65,Mid,2,CTChest__perspective__tp_-85.52_58.91_-96.65__shot2_16.17__shot3m3m1_0.40__shot3m3m2_15.89,Low,1,16.17,0.4,15.89,-85.522,58.911,-96.64764404,149.6153260613614,marker-only,1.0,21,1,0,60.69742777162198,14.11399283489623,2.517076090373476,0.0635770727319719,1.3396797771617848,1,1
experiment_results1.csv,perturbation_run,perturbation_gap,1,2026-04-21T21:07:57+08:00,20260421_210757_891315,controlled_perturbation_study,CTChest,perspective,tp_-85.52_58.91_-96.65,Mid,2,CTChest__perspective__tp_-85.52_58.91_-96.65__shot2_16.17__shot3m3m1_0.40__shot3m3m2_15.89,Low,1,16.17,0.4,15.89,-85.522,58.911,-96.64764404,149.6153260613614,marker-only,1.0,22,1,0,6.296641503786719,6.353154673064387,1.8064869093854927,0.0635770727319719,1.231503868491478,1,1
experiment_results1.csv,perturbation_run,perturbation_gap,1,2026-04-21T21:07:58+08:00,20260421_210758_379316,controlled_perturbation_study,CTChest,perspective,tp_-85.52_58.91_-96.65,Mid,2,CTChest__perspective__tp_-85.52_58.91_-96.65__shot2_16.17__shot3m3m1_0.40__shot3m3m2_15.89,Low,1,16.17,0.4,15.89,-85.522,58.911,-96.64764404,149.6153260613614,marker-only,1.0,23,1,0,15.72339569407509,10.318934660334737,2.1028250211084702,0.0635770727319719,0.9689002445113648,1,1
experiment_results1.csv,perturbation_run,perturbation_gap,1,2026-04-21T21:07:58+08:00,20260421_210758_790922,controlled_perturbation_study,CTChest,perspective,tp_-85.52_58.91_-96.65,Mid,2,CTChest__perspective__tp_-85.52_58.91_-96.65__shot2_16.17__shot3m3m1_0.40__shot3m3m2_15.89,Low,1,16.17,0.4,15.89,-85.522,58.911,-96.64764404,149.6153260613614,marker-only,1.0,24,1,0,1.6665557410171212,9.607850563840197,1.2070134658192015,0.0635770727319719,1.3640569829454077,1,1
experiment_results1.csv,perturbation_run,perturbation_gap,1,2026-04-21T21:07:59+08:00,20260421_210759_265061,controlled_perturbation_study,CTChest,perspective,tp_-85.52_58.91_-96.65,Mid,2,CTChest__perspective__tp_-85.52_58.91_-96.65__shot2_16.17__shot3m3m1_0.40__shot3m3m2_15.89,Low,1,16.17,0.4,15.89,-85.522,58.911,-96.64764404,149.6153260613614,marker-only,1.0,25,1,0,23.2231281364407,4.80021233708263,0.4560417552986133,0.0635770727319719,1.2740841876629487,1,1
experiment_results1.csv,perturbation_run,perturbation_gap,1,2026-04-21T21:07:59+08:00,20260421_210759_734321,controlled_perturbation_study,CTChest,perspective,tp_-85.52_58.91_-96.65,Mid,2,CTChest__perspective__tp_-85.52_58.91_-96.65__shot2_16.17__shot3m3m1_0.40__shot3m3m2_15.89,Low,1,16.17,0.4,15.89,-85.522,58.911,-96.64764404,149.6153260613614,marker-only,1.0,26,1,0,68.76265375295112,16.101293370260798,1.047117970401193,0.0635770727319719,0.9917887998685538,1,1
experiment_results1.csv,perturbation_run,perturbation_gap,1,2026-04-21T21:08:00+08:00,20260421_210800_201598,controlled_perturbation_study,CTChest,perspective,tp_-85.52_58.91_-96.65,Mid,2,CTChest__perspective__tp_-85.52_58.91_-96.65__shot2_16.17__shot3m3m1_0.40__shot3m3m2_15.89,Low,1,16.17,0.4,15.89,-85.522,58.911,-96.64764404,149.6153260613614,marker-only,1.0,27,1,0,23.33285254331956,7.154178389020557,1.4379878611765522,0.0635770727319719,1.2962147231486425,1,1
experiment_results1.csv,perturbation_run,perturbation_gap,1,2026-04-21T21:08:00+08:00,20260421_210800_604150,controlled_perturbation_study,CTChest,perspective,tp_-85.52_58.91_-96.65,Mid,2,CTChest__perspective__tp_-85.52_58.91_-96.65__shot2_16.17__shot3m3m1_0.40__shot3m3m2_15.89,Low,1,16.17,0.4,15.89,-85.522,58.911,-96.64764404,149.6153260613614,marker-only,1.0,28,1,0,13.985190425977844,2.716333240036477,0.8080819738608345,0.0635770727319719,1.2643785970804846,1,1
experiment_results1.csv,perturbation_run,perturbation_gap,1,2026-04-21T21:08:00+08:00,20260421_210800_963696,controlled_perturbation_study,CTChest,perspective,tp_-85.52_58.91_-96.65,Mid,2,CTChest__perspective__tp_-85.52_58.91_-96.65__shot2_16.17__shot3m3m1_0.40__shot3m3m2_15.89,Low,1,16.17,0.4,15.89,-85.522,58.911,-96.64764404,149.6153260613614,marker-only,1.0,29,1,0,15.33675856450374,7.315728775423585,1.3753363915664725,0.0635770727319719,1.230115915067041,1,1
experiment_results1.csv,perturbation_run,perturbation_gap,1,2026-04-21T21:08:01+08:00,20260421_210801_348392,controlled_perturbation_study,CTChest,perspective,tp_-85.52_58.91_-96.65,Mid,2,CTChest__perspective__tp_-85.52_58.91_-96.65__shot2_16.17__shot3m3m1_0.40__shot3m3m2_15.89,Low,1,16.17,0.4,15.89,-85.522,58.911,-96.64764404,149.6153260613614,marker-only,1.0,30,1,0,10.573041004595272,4.746279685900702,0.2756101542284707,0.0635770727319719,1.1432929957468885,1,1
experiment_results1.csv,perturbation_run,perturbation_gap,1,2026-04-21T21:08:01+08:00,20260421_210801_673357,controlled_perturbation_study,CTChest,perspective,tp_-85.52_58.91_-96.65,Mid,2,CTChest__perspective__tp_-85.52_58.91_-96.65__shot2_16.17__shot3m3m1_0.40__shot3m3m2_15.89,Low,1,16.17,0.4,15.89,-85.522,58.911,-96.64764404,149.6153260613614,marker-only,1.0,31,1,0,12.721389672835148,5.688588005020962,1.0899008681436595,0.0635770727319719,1.1707176786969322,1,1
experiment_results1.csv,perturbation_run,perturbation_gap,1,2026-04-21T21:08:02+08:00,20260421_210802_027794,controlled_perturbation_study,CTChest,perspective,tp_-85.52_58.91_-96.65,Mid,2,CTChest__perspective__tp_-85.52_58.91_-96.65__shot2_16.17__shot3m3m1_0.40__shot3m3m2_15.89,Low,1,16.17,0.4,15.89,-85.522,58.911,-96.64764404,149.6153260613614,marker-only,1.0,32,1,0,10.12837040642154,1.8960143993544776,3.4604247912049453,0.0635770727319719,1.204824344725819,1,1
experiment_results1.csv,perturbation_run,perturbation_gap,1,2026-04-21T21:08:02+08:00,20260421_210802_410188,controlled_perturbation_study,CTChest,perspective,tp_-85.52_58.91_-96.65,Mid,2,CTChest__perspective__tp_-85.52_58.91_-96.65__shot2_16.17__shot3m3m1_0.40__shot3m3m2_15.89,Low,1,16.17,0.4,15.89,-85.522,58.911,-96.64764404,149.6153260613614,marker-only,1.0,33,1,0,24.667267973168823,8.789215278215718,3.394520264285777,0.0635770727319719,1.191805678470718,1,1
experiment_results1.csv,perturbation_run,perturbation_gap,1,2026-04-21T21:08:02+08:00,20260421_210802_746166,controlled_perturbation_study,CTChest,perspective,tp_-85.52_58.91_-96.65,Mid,2,CTChest__perspective__tp_-85.52_58.91_-96.65__shot2_16.17__shot3m3m1_0.40__shot3m3m2_15.89,Low,1,16.17,0.4,15.89,-85.522,58.911,-96.64764404,149.6153260613614,marker-only,1.0,34,1,0,16.557778522779685,4.995584784457146,1.0587527100068272,0.0635770727319719,1.243982977849994,1,1
experiment_results1.csv,perturbation_run,perturbation_gap,1,2026-04-21T21:08:03+08:00,20260421_210803_102658,controlled_perturbation_study,CTChest,perspective,tp_-85.52_58.91_-96.65,Mid,2,CTChest__perspective__tp_-85.52_58.91_-96.65__shot2_16.17__shot3m3m1_0.40__shot3m3m2_15.89,Low,1,16.17,0.4,15.89,-85.522,58.911,-96.64764404,149.6153260613614,marker-only,1.0,35,1,0,18.836039860469366,5.907073929793788,1.4195965233784678,0.0635770727319719,1.1392786160911896,1,1
experiment_results1.csv,perturbation_run,perturbation_gap,1,2026-04-21T21:08:03+08:00,20260421_210803_470146,controlled_perturbation_study,CTChest,perspective,tp_-85.52_58.91_-96.65,Mid,2,CTChest__perspective__tp_-85.52_58.91_-96.65__shot2_16.17__shot3m3m1_0.40__shot3m3m2_15.89,Low,1,16.17,0.4,15.89,-85.522,58.911,-96.64764404,149.6153260613614,marker-only,1.0,36,1,0,32.95711535721095,7.037565501894036,0.7335317344590958,0.0635770727319719,1.0434897662656983,1,1
experiment_results1.csv,perturbation_run,perturbation_gap,1,2026-04-21T21:08:03+08:00,20260421_210803_879563,controlled_perturbation_study,CTChest,perspective,tp_-85.52_58.91_-96.65,Mid,2,CTChest__perspective__tp_-85.52_58.91_-96.65__shot2_16.17__shot3m3m1_0.40__shot3m3m2_15.89,Low,1,16.17,0.4,15.89,-85.522,58.911,-96.64764404,149.6153260613614,marker-only,1.0,37,1,0,12.731764943963034,5.945302208219378,2.728236453140598,0.0635770727319719,1.1746550353256409,1,1
experiment_results1.csv,perturbation_run,perturbation_gap,1,2026-04-21T21:08:04+08:00,20260421_210804_251068,controlled_perturbation_study,CTChest,perspective,tp_-85.52_58.91_-96.65,Mid,2,CTChest__perspective__tp_-85.52_58.91_-96.65__shot2_16.17__shot3m3m1_0.40__shot3m3m2_15.89,Low,1,16.17,0.4,15.89,-85.522,58.911,-96.64764404,149.6153260613614,marker-only,1.0,38,1,0,22.28219381208018,5.696075258563665,1.2404673966986115,0.0635770727319719,1.1845704572947269,1,1
experiment_results1.csv,perturbation_run,perturbation_gap,1,2026-04-21T21:08:04+08:00,20260421_210804_639789,controlled_perturbation_study,CTChest,perspective,tp_-85.52_58.91_-96.65,Mid,2,CTChest__perspective__tp_-85.52_58.91_-96.65__shot2_16.17__shot3m3m1_0.40__shot3m3m2_15.89,Low,1,16.17,0.4,15.89,-85.522,58.911,-96.64764404,149.6153260613614,marker-only,1.0,39,1,0,23.51122437301213,14.929731875933593,1.7948024242056153,0.0635770727319719,1.183259734983512,1,1
experiment_results1.csv,perturbation_run,perturbation_gap,1,2026-04-21T21:08:05+08:00,20260421_210805_031927,controlled_perturbation_study,CTChest,perspective,tp_-85.52_58.91_-96.65,Mid,2,CTChest__perspective__tp_-85.52_58.91_-96.65__shot2_16.17__shot3m3m1_0.40__shot3m3m2_15.89,Low,1,16.17,0.4,15.89,-85.522,58.911,-96.64764404,149.6153260613614,marker-only,1.0,40,1,0,65.30226626049821,11.09061855081233,2.461264075934661,0.0635770727319719,1.167822339304916,1,1
experiment_results1.csv,perturbation_run,perturbation_gap,1,2026-04-21T21:08:05+08:00,20260421_210805_440245,controlled_perturbation_study,CTChest,perspective,tp_-85.52_58.91_-96.65,Mid,2,CTChest__perspective__tp_-85.52_58.91_-96.65__shot2_16.17__shot3m3m1_0.40__shot3m3m2_15.89,Low,1,16.17,0.4,15.89,-85.522,58.911,-96.64764404,149.6153260613614,marker-only,1.0,41,1,0,4.20389744666632,0.7665388844208016,1.053297177349873,0.0635770727319719,1.2088161046233334,1,1
experiment_results1.csv,perturbation_run,perturbation_gap,1,2026-04-21T21:08:05+08:00,20260421_210805_851628,controlled_perturbation_study,CTChest,perspective,tp_-85.52_58.91_-96.65,Mid,2,CTChest__perspective__tp_-85.52_58.91_-96.65__shot2_16.17__shot3m3m1_0.40__shot3m3m2_15.89,Low,1,16.17,0.4,15.89,-85.522,58.911,-96.64764404,149.6153260613614,marker-only,1.0,42,1,0,2.7504176481890505,2.794121871883739,1.0299296934263045,0.0635770727319719,1.3630676298109463,1,1
experiment_results1.csv,perturbation_run,perturbation_gap,1,2026-04-21T21:08:06+08:00,20260421_210806_280170,controlled_perturbation_study,CTChest,perspective,tp_-85.52_58.91_-96.65,Mid,2,CTChest__perspective__tp_-85.52_58.91_-96.65__shot2_16.17__shot3m3m1_0.40__shot3m3m2_15.89,Low,1,16.17,0.4,15.89,-85.522,58.911,-96.64764404,149.6153260613614,marker-only,1.0,43,1,0,21.945363543252096,7.749407754611572,1.5167214022827615,0.0635770727319719,1.0951114694963415,1,1
experiment_results1.csv,perturbation_run,perturbation_gap,1,2026-04-21T21:08:06+08:00,20260421_210806_734421,controlled_perturbation_study,CTChest,perspective,tp_-85.52_58.91_-96.65,Mid,2,CTChest__perspective__tp_-85.52_58.91_-96.65__shot2_16.17__shot3m3m1_0.40__shot3m3m2_15.89,Low,1,16.17,0.4,15.89,-85.522,58.911,-96.64764404,149.6153260613614,marker-only,1.0,44,1,0,2.463373727223049,2.0881077144060347,0.2779375169110818,0.0635770727319719,1.152360362492148,1,1
experiment_results1.csv,perturbation_run,perturbation_gap,1,2026-04-21T21:08:07+08:00,20260421_210807_214942,controlled_perturbation_study,CTChest,perspective,tp_-85.52_58.91_-96.65,Mid,2,CTChest__perspective__tp_-85.52_58.91_-96.65__shot2_16.17__shot3m3m1_0.40__shot3m3m2_15.89,Low,1,16.17,0.4,15.89,-85.522,58.911,-96.64764404,149.6153260613614,marker-only,1.0,45,1,0,21.158652206778832,5.667266993218878,0.6615496352114206,0.0635770727319719,1.2784330707941736,1,1
experiment_results1.csv,perturbation_run,perturbation_gap,1,2026-04-21T21:08:07+08:00,20260421_210807_692065,controlled_perturbation_study,CTChest,perspective,tp_-85.52_58.91_-96.65,Mid,2,CTChest__perspective__tp_-85.52_58.91_-96.65__shot2_16.17__shot3m3m1_0.40__shot3m3m2_15.89,Low,1,16.17,0.4,15.89,-85.522,58.911,-96.64764404,149.6153260613614,marker-only,1.0,46,1,0,11.072454896178929,12.328315887923644,2.3422844878179228,0.0635770727319719,1.1620081894946617,1,1
experiment_results1.csv,perturbation_run,perturbation_gap,1,2026-04-21T21:08:08+08:00,20260421_210808_108201,controlled_perturbation_study,CTChest,perspective,tp_-85.52_58.91_-96.65,Mid,2,CTChest__perspective__tp_-85.52_58.91_-96.65__shot2_16.17__shot3m3m1_0.40__shot3m3m2_15.89,Low,1,16.17,0.4,15.89,-85.522,58.911,-96.64764404,149.6153260613614,marker-only,1.0,47,1,0,41.90461850032905,11.094369188136112,2.105974464148725,0.0635770727319719,1.37216805225198,1,1
experiment_results1.csv,perturbation_run,perturbation_gap,1,2026-04-21T21:08:08+08:00,20260421_210808_462256,controlled_perturbation_study,CTChest,perspective,tp_-85.52_58.91_-96.65,Mid,2,CTChest__perspective__tp_-85.52_58.91_-96.65__shot2_16.17__shot3m3m1_0.40__shot3m3m2_15.89,Low,1,16.17,0.4,15.89,-85.522,58.911,-96.64764404,149.6153260613614,marker-only,1.0,48,1,0,68.20218358309546,17.72564540172137,0.0084930018175552,0.0635770727319719,1.2095115127038654,1,1
experiment_results1.csv,perturbation_run,perturbation_gap,1,2026-04-21T21:08:08+08:00,20260421_210808_820399,controlled_perturbation_study,CTChest,perspective,tp_-85.52_58.91_-96.65,Mid,2,CTChest__perspective__tp_-85.52_58.91_-96.65__shot2_16.17__shot3m3m1_0.40__shot3m3m2_15.89,Low,1,16.17,0.4,15.89,-85.522,58.911,-96.64764404,149.6153260613614,marker-only,1.0,49,1,0,7.820815081597623,6.280391532235269,1.3969010396143615,0.0635770727319719,1.005665210417952,1,1
experiment_results1.csv,perturbation_run,perturbation_gap,1,2026-04-21T21:08:09+08:00,20260421_210809_187795,controlled_perturbation_study,CTChest,perspective,tp_-85.52_58.91_-96.65,Mid,2,CTChest__perspective__tp_-85.52_58.91_-96.65__shot2_16.17__shot3m3m1_0.40__shot3m3m2_15.89,Low,1,16.17,0.4,15.89,-85.522,58.911,-96.64764404,149.6153260613614,marker-only,1.0,50,1,0,17.689065120941336,2.2032145060530297,0.4726630859917859,0.0635770727319719,0.9695914105467186,1,1
experiment_results1.csv,perturbation_run,perturbation_gap,1,2026-04-21T21:08:13+08:00,20260421_210813_599288,controlled_perturbation_study,CTChest,perspective,tp_-85.52_58.91_-96.65,Mid,2,CTChest__perspective__tp_-85.52_58.91_-96.65__shot2_16.17__shot3m3m1_0.40__shot3m3m2_15.89,Low,1,16.17,0.4,15.89,-85.522,58.911,-96.64764404,149.6153260613614,marker-only,2.0,1,1,0,39.456481514513705,12.325458012970296,1.158943889411897,0.0635770727319719,2.3490410640079578,1,1
experiment_results1.csv,perturbation_run,perturbation_gap,1,2026-04-21T21:08:13+08:00,20260421_210813_990301,controlled_perturbation_study,CTChest,perspective,tp_-85.52_58.91_-96.65,Mid,2,CTChest__perspective__tp_-85.52_58.91_-96.65__shot2_16.17__shot3m3m1_0.40__shot3m3m2_15.89,Low,1,16.17,0.4,15.89,-85.522,58.911,-96.64764404,149.6153260613614,marker-only,2.0,2,1,0,42.81446238119912,24.336898411954703,0.9479805931675884,0.0635770727319719,2.877117215739002,1,1
experiment_results1.csv,perturbation_run,perturbation_gap,1,2026-04-21T21:08:14+08:00,20260421_210814_329951,controlled_perturbation_study,CTChest,perspective,tp_-85.52_58.91_-96.65,Mid,2,CTChest__perspective__tp_-85.52_58.91_-96.65__shot2_16.17__shot3m3m1_0.40__shot3m3m2_15.89,Low,1,16.17,0.4,15.89,-85.522,58.911,-96.64764404,149.6153260613614,marker-only,2.0,3,1,0,22.663617647907547,11.297340626932488,4.0403850848620335,0.0635770727319719,2.2157584116449494,1,1
experiment_results1.csv,perturbation_run,perturbation_gap,1,2026-04-21T21:08:14+08:00,20260421_210814_722884,controlled_perturbation_study,CTChest,perspective,tp_-85.52_58.91_-96.65,Mid,2,CTChest__perspective__tp_-85.52_58.91_-96.65__shot2_16.17__shot3m3m1_0.40__shot3m3m2_15.89,Low,1,16.17,0.4,15.89,-85.522,58.911,-96.64764404,149.6153260613614,marker-only,2.0,4,1,0,36.82737568456634,17.72041975907717,4.1471812642158765,0.0635770727319719,2.421109242494675,1,1
experiment_results1.csv,perturbation_run,perturbation_gap,1,2026-04-21T21:08:15+08:00,20260421_210815_072068,controlled_perturbation_study,CTChest,perspective,tp_-85.52_58.91_-96.65,Mid,2,CTChest__perspective__tp_-85.52_58.91_-96.65__shot2_16.17__shot3m3m1_0.40__shot3m3m2_15.89,Low,1,16.17,0.4,15.89,-85.522,58.911,-96.64764404,149.6153260613614,marker-only,2.0,5,1,0,7.0167551301745466,3.593427850606836,2.3369565137733064,0.0635770727319719,2.2441165109862,1,1
experiment_results1.csv,perturbation_run,perturbation_gap,1,2026-04-21T21:08:15+08:00,20260421_210815_435750,controlled_perturbation_study,CTChest,perspective,tp_-85.52_58.91_-96.65,Mid,2,CTChest__perspective__tp_-85.52_58.91_-96.65__shot2_16.17__shot3m3m1_0.40__shot3m3m2_15.89,Low,1,16.17,0.4,15.89,-85.522,58.911,-96.64764404,149.6153260613614,marker-only,2.0,6,1,0,129.67363578832163,49.841322573531016,4.017211157252377,0.0635770727319719,2.55256048821526,1,1
experiment_results1.csv,perturbation_run,perturbation_gap,1,2026-04-21T21:08:15+08:00,20260421_210815_814229,controlled_perturbation_study,CTChest,perspective,tp_-85.52_58.91_-96.65,Mid,2,CTChest__perspective__tp_-85.52_58.91_-96.65__shot2_16.17__shot3m3m1_0.40__shot3m3m2_15.89,Low,1,16.17,0.4,15.89,-85.522,58.911,-96.64764404,149.6153260613614,marker-only,2.0,7,1,0,627.2737288243648,56.91297455732396,1.772426827030695,0.0635770727319719,2.7060981661966967,1,1
experiment_results1.csv,perturbation_run,perturbation_gap,1,2026-04-21T21:08:16+08:00,20260421_210816_181771,controlled_perturbation_study,CTChest,perspective,tp_-85.52_58.91_-96.65,Mid,2,CTChest__perspective__tp_-85.52_58.91_-96.65__shot2_16.17__shot3m3m1_0.40__shot3m3m2_15.89,Low,1,16.17,0.4,15.89,-85.522,58.911,-96.64764404,149.6153260613614,marker-only,2.0,8,1,0,61.69872137687869,20.416109836617984,3.704594802613287,0.0635770727319719,2.6822314831083687,1,1
experiment_results1.csv,perturbation_run,perturbation_gap,1,2026-04-21T21:08:16+08:00,20260421_210816_526892,controlled_perturbation_study,CTChest,perspective,tp_-85.52_58.91_-96.65,Mid,2,CTChest__perspective__tp_-85.52_58.91_-96.65__shot2_16.17__shot3m3m1_0.40__shot3m3m2_15.89,Low,1,16.17,0.4,15.89,-85.522,58.911,-96.64764404,149.6153260613614,marker-only,2.0,9,1,0,10.549101152468747,4.12910952936908,2.8054667318565305,0.0635770727319719,2.123286823663156,1,1
experiment_results1.csv,perturbation_run,perturbation_gap,1,2026-04-21T21:08:16+08:00,20260421_210816_901401,controlled_perturbation_study,CTChest,perspective,tp_-85.52_58.91_-96.65,Mid,2,CTChest__perspective__tp_-85.52_58.91_-96.65__shot2_16.17__shot3m3m1_0.40__shot3m3m2_15.89,Low,1,16.17,0.4,15.89,-85.522,58.911,-96.64764404,149.6153260613614,marker-only,2.0,10,1,0,43.14433853604788,12.502527868948764,0.7955369179189001,0.0635770727319719,2.432984430856251,1,1
experiment_results1.csv,perturbation_run,perturbation_gap,1,2026-04-21T21:08:17+08:00,20260421_210817_286779,controlled_perturbation_study,CTChest,perspective,tp_-85.52_58.91_-96.65,Mid,2,CTChest__perspective__tp_-85.52_58.91_-96.65__shot2_16.17__shot3m3m1_0.40__shot3m3m2_15.89,Low,1,16.17,0.4,15.89,-85.522,58.911,-96.64764404,149.6153260613614,marker-only,2.0,11,1,0,64.10449439118568,4.426465360531443,1.8514151032423336,0.0635770727319719,2.28041848625138,1,1
experiment_results1.csv,perturbation_run,perturbation_gap,1,2026-04-21T21:08:17+08:00,20260421_210817_679306,controlled_perturbation_study,CTChest,perspective,tp_-85.52_58.91_-96.65,Mid,2,CTChest__perspective__tp_-85.52_58.91_-96.65__shot2_16.17__shot3m3m1_0.40__shot3m3m2_15.89,Low,1,16.17,0.4,15.89,-85.522,58.911,-96.64764404,149.6153260613614,marker-only,2.0,12,1,0,2.7272411633228497,68.88616253006381,3.5855900181004405,0.0635770727319719,2.356376895952036,1,1
experiment_results1.csv,perturbation_run,perturbation_gap,1,2026-04-21T21:08:18+08:00,20260421_210818_084335,controlled_perturbation_study,CTChest,perspective,tp_-85.52_58.91_-96.65,Mid,2,CTChest__perspective__tp_-85.52_58.91_-96.65__shot2_16.17__shot3m3m1_0.40__shot3m3m2_15.89,Low,1,16.17,0.4,15.89,-85.522,58.911,-96.64764404,149.6153260613614,marker-only,2.0,13,1,0,125.89853419723995,35.38684987314917,3.1674993448475264,0.0635770727319719,2.269226244880937,1,1
experiment_results1.csv,perturbation_run,perturbation_gap,1,2026-04-21T21:08:18+08:00,20260421_210818_554058,controlled_perturbation_study,CTChest,perspective,tp_-85.52_58.91_-96.65,Mid,2,CTChest__perspective__tp_-85.52_58.91_-96.65__shot2_16.17__shot3m3m1_0.40__shot3m3m2_15.89,Low,1,16.17,0.4,15.89,-85.522,58.911,-96.64764404,149.6153260613614,marker-only,2.0,14,1,0,42.474789936305136,14.802028568596176,0.4866074227026773,0.0635770727319719,2.514495933941531,1,1
experiment_results1.csv,perturbation_run,perturbation_gap,1,2026-04-21T21:08:18+08:00,20260421_210818_977458,controlled_perturbation_study,CTChest,perspective,tp_-85.52_58.91_-96.65,Mid,2,CTChest__perspective__tp_-85.52_58.91_-96.65__shot2_16.17__shot3m3m1_0.40__shot3m3m2_15.89,Low,1,16.17,0.4,15.89,-85.522,58.911,-96.64764404,149.6153260613614,marker-only,2.0,15,1,0,3.991407758366925,6.363178192194865,0.2447204685801153,0.0635770727319719,2.53588377220542,1,1
experiment_results1.csv,perturbation_run,perturbation_gap,1,2026-04-21T21:08:19+08:00,20260421_210819_472887,controlled_perturbation_study,CTChest,perspective,tp_-85.52_58.91_-96.65,Mid,2,CTChest__perspective__tp_-85.52_58.91_-96.65__shot2_16.17__shot3m3m1_0.40__shot3m3m2_15.89,Low,1,16.17,0.4,15.89,-85.522,58.911,-96.64764404,149.6153260613614,marker-only,2.0,16,1,0,31.775960731009647,7.13309849644036,4.525254428020631,0.0635770727319719,2.543289706915456,1,1
experiment_results1.csv,perturbation_run,perturbation_gap,1,2026-04-21T21:08:19+08:00,20260421_210819_930948,controlled_perturbation_study,CTChest,perspective,tp_-85.52_58.91_-96.65,Mid,2,CTChest__perspective__tp_-85.52_58.91_-96.65__shot2_16.17__shot3m3m1_0.40__shot3m3m2_15.89,Low,1,16.17,0.4,15.89,-85.522,58.911,-96.64764404,149.6153260613614,marker-only,2.0,17,1,0,64.98844287853383,15.290849031869406,4.992831489594454,0.0635770727319719,2.4742672828264145,1,1
experiment_results1.csv,perturbation_run,perturbation_gap,1,2026-04-21T21:08:20+08:00,20260421_210820_404206,controlled_perturbation_study,CTChest,perspective,tp_-85.52_58.91_-96.65,Mid,2,CTChest__perspective__tp_-85.52_58.91_-96.65__shot2_16.17__shot3m3m1_0.40__shot3m3m2_15.89,Low,1,16.17,0.4,15.89,-85.522,58.911,-96.64764404,149.6153260613614,marker-only,2.0,18,1,0,3.119124112918372,10.75691693692246,0.4432974413202533,0.0635770727319719,2.277451725953549,1,1
experiment_results1.csv,perturbation_run,perturbation_gap,1,2026-04-21T21:08:20+08:00,20260421_210820_903171,controlled_perturbation_study,CTChest,perspective,tp_-85.52_58.91_-96.65,Mid,2,CTChest__perspective__tp_-85.52_58.91_-96.65__shot2_16.17__shot3m3m1_0.40__shot3m3m2_15.89,Low,1,16.17,0.4,15.89,-85.522,58.911,-96.64764404,149.6153260613614,marker-only,2.0,19,1,0,38.80896049864687,14.60649842479878,4.659749165090682,0.0635770727319719,2.1393433093880083,1,1
experiment_results1.csv,perturbation_run,perturbation_gap,1,2026-04-21T21:08:21+08:00,20260421_210821_400016,controlled_perturbation_study,CTChest,perspective,tp_-85.52_58.91_-96.65,Mid,2,CTChest__perspective__tp_-85.52_58.91_-96.65__shot2_16.17__shot3m3m1_0.40__shot3m3m2_15.89,Low,1,16.17,0.4,15.89,-85.522,58.911,-96.64764404,149.6153260613614,marker-only,2.0,20,1,0,32.8679044903795,8.326799279879321,3.290916612165056,0.0635770727319719,2.200066549453496,1,1
experiment_results1.csv,perturbation_run,perturbation_gap,1,2026-04-21T21:08:21+08:00,20260421_210821_909816,controlled_perturbation_study,CTChest,perspective,tp_-85.52_58.91_-96.65,Mid,2,CTChest__perspective__tp_-85.52_58.91_-96.65__shot2_16.17__shot3m3m1_0.40__shot3m3m2_15.89,Low,1,16.17,0.4,15.89,-85.522,58.911,-96.64764404,149.6153260613614,marker-only,2.0,21,1,0,68.9036708000088,29.469740997235448,3.7184079338657297,0.0635770727319719,2.330004290111912,1,1
experiment_results1.csv,perturbation_run,perturbation_gap,1,2026-04-21T21:08:22+08:00,20260421_210822_432320,controlled_perturbation_study,CTChest,perspective,tp_-85.52_58.91_-96.65,Mid,2,CTChest__perspective__tp_-85.52_58.91_-96.65__shot2_16.17__shot3m3m1_0.40__shot3m3m2_15.89,Low,1,16.17,0.4,15.89,-85.522,58.911,-96.64764404,149.6153260613614,marker-only,2.0,22,1,0,52.240309319717554,17.27280668199657,2.822424061292645,0.0635770727319719,2.273059013868932,1,1
experiment_results1.csv,perturbation_run,perturbation_gap,1,2026-04-21T21:08:22+08:00,20260421_210822_969245,controlled_perturbation_study,CTChest,perspective,tp_-85.52_58.91_-96.65,Mid,2,CTChest__perspective__tp_-85.52_58.91_-96.65__shot2_16.17__shot3m3m1_0.40__shot3m3m2_15.89,Low,1,16.17,0.4,15.89,-85.522,58.911,-96.64764404,149.6153260613614,marker-only,2.0,23,1,0,49.98720576402072,13.763535671841153,2.1302695974088643,0.0635770727319719,2.4137067225902165,1,1
experiment_results1.csv,perturbation_run,perturbation_gap,1,2026-04-21T21:08:23+08:00,20260421_210823_564016,controlled_perturbation_study,CTChest,perspective,tp_-85.52_58.91_-96.65,Mid,2,CTChest__perspective__tp_-85.52_58.91_-96.65__shot2_16.17__shot3m3m1_0.40__shot3m3m2_15.89,Low,1,16.17,0.4,15.89,-85.522,58.911,-96.64764404,149.6153260613614,marker-only,2.0,24,1,0,202.973091961893,27.101428464583467,0.3972008851759913,0.0635770727319719,2.550516666500713,1,1
experiment_results1.csv,perturbation_run,perturbation_gap,1,2026-04-21T21:08:24+08:00,20260421_210824_034062,controlled_perturbation_study,CTChest,perspective,tp_-85.52_58.91_-96.65,Mid,2,CTChest__perspective__tp_-85.52_58.91_-96.65__shot2_16.17__shot3m3m1_0.40__shot3m3m2_15.89,Low,1,16.17,0.4,15.89,-85.522,58.911,-96.64764404,149.6153260613614,marker-only,2.0,25,1,0,77.56181581016371,22.1427007680676,6.291354523389938,0.0635770727319719,2.761876792672008,1,1
experiment_results1.csv,perturbation_run,perturbation_gap,1,2026-04-21T21:08:24+08:00,20260421_210824_564971,controlled_perturbation_study,CTChest,perspective,tp_-85.52_58.91_-96.65,Mid,2,CTChest__perspective__tp_-85.52_58.91_-96.65__shot2_16.17__shot3m3m1_0.40__shot3m3m2_15.89,Low,1,16.17,0.4,15.89,-85.522,58.911,-96.64764404,149.6153260613614,marker-only,2.0,26,1,0,165.33421990538997,46.47599887873753,5.202790627876713,0.0635770727319719,2.395698425987961,1,1
experiment_results1.csv,perturbation_run,perturbation_gap,1,2026-04-21T21:08:25+08:00,20260421_210825_100424,controlled_perturbation_study,CTChest,perspective,tp_-85.52_58.91_-96.65,Mid,2,CTChest__perspective__tp_-85.52_58.91_-96.65__shot2_16.17__shot3m3m1_0.40__shot3m3m2_15.89,Low,1,16.17,0.4,15.89,-85.522,58.911,-96.64764404,149.6153260613614,marker-only,2.0,27,1,0,61.17508470093298,17.396343756998093,1.5071658045551448,0.0635770727319719,2.423393370992901,1,1
experiment_results1.csv,perturbation_run,perturbation_gap,1,2026-04-21T21:08:25+08:00,20260421_210825_636303,controlled_perturbation_study,CTChest,perspective,tp_-85.52_58.91_-96.65,Mid,2,CTChest__perspective__tp_-85.52_58.91_-96.65__shot2_16.17__shot3m3m1_0.40__shot3m3m2_15.89,Low,1,16.17,0.4,15.89,-85.522,58.911,-96.64764404,149.6153260613614,marker-only,2.0,28,1,0,191.3060596744849,43.56835558076659,1.887109090977076,0.0635770727319719,2.232030270002707,1,1
experiment_results1.csv,perturbation_run,perturbation_gap,1,2026-04-21T21:08:26+08:00,20260421_210826_166587,controlled_perturbation_study,CTChest,perspective,tp_-85.52_58.91_-96.65,Mid,2,CTChest__perspective__tp_-85.52_58.91_-96.65__shot2_16.17__shot3m3m1_0.40__shot3m3m2_15.89,Low,1,16.17,0.4,15.89,-85.522,58.911,-96.64764404,149.6153260613614,marker-only,2.0,29,1,0,43.1023782467784,11.587615087378746,0.9021609799785048,0.0635770727319719,2.3732700562032565,1,1
experiment_results1.csv,perturbation_run,perturbation_gap,1,2026-04-21T21:08:26+08:00,20260421_210826_705027,controlled_perturbation_study,CTChest,perspective,tp_-85.52_58.91_-96.65,Mid,2,CTChest__perspective__tp_-85.52_58.91_-96.65__shot2_16.17__shot3m3m1_0.40__shot3m3m2_15.89,Low,1,16.17,0.4,15.89,-85.522,58.911,-96.64764404,149.6153260613614,marker-only,2.0,30,1,0,19.29616167602082,12.281883240814922,2.237079066599893,0.0635770727319719,2.0594423187975868,1,1
experiment_results1.csv,perturbation_run,perturbation_gap,1,2026-04-21T21:08:27+08:00,20260421_210827_239248,controlled_perturbation_study,CTChest,perspective,tp_-85.52_58.91_-96.65,Mid,2,CTChest__perspective__tp_-85.52_58.91_-96.65__shot2_16.17__shot3m3m1_0.40__shot3m3m2_15.89,Low,1,16.17,0.4,15.89,-85.522,58.911,-96.64764404,149.6153260613614,marker-only,2.0,31,1,0,25.71362614949028,7.322115183019489,2.9899192592963915,0.0635770727319719,2.1574320531539493,1,1
experiment_results1.csv,perturbation_run,perturbation_gap,1,2026-04-21T21:08:27+08:00,20260421_210827_786424,controlled_perturbation_study,CTChest,perspective,tp_-85.52_58.91_-96.65,Mid,2,CTChest__perspective__tp_-85.52_58.91_-96.65__shot2_16.17__shot3m3m1_0.40__shot3m3m2_15.89,Low,1,16.17,0.4,15.89,-85.522,58.911,-96.64764404,149.6153260613614,marker-only,2.0,32,1,0,11.686978232315138,9.408713722842444,0.1087276592096286,0.0635770727319719,2.604944948442417,1,1
experiment_results1.csv,perturbation_run,perturbation_gap,1,2026-04-21T21:08:28+08:00,20260421_210828_318487,controlled_perturbation_study,CTChest,perspective,tp_-85.52_58.91_-96.65,Mid,2,CTChest__perspective__tp_-85.52_58.91_-96.65__shot2_16.17__shot3m3m1_0.40__shot3m3m2_15.89,Low,1,16.17,0.4,15.89,-85.522,58.911,-96.64764404,149.6153260613614,marker-only,2.0,33,1,0,8.252214097587055,8.208785213447557,3.915927264014409,0.0635770727319719,2.696966260370216,1,1
experiment_results1.csv,perturbation_run,perturbation_gap,1,2026-04-21T21:08:28+08:00,20260421_210828_850614,controlled_perturbation_study,CTChest,perspective,tp_-85.52_58.91_-96.65,Mid,2,CTChest__perspective__tp_-85.52_58.91_-96.65__shot2_16.17__shot3m3m1_0.40__shot3m3m2_15.89,Low,1,16.17,0.4,15.89,-85.522,58.911,-96.64764404,149.6153260613614,marker-only,2.0,34,1,0,2.105226793803542,5.803794181856289,3.978382988046208,0.0635770727319719,2.83845510903476,1,1
experiment_results1.csv,perturbation_run,perturbation_gap,1,2026-04-21T21:08:29+08:00,20260421_210829_387928,controlled_perturbation_study,CTChest,perspective,tp_-85.52_58.91_-96.65,Mid,2,CTChest__perspective__tp_-85.52_58.91_-96.65__shot2_16.17__shot3m3m1_0.40__shot3m3m2_15.89,Low,1,16.17,0.4,15.89,-85.522,58.911,-96.64764404,149.6153260613614,marker-only,2.0,35,1,0,23.84129104440173,7.477902123040549,1.392455767972118,0.0635770727319719,2.3848795599050887,1,1
experiment_results1.csv,perturbation_run,perturbation_gap,1,2026-04-21T21:08:29+08:00,20260421_210829_995703,controlled_perturbation_study,CTChest,perspective,tp_-85.52_58.91_-96.65,Mid,2,CTChest__perspective__tp_-85.52_58.91_-96.65__shot2_16.17__shot3m3m1_0.40__shot3m3m2_15.89,Low,1,16.17,0.4,15.89,-85.522,58.911,-96.64764404,149.6153260613614,marker-only,2.0,36,1,0,66.70232099062022,18.17254370410932,3.3927006162227245,0.0635770727319719,2.3685499181203595,1,1
experiment_results1.csv,perturbation_run,perturbation_gap,1,2026-04-21T21:08:30+08:00,20260421_210830_524556,controlled_perturbation_study,CTChest,perspective,tp_-85.52_58.91_-96.65,Mid,2,CTChest__perspective__tp_-85.52_58.91_-96.65__shot2_16.17__shot3m3m1_0.40__shot3m3m2_15.89,Low,1,16.17,0.4,15.89,-85.522,58.911,-96.64764404,149.6153260613614,marker-only,2.0,37,1,0,63.823776395064655,16.676390818836634,5.171874386930277,0.0635770727319719,2.878551078707936,1,1
experiment_results1.csv,perturbation_run,perturbation_gap,1,2026-04-21T21:08:31+08:00,20260421_210831_056676,controlled_perturbation_study,CTChest,perspective,tp_-85.52_58.91_-96.65,Mid,2,CTChest__perspective__tp_-85.52_58.91_-96.65__shot2_16.17__shot3m3m1_0.40__shot3m3m2_15.89,Low,1,16.17,0.4,15.89,-85.522,58.911,-96.64764404,149.6153260613614,marker-only,2.0,38,1,0,40.133781482056094,8.50842192036132,4.440593954713045,0.0635770727319719,1.7621665876085952,1,1
experiment_results1.csv,perturbation_run,perturbation_gap,1,2026-04-21T21:08:31+08:00,20260421_210831_597980,controlled_perturbation_study,CTChest,perspective,tp_-85.52_58.91_-96.65,Mid,2,CTChest__perspective__tp_-85.52_58.91_-96.65__shot2_16.17__shot3m3m1_0.40__shot3m3m2_15.89,Low,1,16.17,0.4,15.89,-85.522,58.911,-96.64764404,149.6153260613614,marker-only,2.0,39,1,0,48.11886155557507,12.983266408997167,5.952659853693864,0.0635770727319719,2.352109086861601,1,1
experiment_results1.csv,perturbation_run,perturbation_gap,1,2026-04-21T21:08:32+08:00,20260421_210832_140505,controlled_perturbation_study,CTChest,perspective,tp_-85.52_58.91_-96.65,Mid,2,CTChest__perspective__tp_-85.52_58.91_-96.65__shot2_16.17__shot3m3m1_0.40__shot3m3m2_15.89,Low,1,16.17,0.4,15.89,-85.522,58.911,-96.64764404,149.6153260613614,marker-only,2.0,40,1,0,33.87051071692228,18.727237754980987,1.3229831849658258,0.0635770727319719,2.542087402663229,1,1
experiment_results1.csv,perturbation_run,perturbation_gap,1,2026-04-21T21:08:32+08:00,20260421_210832_683115,controlled_perturbation_study,CTChest,perspective,tp_-85.52_58.91_-96.65,Mid,2,CTChest__perspective__tp_-85.52_58.91_-96.65__shot2_16.17__shot3m3m1_0.40__shot3m3m2_15.89,Low,1,16.17,0.4,15.89,-85.522,58.911,-96.64764404,149.6153260613614,marker-only,2.0,41,1,0,159.40261531061424,40.11278990067808,0.3186374978473201,0.0635770727319719,2.6675797768398546,1,1
experiment_results1.csv,perturbation_run,perturbation_gap,1,2026-04-21T21:08:33+08:00,20260421_210833_216933,controlled_perturbation_study,CTChest,perspective,tp_-85.52_58.91_-96.65,Mid,2,CTChest__perspective__tp_-85.52_58.91_-96.65__shot2_16.17__shot3m3m1_0.40__shot3m3m2_15.89,Low,1,16.17,0.4,15.89,-85.522,58.911,-96.64764404,149.6153260613614,marker-only,2.0,42,1,0,138.13949302427295,45.54035655562799,1.8611633928734488,0.0635770727319719,1.869489083968964,1,1
experiment_results1.csv,perturbation_run,perturbation_gap,1,2026-04-21T21:08:33+08:00,20260421_210833_819384,controlled_perturbation_study,CTChest,perspective,tp_-85.52_58.91_-96.65,Mid,2,CTChest__perspective__tp_-85.52_58.91_-96.65__shot2_16.17__shot3m3m1_0.40__shot3m3m2_15.89,Low,1,16.17,0.4,15.89,-85.522,58.911,-96.64764404,149.6153260613614,marker-only,2.0,43,1,0,5.639283816889297,9.171827070056851,0.8346248516137436,0.0635770727319719,2.2976802908332203,1,1
experiment_results1.csv,perturbation_run,perturbation_gap,1,2026-04-21T21:08:34+08:00,20260421_210834_360837,controlled_perturbation_study,CTChest,perspective,tp_-85.52_58.91_-96.65,Mid,2,CTChest__perspective__tp_-85.52_58.91_-96.65__shot2_16.17__shot3m3m1_0.40__shot3m3m2_15.89,Low,1,16.17,0.4,15.89,-85.522,58.911,-96.64764404,149.6153260613614,marker-only,2.0,44,1,0,22.427828142650128,10.660538073939138,1.0195080039492137,0.0635770727319719,2.70768915604786,1,1
experiment_results1.csv,perturbation_run,perturbation_gap,1,2026-04-21T21:08:34+08:00,20260421_210834_839139,controlled_perturbation_study,CTChest,perspective,tp_-85.52_58.91_-96.65,Mid,2,CTChest__perspective__tp_-85.52_58.91_-96.65__shot2_16.17__shot3m3m1_0.40__shot3m3m2_15.89,Low,1,16.17,0.4,15.89,-85.522,58.911,-96.64764404,149.6153260613614,marker-only,2.0,45,1,0,2.8030674452456203,8.522209812616376,1.4886720116910106,0.0635770727319719,2.184478862203321,1,1
experiment_results1.csv,perturbation_run,perturbation_gap,1,2026-04-21T21:08:35+08:00,20260421_210835_381343,controlled_perturbation_study,CTChest,perspective,tp_-85.52_58.91_-96.65,Mid,2,CTChest__perspective__tp_-85.52_58.91_-96.65__shot2_16.17__shot3m3m1_0.40__shot3m3m2_15.89,Low,1,16.17,0.4,15.89,-85.522,58.911,-96.64764404,149.6153260613614,marker-only,2.0,46,1,0,40.70181163114745,19.010682979107468,2.924905140345203,0.0635770727319719,2.3175074107778366,1,1
experiment_results1.csv,perturbation_run,perturbation_gap,1,2026-04-21T21:08:35+08:00,20260421_210835_990783,controlled_perturbation_study,CTChest,perspective,tp_-85.52_58.91_-96.65,Mid,2,CTChest__perspective__tp_-85.52_58.91_-96.65__shot2_16.17__shot3m3m1_0.40__shot3m3m2_15.89,Low,1,16.17,0.4,15.89,-85.522,58.911,-96.64764404,149.6153260613614,marker-only,2.0,47,1,0,57.81466269949826,11.6254855568303,3.5556760710389863,0.0635770727319719,2.454719095258696,1,1
experiment_results1.csv,perturbation_run,perturbation_gap,1,2026-04-21T21:08:36+08:00,20260421_210836_525620,controlled_perturbation_study,CTChest,perspective,tp_-85.52_58.91_-96.65,Mid,2,CTChest__perspective__tp_-85.52_58.91_-96.65__shot2_16.17__shot3m3m1_0.40__shot3m3m2_15.89,Low,1,16.17,0.4,15.89,-85.522,58.911,-96.64764404,149.6153260613614,marker-only,2.0,48,1,0,5.157786412576121,7.334939653927788,2.30533325998171,0.0635770727319719,2.463261842474852,1,1
experiment_results1.csv,perturbation_run,perturbation_gap,1,2026-04-21T21:08:37+08:00,20260421_210837_065144,controlled_perturbation_study,CTChest,perspective,tp_-85.52_58.91_-96.65,Mid,2,CTChest__perspective__tp_-85.52_58.91_-96.65__shot2_16.17__shot3m3m1_0.40__shot3m3m2_15.89,Low,1,16.17,0.4,15.89,-85.522,58.911,-96.64764404,149.6153260613614,marker-only,2.0,49,1,0,80.69744160326255,24.01515572746981,5.048069458990407,0.0635770727319719,2.3178311713883946,1,1
experiment_results1.csv,perturbation_run,perturbation_gap,1,2026-04-21T21:08:37+08:00,20260421_210837_607374,controlled_perturbation_study,CTChest,perspective,tp_-85.52_58.91_-96.65,Mid,2,CTChest__perspective__tp_-85.52_58.91_-96.65__shot2_16.17__shot3m3m1_0.40__shot3m3m2_15.89,Low,1,16.17,0.4,15.89,-85.522,58.911,-96.64764404,149.6153260613614,marker-only,2.0,50,1,0,29.755676928898684,12.178957187312834,0.5909918137835775,0.0635770727319719,2.622806583477838,1,1
experiment_results1.csv,perturbation_run,perturbation_gap,1,2026-04-21T21:08:45+08:00,20260421_210845_149331,controlled_perturbation_study,CTChest,perspective,tp_-85.52_58.91_-96.65,Mid,2,CTChest__perspective__tp_-85.52_58.91_-96.65__shot2_16.17__shot3m3m1_0.40__shot3m3m2_15.89,Low,1,16.17,0.4,15.89,-85.522,58.911,-96.64764404,149.6153260613614,target-only,0.5,1,1,0,7.807508838031903,2.308971254676598,0.7987113681896268,0.0635770727319719,0.0583983735859797,1,1
experiment_results1.csv,perturbation_run,perturbation_gap,1,2026-04-21T21:08:45+08:00,20260421_210845_519570,controlled_perturbation_study,CTChest,perspective,tp_-85.52_58.91_-96.65,Mid,2,CTChest__perspective__tp_-85.52_58.91_-96.65__shot2_16.17__shot3m3m1_0.40__shot3m3m2_15.89,Low,1,16.17,0.4,15.89,-85.522,58.911,-96.64764404,149.6153260613614,target-only,0.5,2,1,0,7.44704902674595,2.0274496364917542,0.3017630268247016,0.0635770727319719,0.0583983735859797,1,1
experiment_results1.csv,perturbation_run,perturbation_gap,1,2026-04-21T21:08:45+08:00,20260421_210845_888226,controlled_perturbation_study,CTChest,perspective,tp_-85.52_58.91_-96.65,Mid,2,CTChest__perspective__tp_-85.52_58.91_-96.65__shot2_16.17__shot3m3m1_0.40__shot3m3m2_15.89,Low,1,16.17,0.4,15.89,-85.522,58.911,-96.64764404,149.6153260613614,target-only,0.5,3,1,0,0.933975257944722,0.2874421085988597,0.593972289517262,0.0635770727319719,0.0583983735859797,1,1
experiment_results1.csv,perturbation_run,perturbation_gap,1,2026-04-21T21:08:46+08:00,20260421_210846_220915,controlled_perturbation_study,CTChest,perspective,tp_-85.52_58.91_-96.65,Mid,2,CTChest__perspective__tp_-85.52_58.91_-96.65__shot2_16.17__shot3m3m1_0.40__shot3m3m2_15.89,Low,1,16.17,0.4,15.89,-85.522,58.911,-96.64764404,149.6153260613614,target-only,0.5,4,1,0,0.6794340414954615,1.067614104450388,0.7836047708422941,0.0635770727319719,0.0583983735859797,1,1
experiment_results1.csv,perturbation_run,perturbation_gap,1,2026-04-21T21:08:46+08:00,20260421_210846_550120,controlled_perturbation_study,CTChest,perspective,tp_-85.52_58.91_-96.65,Mid,2,CTChest__perspective__tp_-85.52_58.91_-96.65__shot2_16.17__shot3m3m1_0.40__shot3m3m2_15.89,Low,1,16.17,0.4,15.89,-85.522,58.911,-96.64764404,149.6153260613614,target-only,0.5,5,1,0,0.989932319490641,0.333465432229968,0.023127944902889,0.0635770727319719,0.0583983735859797,1,1
experiment_results1.csv,perturbation_run,perturbation_gap,1,2026-04-21T21:08:46+08:00,20260421_210846_914206,controlled_perturbation_study,CTChest,perspective,tp_-85.52_58.91_-96.65,Mid,2,CTChest__perspective__tp_-85.52_58.91_-96.65__shot2_16.17__shot3m3m1_0.40__shot3m3m2_15.89,Low,1,16.17,0.4,15.89,-85.522,58.911,-96.64764404,149.6153260613614,target-only,0.5,6,1,0,1.489503465539541,0.3867048251130827,0.0329366692852011,0.0635770727319719,0.0583983735859797,1,1
experiment_results1.csv,perturbation_run,perturbation_gap,1,2026-04-21T21:08:47+08:00,20260421_210847_272051,controlled_perturbation_study,CTChest,perspective,tp_-85.52_58.91_-96.65,Mid,2,CTChest__perspective__tp_-85.52_58.91_-96.65__shot2_16.17__shot3m3m1_0.40__shot3m3m2_15.89,Low,1,16.17,0.4,15.89,-85.522,58.911,-96.64764404,149.6153260613614,target-only,0.5,7,1,0,6.248354123816776,2.066916276717019,0.0363431715787482,0.0635770727319719,0.0583983735859797,1,1
experiment_results1.csv,perturbation_run,perturbation_gap,1,2026-04-21T21:08:47+08:00,20260421_210847_605546,controlled_perturbation_study,CTChest,perspective,tp_-85.52_58.91_-96.65,Mid,2,CTChest__perspective__tp_-85.52_58.91_-96.65__shot2_16.17__shot3m3m1_0.40__shot3m3m2_15.89,Low,1,16.17,0.4,15.89,-85.522,58.911,-96.64764404,149.6153260613614,target-only,0.5,8,1,0,1.6073740401425454,1.3868043849769232,0.3185887824267847,0.0635770727319719,0.0583983735859797,1,1
experiment_results1.csv,perturbation_run,perturbation_gap,1,2026-04-21T21:08:47+08:00,20260421_210847_940249,controlled_perturbation_study,CTChest,perspective,tp_-85.52_58.91_-96.65,Mid,2,CTChest__perspective__tp_-85.52_58.91_-96.65__shot2_16.17__shot3m3m1_0.40__shot3m3m2_15.89,Low,1,16.17,0.4,15.89,-85.522,58.911,-96.64764404,149.6153260613614,target-only,0.5,9,1,0,3.0489133082028665,0.6828818839938433,0.2241128589497308,0.0635770727319719,0.0583983735859797,1,1
experiment_results1.csv,perturbation_run,perturbation_gap,1,2026-04-21T21:08:48+08:00,20260421_210848_311719,controlled_perturbation_study,CTChest,perspective,tp_-85.52_58.91_-96.65,Mid,2,CTChest__perspective__tp_-85.52_58.91_-96.65__shot2_16.17__shot3m3m1_0.40__shot3m3m2_15.89,Low,1,16.17,0.4,15.89,-85.522,58.911,-96.64764404,149.6153260613614,target-only,0.5,10,1,0,1.3759426552378935,0.9059138283506948,0.0528209071886689,0.0635770727319719,0.0583983735859797,1,1
experiment_results1.csv,perturbation_run,perturbation_gap,1,2026-04-21T21:08:48+08:00,20260421_210848_688028,controlled_perturbation_study,CTChest,perspective,tp_-85.52_58.91_-96.65,Mid,2,CTChest__perspective__tp_-85.52_58.91_-96.65__shot2_16.17__shot3m3m1_0.40__shot3m3m2_15.89,Low,1,16.17,0.4,15.89,-85.522,58.911,-96.64764404,149.6153260613614,target-only,0.5,11,1,0,14.921978342259976,3.2109195439092537,0.9466680322400424,0.0635770727319719,0.0583983735859797,1,1
experiment_results1.csv,perturbation_run,perturbation_gap,1,2026-04-21T21:08:48+08:00,20260421_210848_998746,controlled_perturbation_study,CTChest,perspective,tp_-85.52_58.91_-96.65,Mid,2,CTChest__perspective__tp_-85.52_58.91_-96.65__shot2_16.17__shot3m3m1_0.40__shot3m3m2_15.89,Low,1,16.17,0.4,15.89,-85.522,58.911,-96.64764404,149.6153260613614,target-only,0.5,12,1,0,5.079048553070181,0.7203066353922345,0.4157576665908854,0.0635770727319719,0.0583983735859797,1,1
experiment_results1.csv,perturbation_run,perturbation_gap,1,2026-04-21T21:08:49+08:00,20260421_210849_345691,controlled_perturbation_study,CTChest,perspective,tp_-85.52_58.91_-96.65,Mid,2,CTChest__perspective__tp_-85.52_58.91_-96.65__shot2_16.17__shot3m3m1_0.40__shot3m3m2_15.89,Low,1,16.17,0.4,15.89,-85.522,58.911,-96.64764404,149.6153260613614,target-only,0.5,13,1,0,3.920179414594924,1.0004311676113904,0.1473892057774389,0.0635770727319719,0.0583983735859797,1,1
experiment_results1.csv,perturbation_run,perturbation_gap,1,2026-04-21T21:08:49+08:00,20260421_210849_747667,controlled_perturbation_study,CTChest,perspective,tp_-85.52_58.91_-96.65,Mid,2,CTChest__perspective__tp_-85.52_58.91_-96.65__shot2_16.17__shot3m3m1_0.40__shot3m3m2_15.89,Low,1,16.17,0.4,15.89,-85.522,58.911,-96.64764404,149.6153260613614,target-only,0.5,14,1,0,1.169221710629047,0.4020487349084958,0.4295171716640753,0.0635770727319719,0.0583983735859797,1,1
experiment_results1.csv,perturbation_run,perturbation_gap,1,2026-04-21T21:08:50+08:00,20260421_210850_150141,controlled_perturbation_study,CTChest,perspective,tp_-85.52_58.91_-96.65,Mid,2,CTChest__perspective__tp_-85.52_58.91_-96.65__shot2_16.17__shot3m3m1_0.40__shot3m3m2_15.89,Low,1,16.17,0.4,15.89,-85.522,58.911,-96.64764404,149.6153260613614,target-only,0.5,15,1,0,2.008766670735577,0.204456849426007,0.6399866777165966,0.0635770727319719,0.0583983735859797,1,1
experiment_results1.csv,perturbation_run,perturbation_gap,1,2026-04-21T21:08:50+08:00,20260421_210850_573532,controlled_perturbation_study,CTChest,perspective,tp_-85.52_58.91_-96.65,Mid,2,CTChest__perspective__tp_-85.52_58.91_-96.65__shot2_16.17__shot3m3m1_0.40__shot3m3m2_15.89,Low,1,16.17,0.4,15.89,-85.522,58.911,-96.64764404,149.6153260613614,target-only,0.5,16,1,0,6.882072149499788,2.210800950678089,0.8201819961836874,0.0635770727319719,0.0583983735859797,1,1
experiment_results1.csv,perturbation_run,perturbation_gap,1,2026-04-21T21:08:50+08:00,20260421_210850_968117,controlled_perturbation_study,CTChest,perspective,tp_-85.52_58.91_-96.65,Mid,2,CTChest__perspective__tp_-85.52_58.91_-96.65__shot2_16.17__shot3m3m1_0.40__shot3m3m2_15.89,Low,1,16.17,0.4,15.89,-85.522,58.911,-96.64764404,149.6153260613614,target-only,0.5,17,1,0,8.71452932405609,1.830234278884065,0.0816467485815533,0.0635770727319719,0.0583983735859797,1,1
experiment_results1.csv,perturbation_run,perturbation_gap,1,2026-04-21T21:08:51+08:00,20260421_210851_409716,controlled_perturbation_study,CTChest,perspective,tp_-85.52_58.91_-96.65,Mid,2,CTChest__perspective__tp_-85.52_58.91_-96.65__shot2_16.17__shot3m3m1_0.40__shot3m3m2_15.89,Low,1,16.17,0.4,15.89,-85.522,58.911,-96.64764404,149.6153260613614,target-only,0.5,18,1,0,13.527290548611909,3.5246978647510487,1.154804405698046,0.0635770727319719,0.0583983735859797,1,1
experiment_results1.csv,perturbation_run,perturbation_gap,1,2026-04-21T21:08:51+08:00,20260421_210851_865624,controlled_perturbation_study,CTChest,perspective,tp_-85.52_58.91_-96.65,Mid,2,CTChest__perspective__tp_-85.52_58.91_-96.65__shot2_16.17__shot3m3m1_0.40__shot3m3m2_15.89,Low,1,16.17,0.4,15.89,-85.522,58.911,-96.64764404,149.6153260613614,target-only,0.5,19,1,0,5.913385229576175,1.877435197976972,0.0860877223086434,0.0635770727319719,0.0583983735859797,1,1
experiment_results1.csv,perturbation_run,perturbation_gap,1,2026-04-21T21:08:52+08:00,20260421_210852_323752,controlled_perturbation_study,CTChest,perspective,tp_-85.52_58.91_-96.65,Mid,2,CTChest__perspective__tp_-85.52_58.91_-96.65__shot2_16.17__shot3m3m1_0.40__shot3m3m2_15.89,Low,1,16.17,0.4,15.89,-85.522,58.911,-96.64764404,149.6153260613614,target-only,0.5,20,1,0,5.1536136631159,1.490319841359585,0.8353735276260316,0.0635770727319719,0.0583983735859797,1,1
experiment_results1.csv,perturbation_run,perturbation_gap,1,2026-04-21T21:08:52+08:00,20260421_210852_791958,controlled_perturbation_study,CTChest,perspective,tp_-85.52_58.91_-96.65,Mid,2,CTChest__perspective__tp_-85.52_58.91_-96.65__shot2_16.17__shot3m3m1_0.40__shot3m3m2_15.89,Low,1,16.17,0.4,15.89,-85.522,58.911,-96.64764404,149.6153260613614,target-only,0.5,21,1,0,7.560814724969568,1.8235881240630072,0.1337229216283427,0.0635770727319719,0.0583983735859797,1,1
experiment_results1.csv,perturbation_run,perturbation_gap,1,2026-04-21T21:08:53+08:00,20260421_210853_213497,controlled_perturbation_study,CTChest,perspective,tp_-85.52_58.91_-96.65,Mid,2,CTChest__perspective__tp_-85.52_58.91_-96.65__shot2_16.17__shot3m3m1_0.40__shot3m3m2_15.89,Low,1,16.17,0.4,15.89,-85.522,58.911,-96.64764404,149.6153260613614,target-only,0.5,22,1,0,0.9909236105412056,0.9138930048669026,0.5014674201932221,0.0635770727319719,0.0583983735859797,1,1
experiment_results1.csv,perturbation_run,perturbation_gap,1,2026-04-21T21:08:53+08:00,20260421_210853_645690,controlled_perturbation_study,CTChest,perspective,tp_-85.52_58.91_-96.65,Mid,2,CTChest__perspective__tp_-85.52_58.91_-96.65__shot2_16.17__shot3m3m1_0.40__shot3m3m2_15.89,Low,1,16.17,0.4,15.89,-85.522,58.911,-96.64764404,149.6153260613614,target-only,0.5,23,1,0,5.137526236736718,1.9326462915850224,0.1407527152614514,0.0635770727319719,0.0583983735859797,1,1
experiment_results1.csv,perturbation_run,perturbation_gap,1,2026-04-21T21:08:54+08:00,20260421_210854_134900,controlled_perturbation_study,CTChest,perspective,tp_-85.52_58.91_-96.65,Mid,2,CTChest__perspective__tp_-85.52_58.91_-96.65__shot2_16.17__shot3m3m1_0.40__shot3m3m2_15.89,Low,1,16.17,0.4,15.89,-85.522,58.911,-96.64764404,149.6153260613614,target-only,0.5,24,1,0,0.8921773068258368,0.627053980328377,0.5666929685092169,0.0635770727319719,0.0583983735859797,1,1
experiment_results1.csv,perturbation_run,perturbation_gap,1,2026-04-21T21:08:54+08:00,20260421_210854_639592,controlled_perturbation_study,CTChest,perspective,tp_-85.52_58.91_-96.65,Mid,2,CTChest__perspective__tp_-85.52_58.91_-96.65__shot2_16.17__shot3m3m1_0.40__shot3m3m2_15.89,Low,1,16.17,0.4,15.89,-85.522,58.911,-96.64764404,149.6153260613614,target-only,0.5,25,1,0,4.070705475573969,0.5558818704926437,0.1796784653432484,0.0635770727319719,0.0583983735859797,1,1
experiment_results1.csv,perturbation_run,perturbation_gap,1,2026-04-21T21:08:55+08:00,20260421_210855_043310,controlled_perturbation_study,CTChest,perspective,tp_-85.52_58.91_-96.65,Mid,2,CTChest__perspective__tp_-85.52_58.91_-96.65__shot2_16.17__shot3m3m1_0.40__shot3m3m2_15.89,Low,1,16.17,0.4,15.89,-85.522,58.911,-96.64764404,149.6153260613614,target-only,0.5,26,1,0,5.912678149725621,1.5204850261595262,0.3011183739587147,0.0635770727319719,0.0583983735859797,1,1
experiment_results1.csv,perturbation_run,perturbation_gap,1,2026-04-21T21:08:55+08:00,20260421_210855_565384,controlled_perturbation_study,CTChest,perspective,tp_-85.52_58.91_-96.65,Mid,2,CTChest__perspective__tp_-85.52_58.91_-96.65__shot2_16.17__shot3m3m1_0.40__shot3m3m2_15.89,Low,1,16.17,0.4,15.89,-85.522,58.911,-96.64764404,149.6153260613614,target-only,0.5,27,1,0,2.6169248671688057,0.6001104141410851,0.565578018656304,0.0635770727319719,0.0583983735859797,1,1
experiment_results1.csv,perturbation_run,perturbation_gap,1,2026-04-21T21:08:56+08:00,20260421_210856_027236,controlled_perturbation_study,CTChest,perspective,tp_-85.52_58.91_-96.65,Mid,2,CTChest__perspective__tp_-85.52_58.91_-96.65__shot2_16.17__shot3m3m1_0.40__shot3m3m2_15.89,Low,1,16.17,0.4,15.89,-85.522,58.911,-96.64764404,149.6153260613614,target-only,0.5,28,1,0,14.527180669932848,3.701529960170341,0.1174958924621051,0.0635770727319719,0.0583983735859797,1,1
experiment_results1.csv,perturbation_run,perturbation_gap,1,2026-04-21T21:08:56+08:00,20260421_210856_509613,controlled_perturbation_study,CTChest,perspective,tp_-85.52_58.91_-96.65,Mid,2,CTChest__perspective__tp_-85.52_58.91_-96.65__shot2_16.17__shot3m3m1_0.40__shot3m3m2_15.89,Low,1,16.17,0.4,15.89,-85.522,58.911,-96.64764404,149.6153260613614,target-only,0.5,29,1,0,14.865625376076569,3.490611801469546,0.0420449474106534,0.0635770727319719,0.0583983735859797,1,1
experiment_results1.csv,perturbation_run,perturbation_gap,1,2026-04-21T21:08:57+08:00,20260421_210857_051613,controlled_perturbation_study,CTChest,perspective,tp_-85.52_58.91_-96.65,Mid,2,CTChest__perspective__tp_-85.52_58.91_-96.65__shot2_16.17__shot3m3m1_0.40__shot3m3m2_15.89,Low,1,16.17,0.4,15.89,-85.522,58.911,-96.64764404,149.6153260613614,target-only,0.5,30,1,0,3.324458024294141,1.2539485488658304,1.0325368601608762,0.0635770727319719,0.0583983735859797,1,1
experiment_results1.csv,perturbation_run,perturbation_gap,1,2026-04-21T21:08:57+08:00,20260421_210857_482776,controlled_perturbation_study,CTChest,perspective,tp_-85.52_58.91_-96.65,Mid,2,CTChest__perspective__tp_-85.52_58.91_-96.65__shot2_16.17__shot3m3m1_0.40__shot3m3m2_15.89,Low,1,16.17,0.4,15.89,-85.522,58.911,-96.64764404,149.6153260613614,target-only,0.5,31,1,0,2.463496775657092,1.3800927809603325,0.9733839899801492,0.0635770727319719,0.0583983735859797,1,1
experiment_results1.csv,perturbation_run,perturbation_gap,1,2026-04-21T21:08:58+08:00,20260421_210858_030839,controlled_perturbation_study,CTChest,perspective,tp_-85.52_58.91_-96.65,Mid,2,CTChest__perspective__tp_-85.52_58.91_-96.65__shot2_16.17__shot3m3m1_0.40__shot3m3m2_15.89,Low,1,16.17,0.4,15.89,-85.522,58.911,-96.64764404,149.6153260613614,target-only,0.5,32,1,0,1.9943250707046407,1.0638859245091097,0.5361818484314439,0.0635770727319719,0.0583983735859797,1,1
experiment_results1.csv,perturbation_run,perturbation_gap,1,2026-04-21T21:08:58+08:00,20260421_210858_516751,controlled_perturbation_study,CTChest,perspective,tp_-85.52_58.91_-96.65,Mid,2,CTChest__perspective__tp_-85.52_58.91_-96.65__shot2_16.17__shot3m3m1_0.40__shot3m3m2_15.89,Low,1,16.17,0.4,15.89,-85.522,58.911,-96.64764404,149.6153260613614,target-only,0.5,33,1,0,1.7220108858745673,0.4441335246160482,0.2314949755336387,0.0635770727319719,0.0583983735859797,1,1
experiment_results1.csv,perturbation_run,perturbation_gap,1,2026-04-21T21:08:59+08:00,20260421_210859_067657,controlled_perturbation_study,CTChest,perspective,tp_-85.52_58.91_-96.65,Mid,2,CTChest__perspective__tp_-85.52_58.91_-96.65__shot2_16.17__shot3m3m1_0.40__shot3m3m2_15.89,Low,1,16.17,0.4,15.89,-85.522,58.911,-96.64764404,149.6153260613614,target-only,0.5,34,1,0,2.8881962947766087,0.9955403981505044,0.3503559425360433,0.0635770727319719,0.0583983735859797,1,1
experiment_results1.csv,perturbation_run,perturbation_gap,1,2026-04-21T21:08:59+08:00,20260421_210859_549055,controlled_perturbation_study,CTChest,perspective,tp_-85.52_58.91_-96.65,Mid,2,CTChest__perspective__tp_-85.52_58.91_-96.65__shot2_16.17__shot3m3m1_0.40__shot3m3m2_15.89,Low,1,16.17,0.4,15.89,-85.522,58.911,-96.64764404,149.6153260613614,target-only,0.5,35,1,0,8.866674578034235,2.3212400989542203,0.1080125240076572,0.0635770727319719,0.0583983735859797,1,1
experiment_results1.csv,perturbation_run,perturbation_gap,1,2026-04-21T21:09:00+08:00,20260421_210900_103938,controlled_perturbation_study,CTChest,perspective,tp_-85.52_58.91_-96.65,Mid,2,CTChest__perspective__tp_-85.52_58.91_-96.65__shot2_16.17__shot3m3m1_0.40__shot3m3m2_15.89,Low,1,16.17,0.4,15.89,-85.522,58.911,-96.64764404,149.6153260613614,target-only,0.5,36,1,0,0.4113692938542604,0.1673711783334488,0.3064567461898037,0.0635770727319719,0.0583983735859797,1,1
experiment_results1.csv,perturbation_run,perturbation_gap,1,2026-04-21T21:09:00+08:00,20260421_210900_435379,controlled_perturbation_study,CTChest,perspective,tp_-85.52_58.91_-96.65,Mid,2,CTChest__perspective__tp_-85.52_58.91_-96.65__shot2_16.17__shot3m3m1_0.40__shot3m3m2_15.89,Low,1,16.17,0.4,15.89,-85.522,58.911,-96.64764404,149.6153260613614,target-only,0.5,37,1,0,0.6740599364103959,0.9974423259263844,0.2494533312878047,0.0635770727319719,0.0583983735859797,1,1
experiment_results1.csv,perturbation_run,perturbation_gap,1,2026-04-21T21:09:00+08:00,20260421_210900_798972,controlled_perturbation_study,CTChest,perspective,tp_-85.52_58.91_-96.65,Mid,2,CTChest__perspective__tp_-85.52_58.91_-96.65__shot2_16.17__shot3m3m1_0.40__shot3m3m2_15.89,Low,1,16.17,0.4,15.89,-85.522,58.911,-96.64764404,149.6153260613614,target-only,0.5,38,1,0,14.279737498347696,3.4415009201530613,0.095493522169122,0.0635770727319719,0.0583983735859797,1,1
experiment_results1.csv,perturbation_run,perturbation_gap,1,2026-04-21T21:09:01+08:00,20260421_210901_133249,controlled_perturbation_study,CTChest,perspective,tp_-85.52_58.91_-96.65,Mid,2,CTChest__perspective__tp_-85.52_58.91_-96.65__shot2_16.17__shot3m3m1_0.40__shot3m3m2_15.89,Low,1,16.17,0.4,15.89,-85.522,58.911,-96.64764404,149.6153260613614,target-only,0.5,39,1,0,4.016029675956259,1.180671444344329,0.431030968003096,0.0635770727319719,0.0583983735859797,1,1
experiment_results1.csv,perturbation_run,perturbation_gap,1,2026-04-21T21:09:01+08:00,20260421_210901_502784,controlled_perturbation_study,CTChest,perspective,tp_-85.52_58.91_-96.65,Mid,2,CTChest__perspective__tp_-85.52_58.91_-96.65__shot2_16.17__shot3m3m1_0.40__shot3m3m2_15.89,Low,1,16.17,0.4,15.89,-85.522,58.911,-96.64764404,149.6153260613614,target-only,0.5,40,1,0,5.15741977973954,2.03840732537354,0.0652812001196441,0.0635770727319719,0.0583983735859797,1,1
experiment_results1.csv,perturbation_run,perturbation_gap,1,2026-04-21T21:09:01+08:00,20260421_210901_848260,controlled_perturbation_study,CTChest,perspective,tp_-85.52_58.91_-96.65,Mid,2,CTChest__perspective__tp_-85.52_58.91_-96.65__shot2_16.17__shot3m3m1_0.40__shot3m3m2_15.89,Low,1,16.17,0.4,15.89,-85.522,58.911,-96.64764404,149.6153260613614,target-only,0.5,41,1,0,14.879099514716303,3.68431155089754,0.2233849427350016,0.0635770727319719,0.0583983735859797,1,1
experiment_results1.csv,perturbation_run,perturbation_gap,1,2026-04-21T21:09:02+08:00,20260421_210902_183488,controlled_perturbation_study,CTChest,perspective,tp_-85.52_58.91_-96.65,Mid,2,CTChest__perspective__tp_-85.52_58.91_-96.65__shot2_16.17__shot3m3m1_0.40__shot3m3m2_15.89,Low,1,16.17,0.4,15.89,-85.522,58.911,-96.64764404,149.6153260613614,target-only,0.5,42,1,0,3.100596059389446,0.8777531191109599,0.0566007235564106,0.0635770727319719,0.0583983735859797,1,1
experiment_results1.csv,perturbation_run,perturbation_gap,1,2026-04-21T21:09:02+08:00,20260421_210902_552527,controlled_perturbation_study,CTChest,perspective,tp_-85.52_58.91_-96.65,Mid,2,CTChest__perspective__tp_-85.52_58.91_-96.65__shot2_16.17__shot3m3m1_0.40__shot3m3m2_15.89,Low,1,16.17,0.4,15.89,-85.522,58.911,-96.64764404,149.6153260613614,target-only,0.5,43,1,0,7.283350679253279,1.95083592600221,0.8957669035298808,0.0635770727319719,0.0583983735859797,1,1
experiment_results1.csv,perturbation_run,perturbation_gap,1,2026-04-21T21:09:02+08:00,20260421_210902_925716,controlled_perturbation_study,CTChest,perspective,tp_-85.52_58.91_-96.65,Mid,2,CTChest__perspective__tp_-85.52_58.91_-96.65__shot2_16.17__shot3m3m1_0.40__shot3m3m2_15.89,Low,1,16.17,0.4,15.89,-85.522,58.911,-96.64764404,149.6153260613614,target-only,0.5,44,1,0,5.340865154841085,1.873520562196772,0.0451574051298864,0.0635770727319719,0.0583983735859797,1,1
experiment_results1.csv,perturbation_run,perturbation_gap,1,2026-04-21T21:09:03+08:00,20260421_210903_268561,controlled_perturbation_study,CTChest,perspective,tp_-85.52_58.91_-96.65,Mid,2,CTChest__perspective__tp_-85.52_58.91_-96.65__shot2_16.17__shot3m3m1_0.40__shot3m3m2_15.89,Low,1,16.17,0.4,15.89,-85.522,58.911,-96.64764404,149.6153260613614,target-only,0.5,45,1,0,4.44819465682864,1.0735546058705847,0.1025140661735886,0.0635770727319719,0.0583983735859797,1,1
experiment_results1.csv,perturbation_run,perturbation_gap,1,2026-04-21T21:09:03+08:00,20260421_210903_654780,controlled_perturbation_study,CTChest,perspective,tp_-85.52_58.91_-96.65,Mid,2,CTChest__perspective__tp_-85.52_58.91_-96.65__shot2_16.17__shot3m3m1_0.40__shot3m3m2_15.89,Low,1,16.17,0.4,15.89,-85.522,58.911,-96.64764404,149.6153260613614,target-only,0.5,46,1,0,16.15363269882962,3.49957438123449,0.0799652256434279,0.0635770727319719,0.0583983735859797,1,1
experiment_results1.csv,perturbation_run,perturbation_gap,1,2026-04-21T21:09:04+08:00,20260421_210904_040760,controlled_perturbation_study,CTChest,perspective,tp_-85.52_58.91_-96.65,Mid,2,CTChest__perspective__tp_-85.52_58.91_-96.65__shot2_16.17__shot3m3m1_0.40__shot3m3m2_15.89,Low,1,16.17,0.4,15.89,-85.522,58.911,-96.64764404,149.6153260613614,target-only,0.5,47,1,0,2.693025729258804,0.7007387560638144,0.3207560132676257,0.0635770727319719,0.0583983735859797,1,1
experiment_results1.csv,perturbation_run,perturbation_gap,1,2026-04-21T21:09:04+08:00,20260421_210904_443385,controlled_perturbation_study,CTChest,perspective,tp_-85.52_58.91_-96.65,Mid,2,CTChest__perspective__tp_-85.52_58.91_-96.65__shot2_16.17__shot3m3m1_0.40__shot3m3m2_15.89,Low,1,16.17,0.4,15.89,-85.522,58.911,-96.64764404,149.6153260613614,target-only,0.5,48,1,0,3.0813523422329583,1.0199727137560792,0.6606560987421651,0.0635770727319719,0.0583983735859797,1,1
experiment_results1.csv,perturbation_run,perturbation_gap,1,2026-04-21T21:09:04+08:00,20260421_210904_851545,controlled_perturbation_study,CTChest,perspective,tp_-85.52_58.91_-96.65,Mid,2,CTChest__perspective__tp_-85.52_58.91_-96.65__shot2_16.17__shot3m3m1_0.40__shot3m3m2_15.89,Low,1,16.17,0.4,15.89,-85.522,58.911,-96.64764404,149.6153260613614,target-only,0.5,49,1,0,4.670341782718221,1.884006364808675,0.1139951943817883,0.0635770727319719,0.0583983735859797,1,1
experiment_results1.csv,perturbation_run,perturbation_gap,1,2026-04-21T21:09:05+08:00,20260421_210905_276657,controlled_perturbation_study,CTChest,perspective,tp_-85.52_58.91_-96.65,Mid,2,CTChest__perspective__tp_-85.52_58.91_-96.65__shot2_16.17__shot3m3m1_0.40__shot3m3m2_15.89,Low,1,16.17,0.4,15.89,-85.522,58.911,-96.64764404,149.6153260613614,target-only,0.5,50,1,0,12.347523619783916,3.297574210742282,0.3725044006666204,0.0635770727319719,0.0583983735859797,1,1
experiment_results1.csv,perturbation_run,perturbation_gap,1,2026-04-21T21:09:10+08:00,20260421_210910_820338,controlled_perturbation_study,CTChest,perspective,tp_-85.52_58.91_-96.65,Mid,2,CTChest__perspective__tp_-85.52_58.91_-96.65__shot2_16.17__shot3m3m1_0.40__shot3m3m2_15.89,Low,1,16.17,0.4,15.89,-85.522,58.911,-96.64764404,149.6153260613614,target-only,1.0,1,1,0,6.762750975768678,3.1838014827145744,0.9053417541486464,0.0635770727319719,0.0583983735859797,1,1
experiment_results1.csv,perturbation_run,perturbation_gap,1,2026-04-21T21:09:11+08:00,20260421_210911_257273,controlled_perturbation_study,CTChest,perspective,tp_-85.52_58.91_-96.65,Mid,2,CTChest__perspective__tp_-85.52_58.91_-96.65__shot2_16.17__shot3m3m1_0.40__shot3m3m2_15.89,Low,1,16.17,0.4,15.89,-85.522,58.911,-96.64764404,149.6153260613614,target-only,1.0,2,1,0,9.487073322405651,2.020017317198989,0.7954457815341273,0.0635770727319719,0.0583983735859797,1,1
experiment_results1.csv,perturbation_run,perturbation_gap,1,2026-04-21T21:09:11+08:00,20260421_210911_658001,controlled_perturbation_study,CTChest,perspective,tp_-85.52_58.91_-96.65,Mid,2,CTChest__perspective__tp_-85.52_58.91_-96.65__shot2_16.17__shot3m3m1_0.40__shot3m3m2_15.89,Low,1,16.17,0.4,15.89,-85.522,58.911,-96.64764404,149.6153260613614,target-only,1.0,3,1,0,4.742447214066127,2.68609543529806,1.2578298543531707,0.0635770727319719,0.0583983735859797,1,1
experiment_results1.csv,perturbation_run,perturbation_gap,1,2026-04-21T21:09:12+08:00,20260421_210912_011196,controlled_perturbation_study,CTChest,perspective,tp_-85.52_58.91_-96.65,Mid,2,CTChest__perspective__tp_-85.52_58.91_-96.65__shot2_16.17__shot3m3m1_0.40__shot3m3m2_15.89,Low,1,16.17,0.4,15.89,-85.522,58.911,-96.64764404,149.6153260613614,target-only,1.0,4,1,0,9.918884534386262,2.782641942657769,0.2593736791523666,0.0635770727319719,0.0583983735859797,1,1
experiment_results1.csv,perturbation_run,perturbation_gap,1,2026-04-21T21:09:12+08:00,20260421_210912_342158,controlled_perturbation_study,CTChest,perspective,tp_-85.52_58.91_-96.65,Mid,2,CTChest__perspective__tp_-85.52_58.91_-96.65__shot2_16.17__shot3m3m1_0.40__shot3m3m2_15.89,Low,1,16.17,0.4,15.89,-85.522,58.911,-96.64764404,149.6153260613614,target-only,1.0,5,1,0,3.5121802521860417,1.2838577683025698,0.2271044040274701,0.0635770727319719,0.0583983735859797,1,1
experiment_results1.csv,perturbation_run,perturbation_gap,1,2026-04-21T21:09:12+08:00,20260421_210912_669906,controlled_perturbation_study,CTChest,perspective,tp_-85.52_58.91_-96.65,Mid,2,CTChest__perspective__tp_-85.52_58.91_-96.65__shot2_16.17__shot3m3m1_0.40__shot3m3m2_15.89,Low,1,16.17,0.4,15.89,-85.522,58.911,-96.64764404,149.6153260613614,target-only,1.0,6,1,0,16.970000563341276,3.789590742352228,1.3384570016827335,0.0635770727319719,0.0583983735859797,1,1
experiment_results1.csv,perturbation_run,perturbation_gap,1,2026-04-21T21:09:13+08:00,20260421_210913_006030,controlled_perturbation_study,CTChest,perspective,tp_-85.52_58.91_-96.65,Mid,2,CTChest__perspective__tp_-85.52_58.91_-96.65__shot2_16.17__shot3m3m1_0.40__shot3m3m2_15.89,Low,1,16.17,0.4,15.89,-85.522,58.911,-96.64764404,149.6153260613614,target-only,1.0,7,1,0,15.86639495094928,3.497470262666022,0.7684667738749918,0.0635770727319719,0.0583983735859797,1,1
experiment_results1.csv,perturbation_run,perturbation_gap,1,2026-04-21T21:09:13+08:00,20260421_210913_375700,controlled_perturbation_study,CTChest,perspective,tp_-85.52_58.91_-96.65,Mid,2,CTChest__perspective__tp_-85.52_58.91_-96.65__shot2_16.17__shot3m3m1_0.40__shot3m3m2_15.89,Low,1,16.17,0.4,15.89,-85.522,58.911,-96.64764404,149.6153260613614,target-only,1.0,8,1,0,1.337118127259577,1.0389547515166802,0.5733394559911231,0.0635770727319719,0.0583983735859797,1,1
experiment_results1.csv,perturbation_run,perturbation_gap,1,2026-04-21T21:09:13+08:00,20260421_210913_726311,controlled_perturbation_study,CTChest,perspective,tp_-85.52_58.91_-96.65,Mid,2,CTChest__perspective__tp_-85.52_58.91_-96.65__shot2_16.17__shot3m3m1_0.40__shot3m3m2_15.89,Low,1,16.17,0.4,15.89,-85.522,58.911,-96.64764404,149.6153260613614,target-only,1.0,9,1,0,5.586205993910366,0.4358186118281955,1.241660494054284,0.0635770727319719,0.0583983735859797,1,1
experiment_results1.csv,perturbation_run,perturbation_gap,1,2026-04-21T21:09:14+08:00,20260421_210914_074264,controlled_perturbation_study,CTChest,perspective,tp_-85.52_58.91_-96.65,Mid,2,CTChest__perspective__tp_-85.52_58.91_-96.65__shot2_16.17__shot3m3m1_0.40__shot3m3m2_15.89,Low,1,16.17,0.4,15.89,-85.522,58.911,-96.64764404,149.6153260613614,target-only,1.0,10,1,0,5.711488430396177,0.955934505332932,1.3438772791193936,0.0635770727319719,0.0583983735859797,1,1
experiment_results1.csv,perturbation_run,perturbation_gap,1,2026-04-21T21:09:14+08:00,20260421_210914_426210,controlled_perturbation_study,CTChest,perspective,tp_-85.52_58.91_-96.65,Mid,2,CTChest__perspective__tp_-85.52_58.91_-96.65__shot2_16.17__shot3m3m1_0.40__shot3m3m2_15.89,Low,1,16.17,0.4,15.89,-85.522,58.911,-96.64764404,149.6153260613614,target-only,1.0,11,1,0,12.484066823183598,2.353237928277341,1.2907150250158894,0.0635770727319719,0.0583983735859797,1,1
experiment_results1.csv,perturbation_run,perturbation_gap,1,2026-04-21T21:09:14+08:00,20260421_210914_826429,controlled_perturbation_study,CTChest,perspective,tp_-85.52_58.91_-96.65,Mid,2,CTChest__perspective__tp_-85.52_58.91_-96.65__shot2_16.17__shot3m3m1_0.40__shot3m3m2_15.89,Low,1,16.17,0.4,15.89,-85.522,58.911,-96.64764404,149.6153260613614,target-only,1.0,12,1,0,0.3278960804963345,0.6903181792604307,0.1694030435704319,0.0635770727319719,0.0583983735859797,1,1
experiment_results1.csv,perturbation_run,perturbation_gap,1,2026-04-21T21:09:15+08:00,20260421_210915_193959,controlled_perturbation_study,CTChest,perspective,tp_-85.52_58.91_-96.65,Mid,2,CTChest__perspective__tp_-85.52_58.91_-96.65__shot2_16.17__shot3m3m1_0.40__shot3m3m2_15.89,Low,1,16.17,0.4,15.89,-85.522,58.911,-96.64764404,149.6153260613614,target-only,1.0,13,1,0,2.5704467781885683,0.8081937444649002,0.4544450754379658,0.0635770727319719,0.0583983735859797,1,1
experiment_results1.csv,perturbation_run,perturbation_gap,1,2026-04-21T21:09:15+08:00,20260421_210915_563543,controlled_perturbation_study,CTChest,perspective,tp_-85.52_58.91_-96.65,Mid,2,CTChest__perspective__tp_-85.52_58.91_-96.65__shot2_16.17__shot3m3m1_0.40__shot3m3m2_15.89,Low,1,16.17,0.4,15.89,-85.522,58.911,-96.64764404,149.6153260613614,target-only,1.0,14,1,0,1.260290930785088,1.3933488033997277,0.6220375011870013,0.0635770727319719,0.0583983735859797,1,1
experiment_results1.csv,perturbation_run,perturbation_gap,1,2026-04-21T21:09:15+08:00,20260421_210915_942653,controlled_perturbation_study,CTChest,perspective,tp_-85.52_58.91_-96.65,Mid,2,CTChest__perspective__tp_-85.52_58.91_-96.65__shot2_16.17__shot3m3m1_0.40__shot3m3m2_15.89,Low,1,16.17,0.4,15.89,-85.522,58.911,-96.64764404,149.6153260613614,target-only,1.0,15,1,0,17.432120944113592,5.108411958100021,0.0584996938880278,0.0635770727319719,0.0583983735859797,1,1
experiment_results1.csv,perturbation_run,perturbation_gap,1,2026-04-21T21:09:16+08:00,20260421_210916_330926,controlled_perturbation_study,CTChest,perspective,tp_-85.52_58.91_-96.65,Mid,2,CTChest__perspective__tp_-85.52_58.91_-96.65__shot2_16.17__shot3m3m1_0.40__shot3m3m2_15.89,Low,1,16.17,0.4,15.89,-85.522,58.911,-96.64764404,149.6153260613614,target-only,1.0,16,1,0,12.46401055062195,3.486796325997425,1.657000526602113,0.0635770727319719,0.0583983735859797,1,1
experiment_results1.csv,perturbation_run,perturbation_gap,1,2026-04-21T21:09:16+08:00,20260421_210916_769120,controlled_perturbation_study,CTChest,perspective,tp_-85.52_58.91_-96.65,Mid,2,CTChest__perspective__tp_-85.52_58.91_-96.65__shot2_16.17__shot3m3m1_0.40__shot3m3m2_15.89,Low,1,16.17,0.4,15.89,-85.522,58.911,-96.64764404,149.6153260613614,target-only,1.0,17,1,0,4.642716150376415,1.643726770126675,0.4154755868191806,0.0635770727319719,0.0583983735859797,1,1
experiment_results1.csv,perturbation_run,perturbation_gap,1,2026-04-21T21:09:17+08:00,20260421_210917_120998,controlled_perturbation_study,CTChest,perspective,tp_-85.52_58.91_-96.65,Mid,2,CTChest__perspective__tp_-85.52_58.91_-96.65__shot2_16.17__shot3m3m1_0.40__shot3m3m2_15.89,Low,1,16.17,0.4,15.89,-85.522,58.911,-96.64764404,149.6153260613614,target-only,1.0,18,1,0,16.846804258589607,4.653724268059048,1.6485954900222204,0.0635770727319719,0.0583983735859797,1,1
experiment_results1.csv,perturbation_run,perturbation_gap,1,2026-04-21T21:09:17+08:00,20260421_210917_582957,controlled_perturbation_study,CTChest,perspective,tp_-85.52_58.91_-96.65,Mid,2,CTChest__perspective__tp_-85.52_58.91_-96.65__shot2_16.17__shot3m3m1_0.40__shot3m3m2_15.89,Low,1,16.17,0.4,15.89,-85.522,58.911,-96.64764404,149.6153260613614,target-only,1.0,19,1,0,8.575843119532404,0.8437377247016475,0.2818939446255349,0.0635770727319719,0.0583983735859797,1,1
experiment_results1.csv,perturbation_run,perturbation_gap,1,2026-04-21T21:09:17+08:00,20260421_210917_995092,controlled_perturbation_study,CTChest,perspective,tp_-85.52_58.91_-96.65,Mid,2,CTChest__perspective__tp_-85.52_58.91_-96.65__shot2_16.17__shot3m3m1_0.40__shot3m3m2_15.89,Low,1,16.17,0.4,15.89,-85.522,58.911,-96.64764404,149.6153260613614,target-only,1.0,20,1,0,8.278214374109904,2.012383391011368,0.2642935138563737,0.0635770727319719,0.0583983735859797,1,1
experiment_results1.csv,perturbation_run,perturbation_gap,1,2026-04-21T21:09:18+08:00,20260421_210918_468185,controlled_perturbation_study,CTChest,perspective,tp_-85.52_58.91_-96.65,Mid,2,CTChest__perspective__tp_-85.52_58.91_-96.65__shot2_16.17__shot3m3m1_0.40__shot3m3m2_15.89,Low,1,16.17,0.4,15.89,-85.522,58.911,-96.64764404,149.6153260613614,target-only,1.0,21,1,0,12.680989661310324,2.6872261971294416,0.1654031772126941,0.0635770727319719,0.0583983735859797,1,1
experiment_results1.csv,perturbation_run,perturbation_gap,1,2026-04-21T21:09:18+08:00,20260421_210918_957132,controlled_perturbation_study,CTChest,perspective,tp_-85.52_58.91_-96.65,Mid,2,CTChest__perspective__tp_-85.52_58.91_-96.65__shot2_16.17__shot3m3m1_0.40__shot3m3m2_15.89,Low,1,16.17,0.4,15.89,-85.522,58.911,-96.64764404,149.6153260613614,target-only,1.0,22,1,0,8.864243627558782,2.9148721648665403,1.0230856594877775,0.0635770727319719,0.0583983735859797,1,1
experiment_results1.csv,perturbation_run,perturbation_gap,1,2026-04-21T21:09:19+08:00,20260421_210919_441439,controlled_perturbation_study,CTChest,perspective,tp_-85.52_58.91_-96.65,Mid,2,CTChest__perspective__tp_-85.52_58.91_-96.65__shot2_16.17__shot3m3m1_0.40__shot3m3m2_15.89,Low,1,16.17,0.4,15.89,-85.522,58.911,-96.64764404,149.6153260613614,target-only,1.0,23,1,0,5.52832681833096,1.3565476570262114,0.4630516582489956,0.0635770727319719,0.0583983735859797,1,1
experiment_results1.csv,perturbation_run,perturbation_gap,1,2026-04-21T21:09:19+08:00,20260421_210919_883972,controlled_perturbation_study,CTChest,perspective,tp_-85.52_58.91_-96.65,Mid,2,CTChest__perspective__tp_-85.52_58.91_-96.65__shot2_16.17__shot3m3m1_0.40__shot3m3m2_15.89,Low,1,16.17,0.4,15.89,-85.522,58.911,-96.64764404,149.6153260613614,target-only,1.0,24,1,0,8.820182639604168,2.472948556125006,0.7783965405274393,0.0635770727319719,0.0583983735859797,1,1
experiment_results1.csv,perturbation_run,perturbation_gap,1,2026-04-21T21:09:20+08:00,20260421_210920_340631,controlled_perturbation_study,CTChest,perspective,tp_-85.52_58.91_-96.65,Mid,2,CTChest__perspective__tp_-85.52_58.91_-96.65__shot2_16.17__shot3m3m1_0.40__shot3m3m2_15.89,Low,1,16.17,0.4,15.89,-85.522,58.911,-96.64764404,149.6153260613614,target-only,1.0,25,1,0,6.5892996372947605,1.7702188725174166,1.3534116246233658,0.0635770727319719,0.0583983735859797,1,1
experiment_results1.csv,perturbation_run,perturbation_gap,1,2026-04-21T21:09:20+08:00,20260421_210920_858501,controlled_perturbation_study,CTChest,perspective,tp_-85.52_58.91_-96.65,Mid,2,CTChest__perspective__tp_-85.52_58.91_-96.65__shot2_16.17__shot3m3m1_0.40__shot3m3m2_15.89,Low,1,16.17,0.4,15.89,-85.522,58.911,-96.64764404,149.6153260613614,target-only,1.0,26,1,0,3.1535795290228417,2.030768812412263,0.6939478607953454,0.0635770727319719,0.0583983735859797,1,1
experiment_results1.csv,perturbation_run,perturbation_gap,1,2026-04-21T21:09:21+08:00,20260421_210921_321990,controlled_perturbation_study,CTChest,perspective,tp_-85.52_58.91_-96.65,Mid,2,CTChest__perspective__tp_-85.52_58.91_-96.65__shot2_16.17__shot3m3m1_0.40__shot3m3m2_15.89,Low,1,16.17,0.4,15.89,-85.522,58.911,-96.64764404,149.6153260613614,target-only,1.0,27,1,0,1.229046015334167,1.512326539315642,1.0451565042306077,0.0635770727319719,0.0583983735859797,1,1
experiment_results1.csv,perturbation_run,perturbation_gap,1,2026-04-21T21:09:21+08:00,20260421_210921_858660,controlled_perturbation_study,CTChest,perspective,tp_-85.52_58.91_-96.65,Mid,2,CTChest__perspective__tp_-85.52_58.91_-96.65__shot2_16.17__shot3m3m1_0.40__shot3m3m2_15.89,Low,1,16.17,0.4,15.89,-85.522,58.911,-96.64764404,149.6153260613614,target-only,1.0,28,1,0,8.18247057890916,1.6487914150172738,0.2026017172306393,0.0635770727319719,0.0583983735859797,1,1
experiment_results1.csv,perturbation_run,perturbation_gap,1,2026-04-21T21:09:22+08:00,20260421_210922_328628,controlled_perturbation_study,CTChest,perspective,tp_-85.52_58.91_-96.65,Mid,2,CTChest__perspective__tp_-85.52_58.91_-96.65__shot2_16.17__shot3m3m1_0.40__shot3m3m2_15.89,Low,1,16.17,0.4,15.89,-85.522,58.911,-96.64764404,149.6153260613614,target-only,1.0,29,1,0,14.543580207537683,3.707008994701748,0.408771254536841,0.0635770727319719,0.0583983735859797,1,1
experiment_results1.csv,perturbation_run,perturbation_gap,1,2026-04-21T21:09:22+08:00,20260421_210922_854926,controlled_perturbation_study,CTChest,perspective,tp_-85.52_58.91_-96.65,Mid,2,CTChest__perspective__tp_-85.52_58.91_-96.65__shot2_16.17__shot3m3m1_0.40__shot3m3m2_15.89,Low,1,16.17,0.4,15.89,-85.522,58.911,-96.64764404,149.6153260613614,target-only,1.0,30,1,0,3.5228684186551624,0.5703599253529427,0.6276569799115201,0.0635770727319719,0.0583983735859797,1,1
experiment_results1.csv,perturbation_run,perturbation_gap,1,2026-04-21T21:09:23+08:00,20260421_210923_259952,controlled_perturbation_study,CTChest,perspective,tp_-85.52_58.91_-96.65,Mid,2,CTChest__perspective__tp_-85.52_58.91_-96.65__shot2_16.17__shot3m3m1_0.40__shot3m3m2_15.89,Low,1,16.17,0.4,15.89,-85.522,58.911,-96.64764404,149.6153260613614,target-only,1.0,31,1,0,0.5075829933807104,0.3353857060032151,0.3187090434433097,0.0635770727319719,0.0583983735859797,1,1
experiment_results1.csv,perturbation_run,perturbation_gap,1,2026-04-21T21:09:23+08:00,20260421_210923_784835,controlled_perturbation_study,CTChest,perspective,tp_-85.52_58.91_-96.65,Mid,2,CTChest__perspective__tp_-85.52_58.91_-96.65__shot2_16.17__shot3m3m1_0.40__shot3m3m2_15.89,Low,1,16.17,0.4,15.89,-85.522,58.911,-96.64764404,149.6153260613614,target-only,1.0,32,1,0,1.3232070428425111,1.4415043705187789,1.1310291026113286,0.0635770727319719,0.0583983735859797,1,1
experiment_results1.csv,perturbation_run,perturbation_gap,1,2026-04-21T21:09:24+08:00,20260421_210924_249797,controlled_perturbation_study,CTChest,perspective,tp_-85.52_58.91_-96.65,Mid,2,CTChest__perspective__tp_-85.52_58.91_-96.65__shot2_16.17__shot3m3m1_0.40__shot3m3m2_15.89,Low,1,16.17,0.4,15.89,-85.522,58.911,-96.64764404,149.6153260613614,target-only,1.0,33,1,0,4.651408841497436,1.3695975057303236,1.8125500021114616,0.0635770727319719,0.0583983735859797,1,1
experiment_results1.csv,perturbation_run,perturbation_gap,1,2026-04-21T21:09:24+08:00,20260421_210924_726203,controlled_perturbation_study,CTChest,perspective,tp_-85.52_58.91_-96.65,Mid,2,CTChest__perspective__tp_-85.52_58.91_-96.65__shot2_16.17__shot3m3m1_0.40__shot3m3m2_15.89,Low,1,16.17,0.4,15.89,-85.522,58.911,-96.64764404,149.6153260613614,target-only,1.0,34,1,0,0.6576585029888562,1.0105531948915143,1.2320855696407045,0.0635770727319719,0.0583983735859797,1,1
experiment_results1.csv,perturbation_run,perturbation_gap,1,2026-04-21T21:09:25+08:00,20260421_210925_217355,controlled_perturbation_study,CTChest,perspective,tp_-85.52_58.91_-96.65,Mid,2,CTChest__perspective__tp_-85.52_58.91_-96.65__shot2_16.17__shot3m3m1_0.40__shot3m3m2_15.89,Low,1,16.17,0.4,15.89,-85.522,58.911,-96.64764404,149.6153260613614,target-only,1.0,35,1,0,12.93077308282213,3.437605640599019,1.1194522372871187,0.0635770727319719,0.0583983735859797,1,1
experiment_results1.csv,perturbation_run,perturbation_gap,1,2026-04-21T21:09:25+08:00,20260421_210925_766310,controlled_perturbation_study,CTChest,perspective,tp_-85.52_58.91_-96.65,Mid,2,CTChest__perspective__tp_-85.52_58.91_-96.65__shot2_16.17__shot3m3m1_0.40__shot3m3m2_15.89,Low,1,16.17,0.4,15.89,-85.522,58.911,-96.64764404,149.6153260613614,target-only,1.0,36,1,0,4.6353687223231965,0.9332406199594366,0.8806002734346513,0.0635770727319719,0.0583983735859797,1,1
experiment_results1.csv,perturbation_run,perturbation_gap,1,2026-04-21T21:09:26+08:00,20260421_210926_255729,controlled_perturbation_study,CTChest,perspective,tp_-85.52_58.91_-96.65,Mid,2,CTChest__perspective__tp_-85.52_58.91_-96.65__shot2_16.17__shot3m3m1_0.40__shot3m3m2_15.89,Low,1,16.17,0.4,15.89,-85.522,58.911,-96.64764404,149.6153260613614,target-only,1.0,37,1,0,23.67124481804744,5.364884131741056,1.4145931287702214,0.0635770727319719,0.0583983735859797,1,1
experiment_results1.csv,perturbation_run,perturbation_gap,1,2026-04-21T21:09:26+08:00,20260421_210926_672828,controlled_perturbation_study,CTChest,perspective,tp_-85.52_58.91_-96.65,Mid,2,CTChest__perspective__tp_-85.52_58.91_-96.65__shot2_16.17__shot3m3m1_0.40__shot3m3m2_15.89,Low,1,16.17,0.4,15.89,-85.522,58.911,-96.64764404,149.6153260613614,target-only,1.0,38,1,0,17.978626348970373,3.298806093395749,0.9772916675080162,0.0635770727319719,0.0583983735859797,1,1
experiment_results1.csv,perturbation_run,perturbation_gap,1,2026-04-21T21:09:27+08:00,20260421_210927_059902,controlled_perturbation_study,CTChest,perspective,tp_-85.52_58.91_-96.65,Mid,2,CTChest__perspective__tp_-85.52_58.91_-96.65__shot2_16.17__shot3m3m1_0.40__shot3m3m2_15.89,Low,1,16.17,0.4,15.89,-85.522,58.911,-96.64764404,149.6153260613614,target-only,1.0,39,1,0,3.0266878722336137,0.6334214622979034,0.0894271592843821,0.0635770727319719,0.0583983735859797,1,1
experiment_results1.csv,perturbation_run,perturbation_gap,1,2026-04-21T21:09:27+08:00,20260421_210927_436806,controlled_perturbation_study,CTChest,perspective,tp_-85.52_58.91_-96.65,Mid,2,CTChest__perspective__tp_-85.52_58.91_-96.65__shot2_16.17__shot3m3m1_0.40__shot3m3m2_15.89,Low,1,16.17,0.4,15.89,-85.522,58.911,-96.64764404,149.6153260613614,target-only,1.0,40,1,0,13.08941086740334,4.657342186312493,1.1895514475139717,0.0635770727319719,0.0583983735859797,1,1
experiment_results1.csv,perturbation_run,perturbation_gap,1,2026-04-21T21:09:27+08:00,20260421_210927_809962,controlled_perturbation_study,CTChest,perspective,tp_-85.52_58.91_-96.65,Mid,2,CTChest__perspective__tp_-85.52_58.91_-96.65__shot2_16.17__shot3m3m1_0.40__shot3m3m2_15.89,Low,1,16.17,0.4,15.89,-85.522,58.911,-96.64764404,149.6153260613614,target-only,1.0,41,1,0,14.687037410021311,3.3269833368914563,1.1868445725772492,0.0635770727319719,0.0583983735859797,1,1
experiment_results1.csv,perturbation_run,perturbation_gap,1,2026-04-21T21:09:28+08:00,20260421_210928_201718,controlled_perturbation_study,CTChest,perspective,tp_-85.52_58.91_-96.65,Mid,2,CTChest__perspective__tp_-85.52_58.91_-96.65__shot2_16.17__shot3m3m1_0.40__shot3m3m2_15.89,Low,1,16.17,0.4,15.89,-85.522,58.911,-96.64764404,149.6153260613614,target-only,1.0,42,1,0,4.679597963145868,1.018738906663361,0.7319258727225162,0.0635770727319719,0.0583983735859797,1,1
experiment_results1.csv,perturbation_run,perturbation_gap,1,2026-04-21T21:09:28+08:00,20260421_210928_593813,controlled_perturbation_study,CTChest,perspective,tp_-85.52_58.91_-96.65,Mid,2,CTChest__perspective__tp_-85.52_58.91_-96.65__shot2_16.17__shot3m3m1_0.40__shot3m3m2_15.89,Low,1,16.17,0.4,15.89,-85.522,58.911,-96.64764404,149.6153260613614,target-only,1.0,43,1,0,6.048262995751741,1.8907557508361617,0.5269660584734209,0.0635770727319719,0.0583983735859797,1,1
experiment_results1.csv,perturbation_run,perturbation_gap,1,2026-04-21T21:09:28+08:00,20260421_210928_991408,controlled_perturbation_study,CTChest,perspective,tp_-85.52_58.91_-96.65,Mid,2,CTChest__perspective__tp_-85.52_58.91_-96.65__shot2_16.17__shot3m3m1_0.40__shot3m3m2_15.89,Low,1,16.17,0.4,15.89,-85.522,58.911,-96.64764404,149.6153260613614,target-only,1.0,44,1,0,7.540123533244177,2.034597707778586,0.0742748534803669,0.0635770727319719,0.0583983735859797,1,1
experiment_results1.csv,perturbation_run,perturbation_gap,1,2026-04-21T21:09:29+08:00,20260421_210929_410070,controlled_perturbation_study,CTChest,perspective,tp_-85.52_58.91_-96.65,Mid,2,CTChest__perspective__tp_-85.52_58.91_-96.65__shot2_16.17__shot3m3m1_0.40__shot3m3m2_15.89,Low,1,16.17,0.4,15.89,-85.522,58.911,-96.64764404,149.6153260613614,target-only,1.0,45,1,0,13.785300216298497,3.674552672080557,0.2000826712182238,0.0635770727319719,0.0583983735859797,1,1
experiment_results1.csv,perturbation_run,perturbation_gap,1,2026-04-21T21:09:29+08:00,20260421_210929_839194,controlled_perturbation_study,CTChest,perspective,tp_-85.52_58.91_-96.65,Mid,2,CTChest__perspective__tp_-85.52_58.91_-96.65__shot2_16.17__shot3m3m1_0.40__shot3m3m2_15.89,Low,1,16.17,0.4,15.89,-85.522,58.911,-96.64764404,149.6153260613614,target-only,1.0,46,1,0,5.55647134329746,2.0690644786705112,0.6793478451039977,0.0635770727319719,0.0583983735859797,1,1
experiment_results1.csv,perturbation_run,perturbation_gap,1,2026-04-21T21:09:30+08:00,20260421_210930_281212,controlled_perturbation_study,CTChest,perspective,tp_-85.52_58.91_-96.65,Mid,2,CTChest__perspective__tp_-85.52_58.91_-96.65__shot2_16.17__shot3m3m1_0.40__shot3m3m2_15.89,Low,1,16.17,0.4,15.89,-85.522,58.911,-96.64764404,149.6153260613614,target-only,1.0,47,1,0,7.075477147966106,2.432034237151248,0.96368329979997,0.0635770727319719,0.0583983735859797,1,1
experiment_results1.csv,perturbation_run,perturbation_gap,1,2026-04-21T21:09:30+08:00,20260421_210930_727411,controlled_perturbation_study,CTChest,perspective,tp_-85.52_58.91_-96.65,Mid,2,CTChest__perspective__tp_-85.52_58.91_-96.65__shot2_16.17__shot3m3m1_0.40__shot3m3m2_15.89,Low,1,16.17,0.4,15.89,-85.522,58.911,-96.64764404,149.6153260613614,target-only,1.0,48,1,0,17.67784613248959,3.4692904074555915,0.1307429434174633,0.0635770727319719,0.0583983735859797,1,1
experiment_results1.csv,perturbation_run,perturbation_gap,1,2026-04-21T21:09:31+08:00,20260421_210931_192249,controlled_perturbation_study,CTChest,perspective,tp_-85.52_58.91_-96.65,Mid,2,CTChest__perspective__tp_-85.52_58.91_-96.65__shot2_16.17__shot3m3m1_0.40__shot3m3m2_15.89,Low,1,16.17,0.4,15.89,-85.522,58.911,-96.64764404,149.6153260613614,target-only,1.0,49,1,0,1.922940494483969,1.420166376943999,1.5499250288971205,0.0635770727319719,0.0583983735859797,1,1
experiment_results1.csv,perturbation_run,perturbation_gap,1,2026-04-21T21:09:31+08:00,20260421_210931_678997,controlled_perturbation_study,CTChest,perspective,tp_-85.52_58.91_-96.65,Mid,2,CTChest__perspective__tp_-85.52_58.91_-96.65__shot2_16.17__shot3m3m1_0.40__shot3m3m2_15.89,Low,1,16.17,0.4,15.89,-85.522,58.911,-96.64764404,149.6153260613614,target-only,1.0,50,1,0,1.2382088213673743,1.848374534833572,0.1174074287081284,0.0635770727319719,0.0583983735859797,1,1
experiment_results1.csv,perturbation_run,perturbation_gap,1,2026-04-21T21:09:37+08:00,20260421_210937_053016,controlled_perturbation_study,CTChest,perspective,tp_-85.52_58.91_-96.65,Mid,2,CTChest__perspective__tp_-85.52_58.91_-96.65__shot2_16.17__shot3m3m1_0.40__shot3m3m2_15.89,Low,1,16.17,0.4,15.89,-85.522,58.911,-96.64764404,149.6153260613614,target-only,2.0,1,1,0,25.06724363818506,5.701484474675034,0.5493079606203061,0.0635770727319719,0.0583983735859797,1,1
experiment_results1.csv,perturbation_run,perturbation_gap,1,2026-04-21T21:09:37+08:00,20260421_210937_447473,controlled_perturbation_study,CTChest,perspective,tp_-85.52_58.91_-96.65,Mid,2,CTChest__perspective__tp_-85.52_58.91_-96.65__shot2_16.17__shot3m3m1_0.40__shot3m3m2_15.89,Low,1,16.17,0.4,15.89,-85.522,58.911,-96.64764404,149.6153260613614,target-only,2.0,2,1,0,39.34767575710268,7.6177475648578845,1.1723601208401997,0.0635770727319719,0.0583983735859797,1,1
experiment_results1.csv,perturbation_run,perturbation_gap,1,2026-04-21T21:09:37+08:00,20260421_210937_825519,controlled_perturbation_study,CTChest,perspective,tp_-85.52_58.91_-96.65,Mid,2,CTChest__perspective__tp_-85.52_58.91_-96.65__shot2_16.17__shot3m3m1_0.40__shot3m3m2_15.89,Low,1,16.17,0.4,15.89,-85.522,58.911,-96.64764404,149.6153260613614,target-only,2.0,3,1,0,29.37274294196959,6.885479237118579,3.86448118655852,0.0635770727319719,0.0583983735859797,1,1
experiment_results1.csv,perturbation_run,perturbation_gap,1,2026-04-21T21:09:38+08:00,20260421_210938_204308,controlled_perturbation_study,CTChest,perspective,tp_-85.52_58.91_-96.65,Mid,2,CTChest__perspective__tp_-85.52_58.91_-96.65__shot2_16.17__shot3m3m1_0.40__shot3m3m2_15.89,Low,1,16.17,0.4,15.89,-85.522,58.911,-96.64764404,149.6153260613614,target-only,2.0,4,1,0,3.1084988977169505,0.8236439626867164,0.3488912222955885,0.0635770727319719,0.0583983735859797,1,1
experiment_results1.csv,perturbation_run,perturbation_gap,1,2026-04-21T21:09:38+08:00,20260421_210938_597473,controlled_perturbation_study,CTChest,perspective,tp_-85.52_58.91_-96.65,Mid,2,CTChest__perspective__tp_-85.52_58.91_-96.65__shot2_16.17__shot3m3m1_0.40__shot3m3m2_15.89,Low,1,16.17,0.4,15.89,-85.522,58.911,-96.64764404,149.6153260613614,target-only,2.0,5,1,0,29.98266726012434,7.863689429077332,0.7604692087684944,0.0635770727319719,0.0583983735859797,1,1
experiment_results1.csv,perturbation_run,perturbation_gap,1,2026-04-21T21:09:38+08:00,20260421_210938_972690,controlled_perturbation_study,CTChest,perspective,tp_-85.52_58.91_-96.65,Mid,2,CTChest__perspective__tp_-85.52_58.91_-96.65__shot2_16.17__shot3m3m1_0.40__shot3m3m2_15.89,Low,1,16.17,0.4,15.89,-85.522,58.911,-96.64764404,149.6153260613614,target-only,2.0,6,1,0,9.151263457543047,0.3917636186708058,0.4712916756011708,0.0635770727319719,0.0583983735859797,1,1
experiment_results1.csv,perturbation_run,perturbation_gap,1,2026-04-21T21:09:39+08:00,20260421_210939_357860,controlled_perturbation_study,CTChest,perspective,tp_-85.52_58.91_-96.65,Mid,2,CTChest__perspective__tp_-85.52_58.91_-96.65__shot2_16.17__shot3m3m1_0.40__shot3m3m2_15.89,Low,1,16.17,0.4,15.89,-85.522,58.911,-96.64764404,149.6153260613614,target-only,2.0,7,1,0,3.398336465121256,0.3672469330326465,1.085398110962147,0.0635770727319719,0.0583983735859797,1,1
experiment_results1.csv,perturbation_run,perturbation_gap,1,2026-04-21T21:09:39+08:00,20260421_210939_742089,controlled_perturbation_study,CTChest,perspective,tp_-85.52_58.91_-96.65,Mid,2,CTChest__perspective__tp_-85.52_58.91_-96.65__shot2_16.17__shot3m3m1_0.40__shot3m3m2_15.89,Low,1,16.17,0.4,15.89,-85.522,58.911,-96.64764404,149.6153260613614,target-only,2.0,8,1,0,18.24495160403208,5.264127766208703,0.3366383603052972,0.0635770727319719,0.0583983735859797,1,1
experiment_results1.csv,perturbation_run,perturbation_gap,1,2026-04-21T21:09:40+08:00,20260421_210940_126652,controlled_perturbation_study,CTChest,perspective,tp_-85.52_58.91_-96.65,Mid,2,CTChest__perspective__tp_-85.52_58.91_-96.65__shot2_16.17__shot3m3m1_0.40__shot3m3m2_15.89,Low,1,16.17,0.4,15.89,-85.522,58.911,-96.64764404,149.6153260613614,target-only,2.0,9,1,0,2.372527813604223,3.11931154810187,0.5885883685161847,0.0635770727319719,0.0583983735859797,1,1
experiment_results1.csv,perturbation_run,perturbation_gap,1,2026-04-21T21:09:40+08:00,20260421_210940_524419,controlled_perturbation_study,CTChest,perspective,tp_-85.52_58.91_-96.65,Mid,2,CTChest__perspective__tp_-85.52_58.91_-96.65__shot2_16.17__shot3m3m1_0.40__shot3m3m2_15.89,Low,1,16.17,0.4,15.89,-85.522,58.911,-96.64764404,149.6153260613614,target-only,2.0,10,1,0,27.139655129015253,5.897688296943936,0.884502064372352,0.0635770727319719,0.0583983735859797,1,1
experiment_results1.csv,perturbation_run,perturbation_gap,1,2026-04-21T21:09:40+08:00,20260421_210940_939297,controlled_perturbation_study,CTChest,perspective,tp_-85.52_58.91_-96.65,Mid,2,CTChest__perspective__tp_-85.52_58.91_-96.65__shot2_16.17__shot3m3m1_0.40__shot3m3m2_15.89,Low,1,16.17,0.4,15.89,-85.522,58.911,-96.64764404,149.6153260613614,target-only,2.0,11,1,0,33.49450301147216,11.66538872167541,0.47084178552748,0.0635770727319719,0.0583983735859797,1,1
experiment_results1.csv,perturbation_run,perturbation_gap,1,2026-04-21T21:09:41+08:00,20260421_210941_317000,controlled_perturbation_study,CTChest,perspective,tp_-85.52_58.91_-96.65,Mid,2,CTChest__perspective__tp_-85.52_58.91_-96.65__shot2_16.17__shot3m3m1_0.40__shot3m3m2_15.89,Low,1,16.17,0.4,15.89,-85.522,58.911,-96.64764404,149.6153260613614,target-only,2.0,12,1,0,41.488840164078034,11.81205668232306,0.5184451748033579,0.0635770727319719,0.0583983735859797,1,1
experiment_results1.csv,perturbation_run,perturbation_gap,1,2026-04-21T21:09:41+08:00,20260421_210941_739082,controlled_perturbation_study,CTChest,perspective,tp_-85.52_58.91_-96.65,Mid,2,CTChest__perspective__tp_-85.52_58.91_-96.65__shot2_16.17__shot3m3m1_0.40__shot3m3m2_15.89,Low,1,16.17,0.4,15.89,-85.522,58.911,-96.64764404,149.6153260613614,target-only,2.0,13,1,0,7.407874508415642,2.6972601942217254,1.801728838034693,0.0635770727319719,0.0583983735859797,1,1
experiment_results1.csv,perturbation_run,perturbation_gap,1,2026-04-21T21:09:42+08:00,20260421_210942_171846,controlled_perturbation_study,CTChest,perspective,tp_-85.52_58.91_-96.65,Mid,2,CTChest__perspective__tp_-85.52_58.91_-96.65__shot2_16.17__shot3m3m1_0.40__shot3m3m2_15.89,Low,1,16.17,0.4,15.89,-85.522,58.911,-96.64764404,149.6153260613614,target-only,2.0,14,1,0,5.53795832394412,2.6903929373079145,0.4496674935551258,0.0635770727319719,0.0583983735859797,1,1
experiment_results1.csv,perturbation_run,perturbation_gap,1,2026-04-21T21:09:42+08:00,20260421_210942_621078,controlled_perturbation_study,CTChest,perspective,tp_-85.52_58.91_-96.65,Mid,2,CTChest__perspective__tp_-85.52_58.91_-96.65__shot2_16.17__shot3m3m1_0.40__shot3m3m2_15.89,Low,1,16.17,0.4,15.89,-85.522,58.911,-96.64764404,149.6153260613614,target-only,2.0,15,1,0,11.296935902098982,1.653495038265642,1.2933311012670936,0.0635770727319719,0.0583983735859797,1,1
experiment_results1.csv,perturbation_run,perturbation_gap,1,2026-04-21T21:09:43+08:00,20260421_210943_022224,controlled_perturbation_study,CTChest,perspective,tp_-85.52_58.91_-96.65,Mid,2,CTChest__perspective__tp_-85.52_58.91_-96.65__shot2_16.17__shot3m3m1_0.40__shot3m3m2_15.89,Low,1,16.17,0.4,15.89,-85.522,58.911,-96.64764404,149.6153260613614,target-only,2.0,16,1,0,10.945541364391442,3.580547466205631,0.9458206115279898,0.0635770727319719,0.0583983735859797,1,1
experiment_results1.csv,perturbation_run,perturbation_gap,1,2026-04-21T21:09:43+08:00,20260421_210943_430103,controlled_perturbation_study,CTChest,perspective,tp_-85.52_58.91_-96.65,Mid,2,CTChest__perspective__tp_-85.52_58.91_-96.65__shot2_16.17__shot3m3m1_0.40__shot3m3m2_15.89,Low,1,16.17,0.4,15.89,-85.522,58.911,-96.64764404,149.6153260613614,target-only,2.0,17,1,0,5.388646374826276,1.192604813908008,2.099630796588742,0.0635770727319719,0.0583983735859797,1,1
experiment_results1.csv,perturbation_run,perturbation_gap,1,2026-04-21T21:09:43+08:00,20260421_210943_795406,controlled_perturbation_study,CTChest,perspective,tp_-85.52_58.91_-96.65,Mid,2,CTChest__perspective__tp_-85.52_58.91_-96.65__shot2_16.17__shot3m3m1_0.40__shot3m3m2_15.89,Low,1,16.17,0.4,15.89,-85.522,58.911,-96.64764404,149.6153260613614,target-only,2.0,18,1,0,19.57527328884599,3.961579213814217,0.2968882919535202,0.0635770727319719,0.0583983735859797,1,1
experiment_results1.csv,perturbation_run,perturbation_gap,1,2026-04-21T21:09:44+08:00,20260421_210944_202360,controlled_perturbation_study,CTChest,perspective,tp_-85.52_58.91_-96.65,Mid,2,CTChest__perspective__tp_-85.52_58.91_-96.65__shot2_16.17__shot3m3m1_0.40__shot3m3m2_15.89,Low,1,16.17,0.4,15.89,-85.522,58.911,-96.64764404,149.6153260613614,target-only,2.0,19,1,0,13.92892320433681,3.6699287570493833,0.3630210498766722,0.0635770727319719,0.0583983735859797,1,1
experiment_results1.csv,perturbation_run,perturbation_gap,1,2026-04-21T21:09:44+08:00,20260421_210944_533860,controlled_perturbation_study,CTChest,perspective,tp_-85.52_58.91_-96.65,Mid,2,CTChest__perspective__tp_-85.52_58.91_-96.65__shot2_16.17__shot3m3m1_0.40__shot3m3m2_15.89,Low,1,16.17,0.4,15.89,-85.522,58.911,-96.64764404,149.6153260613614,target-only,2.0,20,1,0,10.501930609814323,2.036888585468988,1.3104230854022734,0.0635770727319719,0.0583983735859797,1,1
experiment_results1.csv,perturbation_run,perturbation_gap,1,2026-04-21T21:09:44+08:00,20260421_210944_897448,controlled_perturbation_study,CTChest,perspective,tp_-85.52_58.91_-96.65,Mid,2,CTChest__perspective__tp_-85.52_58.91_-96.65__shot2_16.17__shot3m3m1_0.40__shot3m3m2_15.89,Low,1,16.17,0.4,15.89,-85.522,58.911,-96.64764404,149.6153260613614,target-only,2.0,21,1,0,22.35872390420455,6.959089122220969,0.8564436146410526,0.0635770727319719,0.0583983735859797,1,1
experiment_results1.csv,perturbation_run,perturbation_gap,1,2026-04-21T21:09:45+08:00,20260421_210945_204775,controlled_perturbation_study,CTChest,perspective,tp_-85.52_58.91_-96.65,Mid,2,CTChest__perspective__tp_-85.52_58.91_-96.65__shot2_16.17__shot3m3m1_0.40__shot3m3m2_15.89,Low,1,16.17,0.4,15.89,-85.522,58.911,-96.64764404,149.6153260613614,target-only,2.0,22,1,0,15.037183317814591,3.796231341633419,3.357131292561529,0.0635770727319719,0.0583983735859797,1,1
experiment_results1.csv,perturbation_run,perturbation_gap,1,2026-04-21T21:09:45+08:00,20260421_210945_571664,controlled_perturbation_study,CTChest,perspective,tp_-85.52_58.91_-96.65,Mid,2,CTChest__perspective__tp_-85.52_58.91_-96.65__shot2_16.17__shot3m3m1_0.40__shot3m3m2_15.89,Low,1,16.17,0.4,15.89,-85.522,58.911,-96.64764404,149.6153260613614,target-only,2.0,23,1,0,17.695790007768466,4.875061072745885,2.873300125005388,0.0635770727319719,0.0583983735859797,1,1
experiment_results1.csv,perturbation_run,perturbation_gap,1,2026-04-21T21:09:45+08:00,20260421_210945_943109,controlled_perturbation_study,CTChest,perspective,tp_-85.52_58.91_-96.65,Mid,2,CTChest__perspective__tp_-85.52_58.91_-96.65__shot2_16.17__shot3m3m1_0.40__shot3m3m2_15.89,Low,1,16.17,0.4,15.89,-85.522,58.911,-96.64764404,149.6153260613614,target-only,2.0,24,1,0,1.0556498977896838,0.8619957214903121,1.8845427573476192,0.0635770727319719,0.0583983735859797,1,1
experiment_results1.csv,perturbation_run,perturbation_gap,1,2026-04-21T21:09:46+08:00,20260421_210946_352546,controlled_perturbation_study,CTChest,perspective,tp_-85.52_58.91_-96.65,Mid,2,CTChest__perspective__tp_-85.52_58.91_-96.65__shot2_16.17__shot3m3m1_0.40__shot3m3m2_15.89,Low,1,16.17,0.4,15.89,-85.522,58.911,-96.64764404,149.6153260613614,target-only,2.0,25,1,0,10.727695206825192,2.9602907581761206,0.1653358316812996,0.0635770727319719,0.0583983735859797,1,1
experiment_results1.csv,perturbation_run,perturbation_gap,1,2026-04-21T21:09:46+08:00,20260421_210946_729560,controlled_perturbation_study,CTChest,perspective,tp_-85.52_58.91_-96.65,Mid,2,CTChest__perspective__tp_-85.52_58.91_-96.65__shot2_16.17__shot3m3m1_0.40__shot3m3m2_15.89,Low,1,16.17,0.4,15.89,-85.522,58.911,-96.64764404,149.6153260613614,target-only,2.0,26,1,0,18.711340342946126,4.825395810696805,1.6781844225101388,0.0635770727319719,0.0583983735859797,1,1
experiment_results1.csv,perturbation_run,perturbation_gap,1,2026-04-21T21:09:47+08:00,20260421_210947_075418,controlled_perturbation_study,CTChest,perspective,tp_-85.52_58.91_-96.65,Mid,2,CTChest__perspective__tp_-85.52_58.91_-96.65__shot2_16.17__shot3m3m1_0.40__shot3m3m2_15.89,Low,1,16.17,0.4,15.89,-85.522,58.911,-96.64764404,149.6153260613614,target-only,2.0,27,1,0,5.591409820655744,3.527107357930201,1.0262971408874375,0.0635770727319719,0.0583983735859797,1,1
experiment_results1.csv,perturbation_run,perturbation_gap,1,2026-04-21T21:09:47+08:00,20260421_210947_475421,controlled_perturbation_study,CTChest,perspective,tp_-85.52_58.91_-96.65,Mid,2,CTChest__perspective__tp_-85.52_58.91_-96.65__shot2_16.17__shot3m3m1_0.40__shot3m3m2_15.89,Low,1,16.17,0.4,15.89,-85.522,58.911,-96.64764404,149.6153260613614,target-only,2.0,28,1,0,17.214248149322028,3.897245885744841,2.089337791568995,0.0635770727319719,0.0583983735859797,1,1
experiment_results1.csv,perturbation_run,perturbation_gap,1,2026-04-21T21:09:47+08:00,20260421_210947_902248,controlled_perturbation_study,CTChest,perspective,tp_-85.52_58.91_-96.65,Mid,2,CTChest__perspective__tp_-85.52_58.91_-96.65__shot2_16.17__shot3m3m1_0.40__shot3m3m2_15.89,Low,1,16.17,0.4,15.89,-85.522,58.911,-96.64764404,149.6153260613614,target-only,2.0,29,1,0,28.532960650736825,8.781785914872314,0.7715635625320203,0.0635770727319719,0.0583983735859797,1,1
experiment_results1.csv,perturbation_run,perturbation_gap,1,2026-04-21T21:09:48+08:00,20260421_210948_315900,controlled_perturbation_study,CTChest,perspective,tp_-85.52_58.91_-96.65,Mid,2,CTChest__perspective__tp_-85.52_58.91_-96.65__shot2_16.17__shot3m3m1_0.40__shot3m3m2_15.89,Low,1,16.17,0.4,15.89,-85.522,58.911,-96.64764404,149.6153260613614,target-only,2.0,30,1,0,7.900550748649078,2.971699866707832,2.233307863501255,0.0635770727319719,0.0583983735859797,1,1
experiment_results1.csv,perturbation_run,perturbation_gap,1,2026-04-21T21:09:48+08:00,20260421_210948_708895,controlled_perturbation_study,CTChest,perspective,tp_-85.52_58.91_-96.65,Mid,2,CTChest__perspective__tp_-85.52_58.91_-96.65__shot2_16.17__shot3m3m1_0.40__shot3m3m2_15.89,Low,1,16.17,0.4,15.89,-85.522,58.911,-96.64764404,149.6153260613614,target-only,2.0,31,1,0,11.033798892479506,3.032351435789885,0.3848656751402517,0.0635770727319719,0.0583983735859797,1,1
experiment_results1.csv,perturbation_run,perturbation_gap,1,2026-04-21T21:09:49+08:00,20260421_210949_077481,controlled_perturbation_study,CTChest,perspective,tp_-85.52_58.91_-96.65,Mid,2,CTChest__perspective__tp_-85.52_58.91_-96.65__shot2_16.17__shot3m3m1_0.40__shot3m3m2_15.89,Low,1,16.17,0.4,15.89,-85.522,58.911,-96.64764404,149.6153260613614,target-only,2.0,32,1,0,36.96798418056948,10.416268815103392,1.2583576272661705,0.0635770727319719,0.0583983735859797,1,1
experiment_results1.csv,perturbation_run,perturbation_gap,1,2026-04-21T21:09:49+08:00,20260421_210949_870919,controlled_perturbation_study,CTChest,perspective,tp_-85.52_58.91_-96.65,Mid,2,CTChest__perspective__tp_-85.52_58.91_-96.65__shot2_16.17__shot3m3m1_0.40__shot3m3m2_15.89,Low,1,16.17,0.4,15.89,-85.522,58.911,-96.64764404,149.6153260613614,target-only,2.0,33,1,0,16.522748116701248,3.2700666320304,0.8406298689459039,0.0635770727319719,0.0583983735859797,1,1
experiment_results1.csv,perturbation_run,perturbation_gap,1,2026-04-21T21:09:50+08:00,20260421_210950_462598,controlled_perturbation_study,CTChest,perspective,tp_-85.52_58.91_-96.65,Mid,2,CTChest__perspective__tp_-85.52_58.91_-96.65__shot2_16.17__shot3m3m1_0.40__shot3m3m2_15.89,Low,1,16.17,0.4,15.89,-85.522,58.911,-96.64764404,149.6153260613614,target-only,2.0,34,1,0,18.62049118885769,4.119743991168093,0.6355487163533775,0.0635770727319719,0.0583983735859797,1,1
experiment_results1.csv,perturbation_run,perturbation_gap,1,2026-04-21T21:09:51+08:00,20260421_210951_051980,controlled_perturbation_study,CTChest,perspective,tp_-85.52_58.91_-96.65,Mid,2,CTChest__perspective__tp_-85.52_58.91_-96.65__shot2_16.17__shot3m3m1_0.40__shot3m3m2_15.89,Low,1,16.17,0.4,15.89,-85.522,58.911,-96.64764404,149.6153260613614,target-only,2.0,35,1,0,9.892295155134269,3.8309442576644575,0.5538281185299797,0.0635770727319719,0.0583983735859797,1,1
experiment_results1.csv,perturbation_run,perturbation_gap,1,2026-04-21T21:09:51+08:00,20260421_210951_578763,controlled_perturbation_study,CTChest,perspective,tp_-85.52_58.91_-96.65,Mid,2,CTChest__perspective__tp_-85.52_58.91_-96.65__shot2_16.17__shot3m3m1_0.40__shot3m3m2_15.89,Low,1,16.17,0.4,15.89,-85.522,58.911,-96.64764404,149.6153260613614,target-only,2.0,36,1,0,12.282465119762838,2.667458681069646,2.2657237951896487,0.0635770727319719,0.0583983735859797,1,1
experiment_results1.csv,perturbation_run,perturbation_gap,1,2026-04-21T21:09:51+08:00,20260421_210951_936160,controlled_perturbation_study,CTChest,perspective,tp_-85.52_58.91_-96.65,Mid,2,CTChest__perspective__tp_-85.52_58.91_-96.65__shot2_16.17__shot3m3m1_0.40__shot3m3m2_15.89,Low,1,16.17,0.4,15.89,-85.522,58.911,-96.64764404,149.6153260613614,target-only,2.0,37,1,0,25.89176261921073,8.331949803095904,0.27293249364088,0.0635770727319719,0.0583983735859797,1,1
experiment_results1.csv,perturbation_run,perturbation_gap,1,2026-04-21T21:09:52+08:00,20260421_210952_325809,controlled_perturbation_study,CTChest,perspective,tp_-85.52_58.91_-96.65,Mid,2,CTChest__perspective__tp_-85.52_58.91_-96.65__shot2_16.17__shot3m3m1_0.40__shot3m3m2_15.89,Low,1,16.17,0.4,15.89,-85.522,58.911,-96.64764404,149.6153260613614,target-only,2.0,38,1,0,21.657233570198784,3.785028233332944,0.6052530936523668,0.0635770727319719,0.0583983735859797,1,1
experiment_results1.csv,perturbation_run,perturbation_gap,1,2026-04-21T21:09:52+08:00,20260421_210952_705300,controlled_perturbation_study,CTChest,perspective,tp_-85.52_58.91_-96.65,Mid,2,CTChest__perspective__tp_-85.52_58.91_-96.65__shot2_16.17__shot3m3m1_0.40__shot3m3m2_15.89,Low,1,16.17,0.4,15.89,-85.522,58.911,-96.64764404,149.6153260613614,target-only,2.0,39,1,0,45.0467044530634,8.585792539234514,1.935017980130631,0.0635770727319719,0.0583983735859797,1,1
experiment_results1.csv,perturbation_run,perturbation_gap,1,2026-04-21T21:09:53+08:00,20260421_210953_096407,controlled_perturbation_study,CTChest,perspective,tp_-85.52_58.91_-96.65,Mid,2,CTChest__perspective__tp_-85.52_58.91_-96.65__shot2_16.17__shot3m3m1_0.40__shot3m3m2_15.89,Low,1,16.17,0.4,15.89,-85.522,58.911,-96.64764404,149.6153260613614,target-only,2.0,40,1,0,9.042887758171528,1.1582365195332802,2.584318510769296,0.0635770727319719,0.0583983735859797,1,1
experiment_results1.csv,perturbation_run,perturbation_gap,1,2026-04-21T21:09:53+08:00,20260421_210953_510636,controlled_perturbation_study,CTChest,perspective,tp_-85.52_58.91_-96.65,Mid,2,CTChest__perspective__tp_-85.52_58.91_-96.65__shot2_16.17__shot3m3m1_0.40__shot3m3m2_15.89,Low,1,16.17,0.4,15.89,-85.522,58.911,-96.64764404,149.6153260613614,target-only,2.0,41,1,0,5.328109538746202,2.5292484023014667,0.6029676600714783,0.0635770727319719,0.0583983735859797,1,1
experiment_results1.csv,perturbation_run,perturbation_gap,1,2026-04-21T21:09:53+08:00,20260421_210953_899443,controlled_perturbation_study,CTChest,perspective,tp_-85.52_58.91_-96.65,Mid,2,CTChest__perspective__tp_-85.52_58.91_-96.65__shot2_16.17__shot3m3m1_0.40__shot3m3m2_15.89,Low,1,16.17,0.4,15.89,-85.522,58.911,-96.64764404,149.6153260613614,target-only,2.0,42,1,0,22.41765396528915,9.203707955656942,1.7717130804412966,0.0635770727319719,0.0583983735859797,1,1
experiment_results1.csv,perturbation_run,perturbation_gap,1,2026-04-21T21:09:54+08:00,20260421_210954_294641,controlled_perturbation_study,CTChest,perspective,tp_-85.52_58.91_-96.65,Mid,2,CTChest__perspective__tp_-85.52_58.91_-96.65__shot2_16.17__shot3m3m1_0.40__shot3m3m2_15.89,Low,1,16.17,0.4,15.89,-85.522,58.911,-96.64764404,149.6153260613614,target-only,2.0,43,1,0,0.6201290534869824,1.0431587104802158,2.7383574900553147,0.0635770727319719,0.0583983735859797,1,1
experiment_results1.csv,perturbation_run,perturbation_gap,1,2026-04-21T21:09:54+08:00,20260421_210954_704700,controlled_perturbation_study,CTChest,perspective,tp_-85.52_58.91_-96.65,Mid,2,CTChest__perspective__tp_-85.52_58.91_-96.65__shot2_16.17__shot3m3m1_0.40__shot3m3m2_15.89,Low,1,16.17,0.4,15.89,-85.522,58.911,-96.64764404,149.6153260613614,target-only,2.0,44,1,0,7.48624895126384,3.32972377360656,0.7547171292571242,0.0635770727319719,0.0583983735859797,1,1
experiment_results1.csv,perturbation_run,perturbation_gap,1,2026-04-21T21:09:55+08:00,20260421_210955_104733,controlled_perturbation_study,CTChest,perspective,tp_-85.52_58.91_-96.65,Mid,2,CTChest__perspective__tp_-85.52_58.91_-96.65__shot2_16.17__shot3m3m1_0.40__shot3m3m2_15.89,Low,1,16.17,0.4,15.89,-85.522,58.911,-96.64764404,149.6153260613614,target-only,2.0,45,1,0,1.1831441047922393,2.153800276145374,0.1433556423989786,0.0635770727319719,0.0583983735859797,1,1
experiment_results1.csv,perturbation_run,perturbation_gap,1,2026-04-21T21:09:55+08:00,20260421_210955_512374,controlled_perturbation_study,CTChest,perspective,tp_-85.52_58.91_-96.65,Mid,2,CTChest__perspective__tp_-85.52_58.91_-96.65__shot2_16.17__shot3m3m1_0.40__shot3m3m2_15.89,Low,1,16.17,0.4,15.89,-85.522,58.911,-96.64764404,149.6153260613614,target-only,2.0,46,1,0,12.53704789982595,3.704824056767953,3.875531689940049,0.0635770727319719,0.0583983735859797,1,1
experiment_results1.csv,perturbation_run,perturbation_gap,1,2026-04-21T21:09:55+08:00,20260421_210955_903915,controlled_perturbation_study,CTChest,perspective,tp_-85.52_58.91_-96.65,Mid,2,CTChest__perspective__tp_-85.52_58.91_-96.65__shot2_16.17__shot3m3m1_0.40__shot3m3m2_15.89,Low,1,16.17,0.4,15.89,-85.522,58.911,-96.64764404,149.6153260613614,target-only,2.0,47,1,0,8.714082936138862,1.9945805522203583,1.7020957877171814,0.0635770727319719,0.0583983735859797,1,1
experiment_results1.csv,perturbation_run,perturbation_gap,1,2026-04-21T21:09:56+08:00,20260421_210956_285096,controlled_perturbation_study,CTChest,perspective,tp_-85.52_58.91_-96.65,Mid,2,CTChest__perspective__tp_-85.52_58.91_-96.65__shot2_16.17__shot3m3m1_0.40__shot3m3m2_15.89,Low,1,16.17,0.4,15.89,-85.522,58.911,-96.64764404,149.6153260613614,target-only,2.0,48,1,0,36.2295637290958,8.759868379133634,2.698394945369062,0.0635770727319719,0.0583983735859797,1,1
experiment_results1.csv,perturbation_run,perturbation_gap,1,2026-04-21T21:09:56+08:00,20260421_210956_697561,controlled_perturbation_study,CTChest,perspective,tp_-85.52_58.91_-96.65,Mid,2,CTChest__perspective__tp_-85.52_58.91_-96.65__shot2_16.17__shot3m3m1_0.40__shot3m3m2_15.89,Low,1,16.17,0.4,15.89,-85.522,58.911,-96.64764404,149.6153260613614,target-only,2.0,49,1,0,21.749209264333487,5.126317264295659,1.940383325553545,0.0635770727319719,0.0583983735859797,1,1
experiment_results1.csv,perturbation_run,perturbation_gap,1,2026-04-21T21:09:57+08:00,20260421_210957_165241,controlled_perturbation_study,CTChest,perspective,tp_-85.52_58.91_-96.65,Mid,2,CTChest__perspective__tp_-85.52_58.91_-96.65__shot2_16.17__shot3m3m1_0.40__shot3m3m2_15.89,Low,1,16.17,0.4,15.89,-85.522,58.911,-96.64764404,149.6153260613614,target-only,2.0,50,1,0,43.23906709920749,11.87997754741692,0.6488372248260518,0.0635770727319719,0.0583983735859797,1,1
